0: 83 -1
1: 90 -1
2: 83 98 99 100 -1
3: -1
4: -1
5: 118 -1
6: -1
7: -1
8: 161 83 162 -1
9: 163 166 167 168 -1
10: -1
11: 171 172 -1
12: -1
13: -1
14: -1
15: -1
16: 184 185 186 187 189 190 -1
17: 83 194 0 15 -1
18: 83 195 0 15 -1
19: 83 -1
20: 196 197 -1
21: 202 204 205 206 207 -1
22: 209 210 211 212 213 214 215 -1
23: -1
24: 216 -1
25: -1
26: 219 220 -1
27: 222 -1
28: 223 -1
29: -1
30: 230 231 232 233 235 236 238 4 -1
31: 223 -1
32: 281 -1
33: 163 -1
34: 283 83 -1
35: 285 286 -1
36: 287 -1
37: 290 -1
38: 291 -1
39: 150 -1
40: 293 295 -1
41: -1
42: 308 309 310 -1
43: 161 -1
44: 323 -1
45: -1
46: 331 337 341 345 352 -1
47: 358 359 -1
48: 360 361 362 363 171 172 -1
49: 364 83 366 -1
50: 216 -1
51: 370 -1
52: 374 375 376 377 378 -1
53: 383 384 -1
54: 385 386 387 388 389 390 391 392 393 394 -1
55: 395 396 397 151 23 -1
56: 385 386 387 388 390 389 391 399 393 394 -1
57: 25 400 -1
58: 401 -1
59: 407 408 -1
60: 409 -1
61: 414 -1
62: 427 -1
63: 429 430 431 432 433 434 435 436 437 438 439 440 441 442 443 444 445 446 447 177 448 449 450 451 452 453 454 455 456 457 458 459 460 461 462 463 464 465 466 467 0 468 469 470 471 472 473 474 475 476 -1
64: 518 519 520 -1
65: 32 10 531 471 532 533 360 534 -1
66: 537 -1
67: 545 547 548 550 551 -1
68: 597 -1
69: 600 601 -1
70: 606 607 608 609 610 611 612 613 614 615 616 617 618 619 620 621 622 623 624 625 626 627 628 -1
71: -1
72: 658 659 660 661 662 663 664 -1
73: 7 667 668 669 670 -1
74: 331 337 341 345 672 -1
75: -1
76: 675 676 677 -1
77: 221 222 -1
78: 679 680 -1
79: 427 681 -1
80: 687 688 689 690 -1
81: 714 715 716 717 719 -1
82: 723 724 725 726 727 728 729 730 731 732 733 734 735 736 737 738 176 740 -1
83: -1
84: 465 162 -1
85: 465 162 -1
86: 156 432 605 474 679 30 680 427 410 235 -1
87: 196 474 0 -1
88: 657 -1
89: 0 63 281 -1
90: -1
91: 90 -1
92: 90 -1
93: 1 -1
94: 1 -1
95: 1 -1
96: 1 -1
97: 538 155 -1
98: -1
99: -1
100: -1
101: 538 -1
102: 2 -1
103: 2 -1
104: -1
105: 155 2 97 -1
106: 442 -1
107: 2 104 -1
108: 538 2 -1
109: 547 546 3 45 120 280 548 484 155 -1
110: 547 546 3 45 280 548 484 155 -1
111: 4 231 230 -1
112: 235 236 238 4 231 230 -1
113: 5 336 679 278 4 30 -1
114: 278 30 4 69 -1
115: 278 30 4 -1
116: 410 30 278 4 -1
117: 546 276 120 30 4 -1
118: -1
119: 5 121 -1
120: 191 5 -1
121: 119 5 -1
122: 5 433 -1
123: 336 5 30 -1
124: 5 -1
125: 5 336 340 156 -1
126: 5 -1
127: 5 336 155 410 -1
128: 5 -1
129: 5 -1
130: 5 -1
131: 5 332 46 336 340 344 -1
132: 5 -1
133: 5 -1
134: 344 336 46 5 6 -1
135: 332 5 -1
136: 5 -1
137: 5 -1
138: 5 336 340 -1
139: 336 5 339 6 -1
140: 410 224 375 332 5 336 344 474 171 156 170 677 676 691 551 675 -1
141: 255 5 -1
142: 5 336 344 340 -1
143: 5 -1
144: 5 281 -1
145: 344 331 336 5 69 -1
146: 5 46 -1
147: 5 -1
148: 538 104 410 679 5 -1
149: 5 46 332 336 340 344 -1
150: -1
151: 83 98 99 100 -1
152: 99 -1
153: 99 -1
154: 99 -1
155: -1
156: -1
157: -1
158: 155 -1
159: 364 83 -1
160: 293 -1
161: -1
162: 538 -1
163: -1
164: 163 -1
165: 163 156 -1
166: 376 -1
167: 376 -1
168: -1
169: 163 -1
170: 163 -1
171: -1
172: -1
173: 171 155 -1
174: 63 652 12 410 217 157 691 30 224 547 -1
175: 82 739 -1
176: 82 739 -1
177: -1
178: 13 -1
179: 13 -1
180: -1
181: 183 340 -1
182: 14 -1
183: -1
184: -1
185: 364 83 -1
186: 187 -1
187: -1
188: -1
189: -1
190: -1
191: 161 -1
192: 548 547 546 -1
193: 183 552 -1
194: -1
195: -1
196: -1
197: -1
198: 20 -1
199: 20 -1
200: 20 -1
201: -1
202: -1
203: -1
204: -1
205: -1
206: 538 162 -1
207: 659 -1
208: 209 212 211 -1
209: -1
210: -1
211: 212 -1
212: -1
213: -1
214: -1
215: -1
216: -1
217: -1
218: -1
219: -1
220: -1
221: -1
222: -1
223: -1
224: -1
225: 29 -1
226: 29 -1
227: 29 -1
228: 230 231 232 233 235 236 238 4 -1
229: 230 -1
230: -1
231: -1
232: -1
233: -1
234: 231 230 -1
235: 30 -1
236: 231 230 -1
237: 231 230 -1
238: -1
239: 231 230 -1
240: 30 232 -1
241: 30 -1
242: 231 230 -1
243: 231 230 -1
244: 156 551 30 -1
245: 679 336 30 278 -1
246: 30 -1
247: 30 -1
248: 30 -1
249: 231 230 -1
250: 231 230 -1
251: 30 -1
252: 30 -1
253: 69 30 -1
254: 30 -1
255: 30 232 -1
256: 230 -1
257: 231 230 -1
258: 231 230 -1
259: 30 -1
260: 30 -1
261: 30 -1
262: 230 231 -1
263: 230 -1
264: 30 -1
265: 30 -1
266: 30 -1
267: 30 -1
268: 231 230 -1
269: 30 -1
270: 30 232 -1
271: 30 -1
272: 30 -1
273: 231 230 -1
274: 231 230 -1
275: 30 -1
276: -1
277: 30 -1
278: 209 210 30 212 -1
279: 208 30 -1
280: -1
281: 232 -1
282: 163 167 168 -1
283: -1
284: 186 360 -1
285: -1
286: -1
287: -1
288: 224 -1
289: 551 -1
290: -1
291: -1
292: 530 -1
293: -1
294: 293 295 -1
295: -1
296: 293 295 -1
297: -1
298: 41 -1
299: 41 -1
300: 41 -1
301: 41 -1
302: -1
303: 41 -1
304: 41 704 306 -1
305: 41 -1
306: 41 -1
307: 155 41 -1
308: -1
309: -1
310: -1
311: 161 -1
312: 161 -1
313: 161 -1
314: 323 -1
315: 323 -1
316: 323 -1
317: 323 -1
318: 323 -1
319: 323 -1
320: 323 -1
321: 323 -1
322: 323 -1
323: -1
324: 323 -1
325: 323 -1
326: 323 -1
327: 323 -1
328: 323 -1
329: 323 -1
330: 323 -1
331: 462 739 281 -1
332: 331 337 341 345 -1
333: 331 337 341 345 -1
334: 331 337 341 345 -1
335: 331 337 341 345 -1
336: 331 337 341 345 183 696 551 -1
337: -1
338: 331 337 341 345 -1
339: 331 337 341 345 183 696 -1
340: 331 337 341 345 552 551 278 -1
341: -1
342: 331 337 341 345 -1
343: 331 337 341 345 551 552 -1
344: 331 337 341 345 551 -1
345: -1
346: 331 337 341 345 -1
347: 331 337 341 345 -1
348: 331 337 341 345 -1
349: 331 337 341 345 -1
350: 331 337 341 345 -1
351: 337 341 345 -1
352: 679 -1
353: -1
354: 297 46 336 -1
355: 46 -1
356: 474 155 46 142 196 180 104 410 547 209 -1
357: 331 46 -1
358: -1
359: -1
360: -1
361: -1
362: -1
363: -1
364: -1
365: 364 -1
366: -1
367: 83 -1
368: 675 -1
369: 49 -1
370: -1
371: 370 -1
372: 374 375 -1
373: 374 375 -1
374: -1
375: -1
376: 166 -1
377: 52 -1
378: -1
379: 374 -1
380: 52 373 -1
381: 155 -1
382: 474 -1
383: -1
384: -1
385: -1
386: -1
387: -1
388: -1
389: -1
390: -1
391: -1
392: -1
393: -1
394: -1
395: -1
396: 83 -1
397: -1
398: 375 -1
399: -1
400: -1
401: 281 -1
402: 401 281 -1
403: 401 -1
404: 401 -1
405: 401 -1
406: 401 -1
407: -1
408: -1
409: -1
410: -1
411: 409 -1
412: 601 -1
413: 551 -1
414: -1
415: 414 -1
416: 414 -1
417: 414 -1
418: 414 -1
419: 414 -1
420: 414 -1
421: 414 -1
422: 414 -1
423: 414 -1
424: 414 -1
425: 414 -1
426: 414 -1
427: -1
428: 427 -1
429: -1
430: -1
431: -1
432: -1
433: 196 148 188 122 -1
434: -1
435: 269 -1
436: -1
437: -1
438: 161 -1
439: -1
440: -1
441: -1
442: -1
443: -1
444: -1
445: -1
446: -1
447: -1
448: -1
449: -1
450: -1
451: -1
452: -1
453: -1
454: -1
455: -1
456: -1
457: -1
458: -1
459: -1
460: -1
461: 171 -1
462: -1
463: -1
464: 104 -1
465: -1
466: -1
467: -1
468: -1
469: -1
470: -1
471: -1
472: -1
473: -1
474: 476 -1
475: -1
476: -1
477: 63 -1
478: 548 63 360 -1
479: 63 -1
480: 216 410 97 180 695 104 598 83 155 171 63 -1
481: 155 473 63 410 -1
482: 63 -1
483: 63 474 -1
484: 63 -1
485: 63 -1
486: 63 -1
487: 63 -1
488: 63 -1
489: 63 281 -1
490: 63 474 501 -1
491: 473 63 97 156 155 -1
492: 291 -1
493: 156 63 -1
494: 171 63 548 546 547 -1
495: 63 -1
496: 63 439 224 -1
497: 223 213 547 224 63 474 473 297 180 -1
498: 63 -1
499: 63 409 -1
500: 213 63 474 224 360 714 551 686 -1
501: 63 474 -1
502: 156 63 474 280 551 224 -1
503: 63 224 -1
504: 63 224 -1
505: 63 -1
506: -1
507: 213 547 224 63 474 473 297 180 -1
508: 156 155 410 104 431 63 675 -1
509: 410 63 98 -1
510: 506 63 410 538 -1
511: 63 675 -1
512: 63 -1
513: 547 474 63 -1
514: 213 547 224 63 474 473 297 180 -1
515: 156 484 63 -1
516: 63 -1
517: 161 597 203 410 547 63 548 360 196 -1
518: -1
519: -1
520: -1
521: 64 -1
522: 64 678 -1
523: 64 -1
524: 64 678 -1
525: 64 -1
526: 518 -1
527: 64 -1
528: 64 598 -1
529: 64 515 -1
530: -1
531: 161 83 162 -1
532: 83 98 99 100 -1
533: -1
534: -1
535: 281 -1
536: 281 -1
537: -1
538: -1
539: 537 -1
540: 97 -1
541: 224 -1
542: 183 613 622 -1
543: 552 -1
544: 280 -1
545: -1
546: -1
547: -1
548: 546 -1
549: -1
550: -1
551: -1
552: 551 -1
553: 67 576 -1
554: 67 548 -1
555: 67 551 591 546 576 -1
556: 67 -1
557: 67 573 -1
558: 67 -1
559: 67 -1
560: 67 548 546 547 -1
561: 67 -1
562: 67 -1
563: 67 -1
564: 67 711 576 -1
565: 549 552 550 67 551 -1
566: 67 548 -1
567: 67 -1
568: 67 588 -1
569: -1
570: 67 -1
571: 67 -1
572: 67 -1
573: -1
574: 67 -1
575: 67 -1
576: 67 551 -1
577: 155 552 67 302 201 -1
578: 711 365 67 -1
579: 67 549 552 550 569 589 411 83 183 -1
580: 67 548 -1
581: 67 -1
582: 547 67 -1
583: 67 546 548 -1
584: 67 -1
585: 67 -1
586: 67 -1
587: 67 -1
588: 67 -1
589: -1
590: 67 546 548 -1
591: 67 -1
592: 67 -1
593: 67 546 548 -1
594: 67 -1
595: 280 552 67 591 -1
596: 67 -1
597: -1
598: 597 -1
599: 597 -1
600: -1
601: -1
602: 69 278 -1
603: 69 -1
604: 69 -1
605: -1
606: -1
607: -1
608: 12 621 -1
609: 201 70 607 -1
610: -1
611: -1
612: 293 -1
613: -1
614: -1
615: 293 -1
616: -1
617: -1
618: -1
619: -1
620: 293 -1
621: -1
622: -1
623: -1
624: -1
625: 293 -1
626: 293 -1
627: 293 -1
628: 293 -1
629: 621 -1
630: 615 619 620 -1
631: 618 -1
632: 617 -1
633: 612 -1
634: 616 -1
635: 614 -1
636: 610 -1
637: 293 625 -1
638: 624 -1
639: 611 -1
640: 293 615 -1
641: 293 627 -1
642: 611 -1
643: 293 612 -1
644: 613 622 -1
645: 622 -1
646: 293 626 -1
647: 293 620 -1
648: 621 -1
649: 619 -1
650: 623 -1
651: 626 -1
652: 627 628 -1
653: 613 -1
654: 293 628 -1
655: 71 -1
656: 71 -1
657: -1
658: -1
659: 293 -1
660: 293 -1
661: 293 -1
662: -1
663: 293 -1
664: 551 -1
665: 659 -1
666: 658 664 663 660 661 -1
667: -1
668: -1
669: -1
670: -1
671: 197 -1
672: -1
673: 551 -1
674: 290 75 -1
675: -1
676: -1
677: -1
678: -1
679: -1
680: -1
681: -1
682: 427 -1
683: 689 690 -1
684: 689 690 -1
685: 690 689 -1
686: 689 690 -1
687: -1
688: -1
689: -1
690: -1
691: 689 -1
692: 80 187 -1
693: 80 -1
694: 80 700 6 -1
695: 216 700 80 -1
696: 712 700 80 -1
697: 80 -1
698: 700 80 -1
699: 700 80 -1
700: 80 -1
701: 80 -1
702: 700 80 -1
703: 696 80 547 -1
704: 155 696 695 711 700 80 185 186 183 280 218 353 552 -1
705: 696 695 711 700 80 -1
706: 80 -1
707: 80 -1
708: 700 80 -1
709: 700 80 -1
710: 700 80 -1
711: 696 695 700 80 -1
712: 216 700 80 696 -1
713: 700 80 -1
714: -1
715: -1
716: -1
717: -1
718: 186 -1
719: -1
720: 714 -1
721: 714 715 716 717 719 -1
722: 714 156 -1
723: -1
724: -1
725: 726 -1
726: -1
727: -1
728: -1
729: -1
730: -1
731: -1
732: -1
733: -1
734: -1
735: -1
736: -1
737: -1
738: -1
739: 740 -1
740: 726 739 148 82 729 730 731 -1
741: 82 155 -1
