0: 165 166 170 171 172 173 174 175 176 177 178 179 180 181 182 184 -1
1: 231 233 234 -1
2: 284 285 286 287 288 289 290 291 292 293 294 295 296 297 298 299 300 302 303 304 305 306 307 308 309 310 311 312 313 314 78 315 316 317 318 319 320 321 322 323 324 325 326 327 328 329 330 331 332 333 334 335 336 337 338 339 340 341 342 343 7 344 345 41 0 346 347 348 349 350 351 352 353 354 355 356 357 358 359 360 361 362 363 364 365 366 -1
3: 49 402 403 404 405 406 407 408 302 409 410 411 412 42 413 414 415 416 -1
4: -1
5: -1
6: -1
7: -1
8: 522 -1
9: 530 531 532 533 540 543 545 -1
10: -1
11: -1
12: 599 -1
13: 614 615 -1
14: 339 351 184 621 0 365 -1
15: 626 -1
16: 637 638 -1
17: 0 339 -1
18: 669 680 681 682 683 684 66 686 687 688 689 -1
19: 704 705 706 332 707 294 362 708 709 710 711 712 713 23 714 0 715 351 -1
20: 736 184 737 738 739 740 741 8 742 743 744 745 746 747 748 749 750 751 752 753 754 755 756 757 758 759 760 761 762 13 0 633 763 764 765 766 767 768 769 770 771 772 773 774 775 776 777 778 779 780 781 782 783 784 785 786 787 788 789 445 790 -1
21: 810 813 814 -1
22: -1
23: -1
24: 29 -1
25: 855 -1
26: 868 150 869 870 871 872 873 874 -1
27: -1
28: 129 888 -1
29: 898 907 409 -1
30: -1
31: -1
32: 925 78 -1
33: -1
34: 810 813 814 -1
35: 7 941 326 942 38 943 944 945 14 946 947 948 949 950 -1
36: 954 955 956 957 958 959 960 961 962 44 963 964 -1
37: 973 -1
38: -1
39: 409 -1
40: -1
41: -1
42: 1042 342 759 1043 347 56 1044 0 8 1045 1046 1047 1048 41 1049 1050 1051 1052 1053 1054 1055 1056 1057 1058 12 22 1059 1060 1061 1062 1063 1064 1065 1066 1067 1068 1069 1070 1071 1072 1073 1074 763 1075 1076 1077 348 1078 1079 75 1080 1081 1082 255 1083 349 1084 351 1085 1086 1087 1088 1089 1090 1091 1092 1093 96 963 964 -1
43: 1094 1095 339 333 0 1096 1097 1098 1099 1100 1101 1102 947 1103 1104 1105 1106 41 314 1107 1108 1109 1110 1111 1112 1113 336 299 351 1114 78 1115 1116 1117 1118 1119 1120 326 1121 328 1122 1123 365 1124 1125 1126 1127 1128 1129 357 1130 1131 1132 1133 1134 335 1135 1136 1137 1138 1139 -1
44: 956 955 954 1157 1158 970 966 -1
45: 1160 1161 1162 1163 1164 1165 -1
46: -1
47: 1173 1174 1175 1176 1177 1178 1179 1180 1181 1182 1183 -1
48: 1219 1228 1234 -1
49: 1241 1242 1243 1244 1245 1246 1247 1248 1249 1250 1251 1252 1253 1254 1255 -1
50: 1276 1277 705 1278 1279 1280 19 1281 1282 1283 1284 336 1 -1
51: -1
52: 1287 1290 1291 1293 1294 1295 1296 1297 336 1298 1299 1300 1301 1302 1303 1304 -1
53: -1
54: 1372 1373 4 1374 1375 339 0 1376 1377 1378 1379 -1
55: 1383 -1
56: 1388 -1
57: 1392 -1
58: 1396 1397 -1
59: -1
60: -1
61: 1105 1409 1410 1411 1412 339 -1
62: 1414 1415 1416 1417 1418 339 333 -1
63: -1
64: 533 540 543 1428 1441 1442 1443 -1
65: -1
66: -1
67: 1461 1462 1464 -1
68: 1470 1471 1472 1473 1474 1475 1477 1478 -1
69: 1482 1483 1485 1486 1487 1138 339 3 1488 1489 1490 1491 1492 1493 1494 1495 1496 1497 108 1498 -1
70: -1
71: -1
72: -1
73: -1
74: -1
75: 1531 1532 1534 1535 1536 1537 1538 1539 1540 1541 1542 -1
76: 621 1554 403 1556 1557 339 1558 1559 1560 637 1561 907 409 1562 1563 1564 1565 111 1566 1567 1568 25 1569 1570 1571 1572 1573 1574 1575 1576 71 1525 1578 1579 1580 1581 1582 1583 1584 1585 1586 -1
77: 1603 615 -1
78: -1
79: 1618 0 339 1619 -1
80: 1633 1634 1635 1636 1638 1639 1640 1641 1642 -1
81: 1694 1695 1696 -1
82: -1
83: 1735 1736 1737 1738 -1
84: 1173 1763 1764 1765 1766 1767 1768 1769 1770 1180 1183 -1
85: -1
86: 1778 -1
87: 1783 1784 1785 1787 -1
88: 1832 36 359 91 147 1833 60 1118 365 0 184 351 1834 336 324 339 1 2 4 -1
89: 1837 1838 1839 1840 1841 1842 -1
90: 1850 -1
91: 1852 1856 1857 1858 1859 1860 1861 1862 1863 1864 1865 1866 1119 1867 1868 1869 1870 1871 -1
92: 1241 1244 1245 1246 1247 1248 1249 1250 1251 1252 1253 1254 -1
93: 1896 1897 342 1898 0 314 1899 1900 1901 326 1902 1903 1904 147 1905 2 3 1906 1066 1907 1908 1909 1910 1911 1912 1913 1914 1870 1915 1916 1917 1918 1919 351 1920 1921 -1
94: -1
95: 39 1927 1928 1929 1931 -1
96: 1078 1042 1085 349 1066 1074 0 1079 351 1053 1935 1061 1064 41 763 1050 347 1070 1059 1048 1043 1067 1082 12 1069 1086 1054 1056 1058 1084 56 1046 8 1068 1045 1087 1065 1075 1051 1062 1077 75 1044 1072 1083 1076 1057 1080 1052 1073 1081 1063 1071 759 255 22 1055 1047 1049 342 1088 348 1060 1157 1158 970 966 -1
97: 1936 1937 1941 1943 1944 1948 1949 1950 1951 1954 1955 1958 1959 1960 1961 1963 1966 1970 1971 1972 -1
98: -1
99: 339 351 0 333 -1
100: 2009 2010 2011 2012 2013 2014 2015 2016 333 1109 1129 2017 2018 1120 2019 2020 2021 335 41 336 0 338 1042 339 2022 2023 2024 2025 2026 2027 2028 2029 2030 2031 2032 2033 2034 -1
101: 2035 2036 2037 -1
102: 339 2043 43 2044 0 -1
103: 6 2049 2050 2051 2052 -1
104: 2053 2054 -1
105: 39 882 27 -1
106: 1783 1784 1785 1787 -1
107: -1
108: 1484 2113 2114 2115 2116 2117 1498 2118 2119 2120 2121 2122 2123 2124 2125 2126 2127 2128 2129 2130 2131 2132 2133 2134 2135 2136 2137 2138 2139 2140 2141 2142 2143 2144 2145 2146 2147 2148 2149 2150 2151 2152 2153 2154 2155 2156 2157 2158 2159 2160 2161 2162 2163 2164 2165 2166 2167 2168 2169 2170 2171 2172 2173 2174 2175 2176 69 1483 2177 -1
109: 2179 -1
110: -1
111: 2196 2197 2198 2199 2200 2201 2202 2203 2205 -1
112: 599 2210 2211 2212 2213 2214 -1
113: 2217 2218 -1
114: 2009 2022 2219 2220 2221 2222 2223 2224 2225 2226 818 409 2227 -1
115: 333 -1
116: 2261 2262 2263 2264 2292 2293 2294 -1
117: 2309 1524 2310 2311 2312 1525 78 2313 2314 2315 2316 2317 2318 2319 11 338 1694 1 2320 2321 2322 621 2323 2324 2325 2326 2327 74 2328 2329 2330 2331 -1
118: -1
119: 2341 2342 2343 2344 294 -1
120: 2358 -1
121: 2360 -1
122: 339 351 0 333 -1
123: 2364 2365 2366 2367 1907 2368 2369 184 2370 351 -1
124: 2380 2381 2382 2383 2384 2385 2386 -1
125: 1123 2388 333 0 184 339 621 348 349 1042 351 2389 2390 2391 2392 2393 2394 -1
126: 2400 2401 338 429 2402 335 2403 -1
127: 2406 2407 -1
128: 669 680 681 682 683 684 -1
129: -1
130: -1
131: 1461 1462 1464 -1
132: 2441 2443 2444 2461 2463 -1
133: 2481 -1
134: 91 2488 2489 2490 339 4 2365 2491 2492 2493 2494 2495 -1
135: -1
136: 2524 -1
137: 2196 2197 2198 2199 2200 2201 2202 2203 2545 2546 2547 2548 2550 -1
138: -1
139: 2554 351 2555 -1
140: 339 2558 2559 -1
141: 2560 -1
142: 2564 2565 -1
143: 2584 -1
144: 0 335 41 336 339 351 -1
145: 2596 2597 2598 2599 2600 2601 2602 2603 2604 2605 2606 2607 2608 2609 2610 2611 2612 2613 2614 2615 2616 2617 2618 2619 2620 2621 2622 2623 2624 2625 2626 2627 2628 2629 2630 2631 2632 2633 2634 2635 2636 2637 2638 2639 2640 2641 2642 2643 2644 2645 2646 2647 2648 2649 2650 2651 2652 2653 2654 2655 2656 -1
146: 2661 333 346 339 -1
147: -1
148: 2673 2674 -1
149: 2678 2679 2680 2681 2682 2683 2684 2685 2686 2687 2688 2689 2690 2691 2692 2693 2694 2695 2696 2697 2698 2699 2700 2701 2702 2703 2704 2705 1324 2708 2710 2712 2713 2714 2715 2716 2717 2718 2719 -1
150: 2727 1583 2728 -1
151: 2735 2736 1603 2737 2738 2739 -1
152: -1
153: 1124 2751 -1
154: 410 2 409 3 -1
155: 2760 2761 -1
156: 2793 2794 2795 2796 2797 2798 2799 2800 2802 2804 2805 950 2807 2808 2809 2810 2491 1120 2021 2811 2017 339 351 2812 2813 2814 2815 2816 2817 2818 2819 2820 30 19 2 1907 2821 1116 947 2822 2823 2824 2825 1087 2826 2827 -1
157: 2832 2833 2834 2 2837 2839 2840 2841 2842 2843 948 2844 403 2845 2846 2847 78 2848 2849 2850 2851 2852 7 2853 2854 2855 2856 2857 2858 2859 -1
158: 2889 2890 2891 2892 2893 2894 2895 1132 2896 0 2897 509 339 2898 2899 2900 -1
159: 2901 -1
160: 1482 1483 1485 2906 -1
161: 2909 1124 351 0 41 1058 2366 2910 2911 2913 2914 2915 2916 2917 2918 2919 2920 2921 7 8 2922 2923 2924 2925 2926 1079 2927 2928 2929 2930 2931 2932 2933 2934 2935 2938 2939 -1
162: 637 2948 -1
163: -1
164: 165 184 -1
165: 185 0 169 -1
166: 164 165 291 0 185 184 -1
167: 165 184 -1
168: 176 165 184 -1
169: 165 184 -1
170: 185 0 -1
171: -1
172: -1
173: 2036 -1
174: 339 -1
175: 2179 -1
176: -1
177: -1
178: -1
179: -1
180: 2365 2849 164 -1
181: 2365 2849 164 -1
182: 2365 2849 164 -1
183: -1
184: 0 185 167 168 169 171 172 176 291 110 180 181 182 183 -1
185: 165 184 -1
186: 347 0 409 41 1054 336 338 1066 1042 184 339 75 53 335 351 1 -1
187: 346 0 39 1907 2841 339 1130 18 351 -1
188: 409 1219 357 93 41 336 2009 359 0 338 621 -1
189: 2313 339 0 351 348 41 -1
190: 0 1175 -1
191: 1374 336 0 343 1773 1395 -1
192: 184 0 1870 1 3 1059 351 621 41 -1
193: 0 339 1300 -1
194: 0 1869 -1
195: 0 -1
196: 756 343 339 0 1104 -1
197: 339 0 3 -1
198: 23 339 0 -1
199: 339 0 -1
200: 715 1907 41 0 184 1059 1137 345 762 763 333 -1
201: 1618 1619 1114 2007 1103 1115 2671 2663 2412 761 2227 1300 343 756 41 336 0 339 335 758 2654 715 682 1554 1867 -1
202: 0 339 -1
203: 333 1123 346 715 41 1059 0 1061 1054 184 348 1078 349 351 1048 1087 1051 1064 1065 1069 1070 763 1075 1046 1058 1086 1047 -1
204: 1078 0 41 351 1042 336 335 2402 338 339 -1
205: 185 0 1042 351 -1
206: 715 41 0 1042 1078 1085 756 -1
207: 339 335 0 351 41 2815 -1
208: 993 0 1042 1907 184 1126 351 -1
209: 0 39 -1
210: 0 -1
211: 756 41 1049 365 4 23 1907 0 1042 351 553 -1
212: 637 2330 1841 339 0 19 -1
213: 2584 339 1120 -1
214: 2009 2010 2011 2012 2013 2014 2015 2016 333 1109 1129 2017 2018 1120 2019 2020 2021 335 41 336 0 338 1042 339 2022 2023 2024 2025 2026 2027 2029 2030 2031 2032 426 2033 65 2034 -1
215: 0 339 -1
216: 0 339 333 -1
217: 758 777 715 41 0 1078 -1
218: 0 -1
219: 339 0 2810 -1
220: 339 1559 1 621 1694 1579 1114 1104 2011 1123 1300 854 1302 351 0 1132 3 1558 -1
221: 0 -1
222: 343 758 756 1300 0 2337 335 41 1046 1554 336 682 1166 339 1078 1059 351 2366 -1
223: 1914 147 0 1870 -1
224: 978 0 2897 345 343 2654 -1
225: 0 -1
226: 343 2654 184 1042 41 0 1075 1619 1618 758 756 777 2896 2671 -1
227: 553 0 1619 -1
228: 0 2017 185 1907 -1
229: 0 339 -1
230: 347 2007 1118 185 1123 2369 41 1059 0 1061 1042 1067 184 348 1078 1082 1109 351 1048 633 1087 1080 1051 762 1064 1065 1068 1069 1070 1045 763 1075 1046 1086 1047 -1
231: -1
232: 234 -1
233: -1
234: -1
235: 242 654 1558 1300 1478 409 854 339 621 336 1 234 614 -1
236: 234 -1
237: 357 1219 1559 2890 2366 595 353 2761 2402 3 1135 336 338 409 1581 354 339 1130 2013 403 1132 335 621 1927 355 351 1 -1
238: 756 2334 362 1753 816 1105 1103 1300 2810 1120 1618 1619 15 336 1135 2009 338 75 1 345 1075 658 534 2366 682 1115 2675 993 2948 -1
239: 1 2009 335 3 -1
240: 352 353 1581 354 356 355 1060 410 409 1219 335 336 3 338 339 1870 1130 2049 2402 1302 411 1834 1448 345 1877 357 1559 621 1 -1
241: 339 1448 1559 333 2402 1834 335 1 -1
242: 2207 1 -1
243: 1584 411 993 1 -1
244: 2049 1559 2402 762 2726 255 1219 335 336 338 409 339 1130 621 1 411 1928 2742 1834 -1
245: 357 1559 595 333 411 335 2402 336 1834 1104 118 338 339 2013 1132 2897 355 1 -1
246: 1130 1 1559 409 338 1035 -1
247: 1559 335 336 39 16 338 409 339 1694 621 1 -1
248: 1923 1115 1478 2552 534 854 1234 1554 2675 993 1049 -1
249: 2742 335 339 338 336 357 595 1132 2009 1559 1 1558 1219 1114 -1
250: 595 1104 1 1839 1234 335 1302 762 534 682 338 336 1214 1166 339 1300 -1
251: 534 2675 682 1 339 336 -1
252: 1 -1
253: 336 1302 338 339 1870 2049 324 1 -1
254: 343 1300 409 2402 335 336 1 339 -1
255: 633 1 336 1753 1927 -1
256: 409 339 2361 1834 336 1694 1618 1 357 2330 1104 1559 39 1584 -1
257: 1839 2338 682 339 1 -1
258: 978 595 335 2724 2402 3 336 762 409 339 1130 621 1 2495 353 354 356 2009 355 -1
259: 1300 1478 2671 2583 1615 1618 1114 1112 1579 336 338 339 1 -1
260: 534 1234 2228 1300 1104 2402 336 338 682 806 339 1 1120 1618 2810 1105 1114 1619 -1
261: 1559 595 335 256 1579 39 1834 336 3 1104 338 917 339 1694 621 1 356 138 2362 2314 1901 21 2315 34 2022 633 -1
262: 787 234 -1
263: 339 1135 352 354 356 2366 993 553 1175 1130 335 3 336 39 1104 621 1558 1 1219 -1
264: 242 654 1558 1300 1478 409 854 339 621 336 1 234 614 -1
265: 76 336 233 1558 338 2408 339 1694 335 1789 1 -1
266: 365 1558 1559 990 2726 353 355 621 336 1933 1579 1 1584 2330 629 2321 1135 636 -1
267: 343 2654 1867 993 1470 0 1049 339 2009 1234 1 -1
268: 1324 1302 1300 1104 336 338 339 1132 335 621 403 1 162 2321 57 332 -1
269: 1 -1
270: 255 1324 16 336 592 324 978 1 339 -1
271: 336 1132 595 411 637 2402 2225 633 1135 2742 338 409 2951 1928 2009 76 324 75 1 -1
272: 1 -1
273: 234 -1
274: 336 39 1130 335 2761 621 1 762 255 993 1114 633 534 1927 2552 1559 -1
275: 1075 336 2007 762 1130 335 188 255 1618 1619 1 -1
276: 234 -1
277: 1559 345 3 336 39 1114 339 335 621 1 -1
278: 654 255 1120 1927 614 242 599 1 339 1933 1135 1558 2552 338 1234 76 534 2228 -1
279: 357 1559 411 2402 336 1834 338 339 1130 335 621 898 1 -1
280: 1784 1478 1075 2055 336 338 1 2908 861 978 -1
281: 1132 357 324 2890 353 1130 333 335 41 3 336 0 338 1907 409 534 339 621 351 1 806 1300 -1
282: 343 2225 3 29 1397 39 76 705 197 2017 1105 45 0 351 1584 411 1135 2402 1834 336 338 339 1928 335 621 1448 1 40 1132 1104 24 1300 978 1478 2342 2008 1867 2007 1114 1618 1103 682 534 2018 1115 1753 1296 2675 854 1927 -1
283: 65 3 39 304 1324 1132 19 23 567 556 336 338 339 411 335 2402 2366 2726 1 621 1584 409 898 1130 -1
284: -1
285: 1854 1855 -1
286: 1854 1855 -1
287: 1854 1855 -1
288: 1854 1855 -1
289: 1854 1855 -1
290: 1854 1855 -1
291: 165 166 184 2044 -1
292: -1
293: -1
294: -1
295: -1
296: 1531 1532 1539 21 -1
297: -1
298: -1
299: -1
300: -1
301: 300 -1
302: -1
303: -1
304: -1
305: -1
306: -1
307: -1
308: -1
309: -1
310: -1
311: -1
312: -1
313: 1532 -1
314: -1
315: -1
316: -1
317: -1
318: -1
319: -1
320: -1
321: -1
322: -1
323: -1
324: -1
325: -1
326: 333 1123 328 1128 -1
327: -1
328: -1
329: -1
330: -1
331: -1
332: -1
333: -1
334: -1
335: 1114 -1
336: -1
337: -1
338: 71 1395 1175 129 2552 534 978 898 1531 -1
339: -1
340: -1
341: -1
342: -1
343: -1
344: -1
345: -1
346: -1
347: -1
348: -1
349: -1
350: -1
351: -1
352: -1
353: -1
354: -1
355: -1
356: -1
357: -1
358: -1
359: 333 339 -1
360: 0 351 339 335 336 314 -1
361: -1
362: -1
363: -1
364: -1
365: -1
366: -1
367: 147 2 62 -1
368: 60 2017 2810 2 1109 1129 1424 1922 -1
369: 1123 979 756 345 993 1114 343 1120 1109 2017 1118 2 -1
370: 599 502 2 64 351 1907 41 0 349 339 30 2217 403 2654 -1
371: 2 -1
372: 2 2017 -1
373: 978 1123 0 2 41 1907 339 -1
374: 1115 1129 1109 1559 2 185 333 2810 1120 1112 1126 -1
375: 2 1138 78 -1
376: 1166 762 2 718 -1
377: 2 -1
378: 2 339 0 949 -1
379: 2 336 339 0 41 4 -1
380: 2793 2794 2795 2796 2797 2798 2799 2800 2802 2804 2805 950 2807 2808 2809 2810 2491 1120 2021 2811 2017 339 351 2812 2813 2814 2815 2816 2817 2818 2819 2820 30 19 2 1907 2821 1116 947 2822 2823 2824 2825 1087 2826 2827 -1
381: 2 3 41 351 -1
382: 345 411 1130 357 333 2 352 353 354 356 355 -1
383: 7 2 38 17 21 326 339 335 336 0 41 351 1085 -1
384: 1536 1159 39 2 4 -1
385: -1
386: 2 39 -1
387: 343 2 91 2654 -1
388: 1109 343 715 2 2017 351 -1
389: 333 1112 715 343 1151 1075 78 2 3 339 335 0 41 351 1118 91 1126 1618 -1
390: 3 2 -1
391: 60 2017 2810 2 1109 1129 1424 1922 -1
392: 1753 0 339 62 2 -1
393: 2809 2007 1618 1784 2675 534 1927 1234 527 2021 1166 2 409 336 339 335 898 1 -1
394: 2654 2671 2 0 1419 -1
395: 1531 3 2 -1
396: 2675 2 2007 1618 1619 -1
397: 2 100 -1
398: 333 1118 1151 2369 2 78 343 2810 1126 351 339 1109 2021 1129 334 2017 2491 -1
399: 1324 41 2 324 39 -1
400: 1584 595 333 1135 78 409 2726 1103 365 1579 2313 37 29 15 4 1834 3 2009 39 762 633 338 2 553 2951 255 1928 621 251 898 1448 188 324 247 723 1015 1 -1
401: 2810 1109 1120 2 2017 1115 -1
402: -1
403: -1
404: -1
405: -1
406: -1
407: 10 482 963 964 -1
408: -1
409: 39 1927 1928 1929 1931 -1
410: 1536 1584 1732 1579 336 338 409 339 1694 621 1114 -1
411: 3 339 324 1130 332 304 592 9 1113 174 -1
412: 1584 335 2402 1834 336 1135 1104 338 409 553 339 411 1870 1773 2951 1694 1928 2726 621 898 1448 1 963 964 -1
413: 3 76 16 2401 261 20 39 18 324 197 399 1132 2762 1558 247 821 73 652 963 964 -1
414: 147 17 82 657 963 964 -1
415: -1
416: 3 -1
417: 335 91 3 0 1130 185 1171 -1
418: 1532 303 -1
419: 3 339 335 621 993 -1
420: 2552 339 338 335 3 621 39 705 1115 -1
421: 0 3 -1
422: 336 338 2402 1 621 595 409 3 304 332 339 1870 39 335 1219 1278 1559 553 682 1784 1478 534 1619 813 1369 -1
423: 2552 1927 409 1579 242 654 1114 2009 2906 885 2408 2215 338 336 1 621 1584 3 403 410 1696 -1
424: 5 0 42 339 3 412 7 -1
425: -1
426: -1
427: 1559 621 338 2009 3 1470 -1
428: 3 -1
429: 2405 409 2401 1132 3 39 336 -1
430: 4 -1
431: 4 -1
432: 339 4 -1
433: 4 -1
434: 6 13 10 0 41 1061 1064 1049 184 1071 1078 765 351 363 1603 1118 7 1907 1085 4 357 339 -1
435: 78 365 4 23 339 351 -1
436: 1115 2395 931 4 1075 -1
437: 347 41 1051 1053 1059 0 1907 184 348 349 7 1067 75 91 1079 1073 2804 2010 2809 1124 1129 4 1085 6 -1
438: 1554 1234 343 756 339 1369 931 0 4 1870 1114 1619 1175 2671 1115 2011 2010 -1
439: 41 4 1907 351 -1
440: 4 -1
441: 45 4 -1
442: 1114 2671 1554 1234 4 -1
443: 339 41 4 -1
444: 4 2017 1129 -1
445: 45 1166 4 978 -1
446: 1114 1536 343 1831 2654 1300 4 1166 -1
447: 78 365 4 23 339 351 -1
448: 339 4 -1
449: 0 343 4 -1
450: 4 -1
451: 4 -1
452: 184 4 1531 -1
453: 1139 -1
454: 1870 954 355 4 -1
455: 343 1075 756 1104 1049 1300 1151 4 336 16 1478 1302 345 1470 1166 339 1870 348 534 723 813 1554 351 -1
456: 1044 347 1050 184 4 348 -1
457: 78 4 358 1369 1115 1120 1851 2671 1536 -1
458: 0 365 339 4 -1
459: 19 324 4 75 -1
460: 5 10 13 1603 -1
461: 342 343 7 758 1043 1044 0 185 165 41 1053 1054 1057 1059 1061 1066 1042 1067 184 1071 1072 1074 348 1078 1081 1082 1083 349 351 2364 1087 1046 1045 1047 1048 1051 1052 1058 1064 1065 1068 1069 1070 763 1075 1076 1077 1935 1084 956 1086 13 2225 10 6 5 1123 2810 1120 1109 333 1619 1618 1114 -1
462: 6 5 -1
463: 5 -1
464: 41 2111 1052 1067 1077 1075 342 346 333 1049 2369 0 1066 1907 184 1078 1603 10 5 -1
465: 346 357 184 185 333 760 1603 1046 0 715 335 13 1049 365 2402 41 762 3 10 6 5 1059 1135 2367 39 336 1064 338 1066 1042 1067 1069 1060 2019 339 763 1075 1126 348 1078 1080 1077 349 351 1085 1047 1087 1088 -1
466: 5 -1
467: 1135 621 409 3 335 336 338 339 5 2761 1132 1585 355 333 20 2330 -1
468: 1049 0 5 39 7 336 197 41 339 -1
469: 255 1049 2228 553 2049 242 1059 0 1045 5 184 1082 351 343 2654 715 1619 2583 1115 1851 -1
470: 2810 1120 333 1112 2007 1619 1618 1114 2021 1554 1103 1123 347 185 13 3 6 5 0 1064 1042 1067 184 1078 1082 349 41 351 343 -1
471: 339 2049 633 1047 2366 1554 185 5 -1
472: 434 5 -1
473: 5 -1
474: 5 -1
475: 1536 352 1581 354 356 1075 355 339 1130 1584 1559 621 1 333 335 2402 3 1834 336 39 338 409 1870 1928 1400 41 5 0 184 2370 351 1135 -1
476: 5 37 963 964 -1
477: 357 411 3 338 1132 2402 2229 336 339 723 1877 1 978 2049 5 -1
478: 13 1066 351 1085 1603 5 0 1061 -1
479: 762 3 10 6 5 41 1059 1135 336 39 -1
480: 5 -1
481: 5 -1
482: 10 5 37 1157 1158 970 -1
483: 5 3 978 -1
484: 365 1603 5 1120 1123 942 1109 2017 1907 -1
485: 1061 -1
486: 3 5 1071 339 7 0 351 1 -1
487: 1603 2654 10 5 13 41 365 1042 184 0 765 -1
488: 2052 6 -1
489: 6 2050 2049 2051 492 -1
490: 6 1103 -1
491: 1069 75 0 351 156 2804 130 185 1042 184 346 1389 41 1078 1085 1049 1047 1046 1062 348 349 2043 1087 1067 344 1048 1080 1051 762 1065 1064 763 1059 1075 1084 1086 1058 6 10 31 8 333 -1
492: 2049 6 2050 2051 1157 1158 970 -1
493: 364 13 6 1078 -1
494: 6 2049 19 -1
495: 10 1118 185 335 13 41 2402 762 1834 336 6 3 2043 1104 39 16 0 1042 1069 339 763 1075 348 75 1077 349 351 1086 1 409 362 1084 1126 1085 -1
496: 346 1057 3 59 6 158 34 39 0 291 1042 33 326 1400 1137 1 -1
497: 6 -1
498: 6 -1
499: 7 336 2017 339 1928 2009 1109 351 -1
500: 39 1927 1928 3 335 337 7 342 338 735 336 0 351 1362 1559 1929 1931 -1
501: 7 -1
502: 1163 7 1854 -1
503: 7 339 -1
504: 24 335 2012 336 338 339 1834 39 2897 76 7 0 50 40 2011 1120 1103 -1
505: 0 339 335 41 343 7 -1
506: 333 336 0 339 335 351 -1
507: 343 7 339 1132 -1
508: 7 255 854 343 -1
509: -1
510: 75 339 1300 1166 2675 854 7 333 3 336 0 335 351 324 -1
511: 339 19 0 3 7 2492 351 1086 1773 978 1395 -1
512: 347 7 0 333 41 2017 1907 1078 349 351 1087 1051 1064 1065 1069 1045 763 1075 1046 1058 1086 1047 365 2111 1052 -1
513: 7 403 -1
514: 333 1109 336 2017 351 335 1854 1 -1
515: 1132 2022 339 24 2402 336 1135 2009 723 7 -1
516: 7 19 3 763 -1
517: 7 -1
518: 7 -1
519: 343 7 1694 -1
520: 347 7 333 41 2017 0 1907 1078 349 351 1087 1051 1064 1065 1069 1045 763 1075 1046 1058 1086 1047 365 -1
521: 1870 39 0 3 7 -1
522: -1
523: 522 -1
524: -1
525: 1115 1369 1294 2810 1619 1618 1103 1114 522 56 135 -1
526: 980 8 -1
527: 2583 1115 1536 1105 1369 2675 854 534 2412 1123 339 75 0 8 1060 2654 -1
528: 2654 8 -1
529: 1854 978 343 1151 339 335 8 2897 2654 1114 1618 2810 1105 -1
530: -1
531: -1
532: -1
533: 534 -1
534: 533 543 1443 530 531 532 -1
535: 530 531 532 533 540 543 -1
536: 530 531 532 533 540 543 -1
537: 530 531 532 533 540 543 1470 -1
538: 530 531 532 533 540 543 -1
539: 530 531 532 533 540 543 1115 786 2675 658 854 1294 -1
540: -1
541: 530 531 532 533 540 543 362 1172 -1
542: 530 531 532 533 540 543 -1
543: 534 -1
544: 530 531 532 543 -1
545: 534 -1
546: 530 531 532 533 540 543 -1
547: 530 531 532 533 540 543 1443 -1
548: 530 531 532 533 540 543 -1
549: 530 531 532 533 540 543 -1
550: 530 531 532 533 540 543 1443 -1
551: 530 531 532 533 540 543 -1
552: 1618 1619 898 1104 304 1926 411 409 336 9 1115 64 534 18 1927 -1
553: 410 91 9 937 -1
554: 91 410 9 937 -1
555: 533 543 1443 530 531 532 -1
556: 530 531 532 533 540 543 1443 -1
557: 530 531 532 533 540 543 1443 -1
558: 530 531 532 533 540 543 -1
559: 530 531 532 533 540 543 1443 -1
560: 530 531 532 533 540 543 1443 -1
561: 530 531 532 533 540 543 1443 -1
562: 9 -1
563: 3 339 324 1130 332 304 592 9 1113 174 -1
564: 530 531 532 533 540 543 -1
565: 530 531 532 533 540 543 1443 -1
566: 530 531 532 533 540 543 -1
567: 530 531 532 533 540 543 1443 -1
568: 530 531 532 533 540 543 -1
569: 530 531 532 533 540 543 1443 545 -1
570: 530 531 532 533 540 543 1443 -1
571: 530 531 532 533 540 543 1443 -1
572: 530 531 532 533 540 543 1443 -1
573: 530 531 532 533 540 543 1443 -1
574: 530 531 532 533 540 543 1443 -1
575: 530 531 532 533 540 543 -1
576: 530 531 532 533 540 543 1443 -1
577: 530 531 532 533 540 543 1443 -1
578: 530 531 532 533 540 543 1443 545 -1
579: 530 531 532 533 540 543 1443 -1
580: 530 531 532 533 540 543 545 -1
581: 530 531 532 533 540 543 1443 -1
582: 530 531 532 533 540 543 1443 -1
583: 530 531 532 533 540 543 1443 -1
584: 530 531 532 533 540 543 1443 -1
585: 530 531 532 533 540 543 1443 545 -1
586: 10 -1
587: 1536 1854 1172 1109 1152 1126 2017 1541 978 10 2654 1085 -1
588: 10 -1
589: 10 -1
590: 10 -1
591: 10 -1
592: -1
593: 11 -1
594: 1281 11 2321 339 255 993 -1
595: 409 -1
596: -1
597: 11 -1
598: 11 -1
599: -1
600: 12 -1
601: 1123 2021 12 -1
602: 12 -1
603: 1105 2340 2557 12 1103 -1
604: 0 -1
605: 12 -1
606: 347 184 349 1042 348 351 41 0 1059 12 -1
607: 346 2365 2563 12 339 1084 351 -1
608: 12 -1
609: 41 1619 1618 1048 1087 1077 1935 1052 1067 1080 1051 1055 1064 1068 1069 1070 1045 763 1075 1076 1046 1058 1084 1088 1086 2366 351 185 184 1078 347 1082 348 1061 1049 715 349 1053 1059 1044 1043 1050 342 333 1122 12 1054 1123 1073 1907 1085 339 335 1130 336 -1
610: 1109 41 1120 1907 339 12 1114 2583 -1
611: 2367 -1
612: 1105 2340 2557 12 1103 -1
613: 12 -1
614: -1
615: -1
616: 343 1463 1467 1103 13 603 1105 -1
617: 185 13 1047 715 1082 1051 10 1064 1065 1066 1907 2368 1069 184 763 1058 1078 1087 -1
618: 1603 13 -1
619: 13 -1
620: 13 -1
621: 1234 -1
622: 1241 1242 1243 1255 -1
623: 1241 1242 1243 1255 -1
624: 1241 1242 1243 1255 -1
625: 978 1103 343 1851 1105 23 359 1115 147 315 351 299 1134 1123 980 1410 2010 1114 -1
626: -1
627: 255 409 15 -1
628: 409 15 -1
629: 1584 1732 1579 336 338 409 339 1694 621 1114 -1
630: 15 -1
631: 1219 15 336 409 2951 -1
632: 1585 1219 15 336 762 409 2951 -1
633: -1
634: 15 336 409 1584 354 621 1049 1 -1
635: 2726 1579 2366 761 1536 785 1049 347 351 2367 633 353 410 324 339 39 409 335 336 2890 338 2402 15 621 1584 898 -1
636: 1584 595 1135 409 1579 1834 2009 338 553 2951 1928 621 2049 898 1015 1448 1 1077 2726 410 2225 2313 3 37 29 15 39 762 633 255 251 247 723 357 1219 150 1877 978 1302 1753 1585 2216 242 1400 1075 -1
637: 255 2322 -1
638: 16 -1
639: 255 2366 1369 185 633 16 1049 1618 1104 2924 1619 1531 1419 2832 1854 1075 978 39 -1
640: 16 -1
641: 1084 242 264 2675 1784 1234 16 1558 2007 1114 -1
642: 242 2675 1784 1234 16 2007 1114 -1
643: 2402 339 3 335 1834 336 338 16 41 1059 351 255 -1
644: 637 -1
645: 1584 2726 37 16 762 242 1585 1470 2334 1694 621 -1
646: 16 1470 -1
647: 1579 1834 621 409 1584 16 335 2330 339 127 1559 1558 -1
648: 339 637 1132 336 338 1 1075 16 37 -1
649: 637 -1
650: 1136 16 41 2049 2042 1397 339 336 338 24 2009 723 270 -1
651: 2322 -1
652: 1558 247 2401 1132 3 324 18 39 197 16 76 821 399 2762 20 73 261 1157 1158 970 966 -1
653: 336 16 -1
654: 1084 242 264 2675 1784 1234 16 1558 2007 1114 -1
655: 410 1003 -1
656: -1
657: 147 82 17 1157 1158 970 -1
658: 669 680 681 682 683 684 -1
659: 669 680 681 682 683 684 -1
660: 669 680 681 682 683 684 687 -1
661: 669 680 681 682 683 684 687 -1
662: 669 680 681 682 683 684 687 -1
663: 669 680 681 682 683 684 -1
664: 669 680 681 682 683 684 -1
665: 669 680 681 682 683 684 -1
666: 669 680 681 682 683 684 -1
667: 669 680 681 682 683 684 -1
668: 669 680 681 682 683 684 -1
669: -1
670: 669 680 681 682 683 684 -1
671: 669 680 681 682 683 684 -1
672: 669 680 681 682 683 684 -1
673: 669 680 681 682 683 684 -1
674: 669 680 681 682 683 684 -1
675: 669 680 681 682 683 684 -1
676: 669 680 681 682 683 684 687 686 688 -1
677: 669 680 681 682 683 684 -1
678: 669 680 681 682 683 684 -1
679: 669 680 681 682 683 684 -1
680: -1
681: -1
682: -1
683: 681 658 684 -1
684: 1163 682 660 658 681 1459 1458 -1
685: 669 680 681 682 683 684 -1
686: -1
687: -1
688: -1
689: -1
690: 669 680 681 682 683 684 -1
691: 669 680 681 682 683 684 -1
692: 669 680 681 682 683 684 -1
693: 669 680 681 682 683 684 -1
694: 669 680 681 682 683 684 -1
695: 18 -1
696: 184 339 18 197 -1
697: 681 658 684 18 -1
698: 681 658 684 18 -1
699: 18 682 -1
700: 1531 1539 1536 682 18 128 2401 637 2322 1538 56 0 165 351 185 -1
701: 339 1870 336 338 335 1 411 2049 0 351 18 19 1104 883 -1
702: 1618 1619 343 0 339 18 1536 -1
703: 681 658 684 685 18 -1
704: -1
705: 2340 -1
706: -1
707: 2340 -1
708: -1
709: -1
710: -1
711: -1
712: -1
713: -1
714: -1
715: -1
716: 2340 553 -1
717: 343 1129 333 1123 715 1120 2021 2010 2020 806 1084 1051 19 2017 339 1109 2019 2810 351 -1
718: 339 19 2492 351 53 1086 978 1395 -1
719: 19 -1
720: 1129 19 1120 -1
721: 816 19 39 336 682 534 854 1103 -1
722: 1558 1 1773 2402 19 2225 3 76 33 1132 29 247 477 1870 1118 2009 339 336 1219 335 338 409 806 -1
723: 19 1136 2897 2225 1559 335 336 1104 338 1 -1
724: 411 336 338 339 1870 335 357 2893 35 1136 1132 2401 19 705 403 760 1123 185 715 41 941 1078 351 352 353 1581 354 356 355 1869 -1
725: 357 339 335 19 355 -1
726: 294 1059 1114 1618 2809 1854 2111 19 2897 1559 1581 993 356 1132 806 1877 357 336 -1
727: 19 -1
728: 1103 978 343 2010 1276 2654 351 35 185 19 3 2492 0 76 339 335 -1
729: 1536 1854 1851 1558 2009 2021 2010 1114 1531 19 2671 1115 294 -1
730: 357 333 1136 1132 19 762 339 1035 -1
731: 19 339 1395 -1
732: 1 19 0 -1
733: 19 -1
734: 338 705 56 1559 1427 2402 19 0 1302 339 335 1104 2897 351 1 -1
735: 2492 19 -1
736: -1
737: -1
738: -1
739: -1
740: -1
741: -1
742: -1
743: -1
744: -1
745: -1
746: -1
747: -1
748: -1
749: -1
750: -1
751: -1
752: -1
753: -1
754: -1
755: 338 -1
756: -1
757: -1
758: -1
759: -1
760: -1
761: -1
762: -1
763: -1
764: -1
765: -1
766: -1
767: -1
768: 766 -1
769: -1
770: -1
771: 770 766 -1
772: -1
773: 41 -1
774: -1
775: 41 351 0 184 1073 -1
776: -1
777: -1
778: -1
779: 184 41 0 351 -1
780: -1
781: -1
782: -1
783: -1
784: -1
785: -1
786: -1
787: -1
788: -1
789: -1
790: -1
791: 633 947 1926 20 2009 -1
792: 1419 -1
793: 633 -1
794: 633 1104 534 -1
795: 338 -1
796: 20 -1
797: 754 -1
798: 752 739 738 740 -1
799: 1854 -1
800: 20 -1
801: 30 333 -1
802: 409 2022 1901 -1
803: 2401 65 323 2022 2023 -1
804: 854 978 2209 1300 813 2564 1166 45 1784 336 1104 338 2330 2412 1583 -1
805: 621 336 338 335 339 1300 -1
806: 1163 1583 2330 1060 1139 1773 -1
807: 1132 339 1834 2897 1129 1105 2007 -1
808: 1478 1 -1
809: -1
810: 1300 812 -1
811: 810 814 -1
812: -1
813: 1300 -1
814: -1
815: 1870 1732 854 1109 326 335 1532 2401 304 21 2810 339 -1
816: 294 2018 21 338 621 1927 2552 -1
817: 21 1901 -1
818: 705 21 -1
819: 21 1085 -1
820: 21 -1
821: 809 21 557 1789 323 247 1324 304 592 335 338 1 409 3 339 336 1104 399 621 -1
822: 21 -1
823: 1531 21 -1
824: 33 1300 21 -1
825: -1
826: -1
827: -1
828: -1
829: 1129 809 -1
830: 28 -1
831: 339 351 2365 335 41 14 -1
832: 339 -1
833: 2552 1478 1470 1753 2564 1300 854 2726 2742 813 621 -1
834: 339 351 2365 335 41 14 -1
835: 23 1109 -1
836: 23 -1
837: 78 365 4 23 339 351 -1
838: 1109 1103 23 2010 1114 -1
839: 2330 3 324 23 1104 2018 357 595 411 336 338 409 339 2726 2951 1010 723 335 621 1400 323 353 993 -1
840: 978 1175 1049 1869 1907 0 23 78 185 715 324 339 1109 -1
841: 3 -1
842: 343 1105 1103 23 1114 2557 -1
843: 2558 2559 23 140 -1
844: 1300 1168 1234 45 23 78 1123 -1
845: 339 0 78 23 -1
846: 78 0 23 324 -1
847: 23 1130 854 -1
848: 339 0 23 -1
849: 41 1042 184 3 0 23 -1
850: 1103 2017 1129 1114 1109 1126 4 78 1120 365 23 339 351 -1
851: 23 1395 1419 1129 -1
852: 339 0 78 23 -1
853: 925 24 1302 807 2338 -1
854: 993 -1
855: -1
856: 25 242 -1
857: 338 654 1214 2662 242 1585 1123 25 1 339 621 -1
858: 1558 -1
859: 242 1478 -1
860: 137 132 149 569 25 -1
861: 25 2311 2330 1585 -1
862: 132 25 1433 -1
863: 39 1927 1928 25 1929 1931 -1
864: 1300 25 -1
865: 25 -1
866: 25 2742 -1
867: 25 -1
868: -1
869: -1
870: -1
871: -1
872: -1
873: -1
874: -1
875: 1214 26 -1
876: 621 954 26 -1
877: 1157 -1
878: 1157 -1
879: 1584 356 1581 993 26 338 1302 1132 357 -1
880: 362 1060 2742 553 633 26 1075 255 2366 -1
881: 26 2951 2012 336 -1
882: -1
883: 71 -1
884: 27 -1
885: 813 1300 255 338 1619 1478 27 854 1234 343 816 -1
886: 27 -1
887: 27 854 1105 -1
888: -1
889: 338 28 -1
890: 338 28 -1
891: 1694 2552 978 -1
892: 346 -1
893: 1214 -1
894: 409 -1
895: 28 242 2710 -1
896: 338 28 -1
897: 338 28 -1
898: -1
899: 339 -1
900: 1834 -1
901: 0 2849 -1
902: 233 621 1 -1
903: 338 -1
904: 233 1 621 -1
905: -1
906: 1 409 335 1104 656 993 356 355 336 339 1870 338 0 351 -1
907: 39 1927 1928 1929 1931 -1
908: 29 1558 339 409 -1
909: 1113 39 339 338 -1
910: 1929 -1
911: 255 2009 -1
912: 339 553 336 335 338 409 52 570 112 654 560 2943 576 577 2327 561 621 -1
913: 1113 39 339 338 -1
914: 1104 2341 1163 1854 978 1583 255 1075 1115 1294 553 2939 599 1086 2908 2726 -1
915: 1075 1583 1086 553 362 1854 978 -1
916: 1870 336 1113 898 409 -1
917: 339 1113 39 338 -1
918: 30 2313 339 0 351 348 41 -1
919: 30 -1
920: 30 -1
921: 30 0 -1
922: 35 0 349 351 339 314 30 1870 2217 -1
923: 339 31 351 -1
924: 31 -1
925: 931 -1
926: 925 -1
927: 925 1618 1619 -1
928: 925 -1
929: 925 -1
930: 925 1618 1619 1103 1105 1109 -1
931: -1
932: 925 2810 -1
933: 33 1427 2897 -1
934: 33 338 -1
935: 63 33 1396 283 1104 1427 339 1870 1132 335 338 -1
936: 1854 1536 1084 33 -1
937: 57 34 1433 -1
938: 1536 1115 1395 1300 343 978 854 1104 621 409 34 1105 1369 2675 -1
939: 810 813 814 -1
940: -1
941: -1
942: 599 1109 -1
943: -1
944: 165 184 -1
945: 1103 -1
946: -1
947: -1
948: 165 184 2044 -1
949: 165 184 -1
950: -1
951: 35 -1
952: 1536 35 940 -1
953: 343 2017 1109 2810 1120 333 1112 1103 1105 2557 35 1129 -1
954: -1
955: -1
956: -1
957: -1
958: -1
959: -1
960: 0 1 5 2 3 6 7 4 10 9 -1
961: -1
962: -1
963: -1
964: -1
965: 333 2225 2662 403 255 957 963 964 -1
966: -1
967: 931 963 964 -1
968: 255 1084 959 960 962 -1
969: 2036 1035 1136 1132 44 36 -1
970: -1
971: 1835 1922 1120 255 2017 2810 963 964 -1
972: 963 964 -1
973: 37 -1
974: 37 255 633 1157 -1
975: 1536 1854 255 633 37 1077 1157 -1
976: 255 633 37 1077 974 963 964 -1
977: 255 633 37 1077 1157 -1
978: -1
979: -1
980: -1
981: 1132 -1
982: -1
983: -1
984: 1103 2010 -1
985: 39 338 2009 -1
986: 1324 2726 242 2441 1302 2216 1928 993 1300 1478 1166 1075 854 2552 1927 3 336 39 338 1558 409 339 1132 621 1115 1854 1536 -1
987: 294 39 -1
988: 1476 39 -1
989: 338 335 336 39 3 255 339 -1
990: 1559 353 355 -1
991: 3 39 -1
992: 3 39 -1
993: -1
994: 39 -1
995: 1478 39 76 1300 -1
996: 1103 1300 336 39 338 339 -1
997: 39 -1
998: 1841 39 -1
999: 1753 255 39 336 -1
1000: 39 338 621 -1
1001: 345 333 2009 0 351 348 978 41 349 1042 339 39 336 335 595 -1
1002: 338 336 39 409 76 -1
1003: -1
1004: 39 -1
1005: 39 1444 -1
1006: 39 1476 1132 -1
1007: 0 351 41 1042 978 348 339 335 595 39 333 1877 1132 -1
1008: 411 2726 333 339 1773 1130 39 3 336 -1
1009: 1584 595 1834 336 39 1302 1928 621 2049 1448 1 3 247 2225 242 357 1104 762 978 1585 1765 1554 1841 1478 1579 898 -1
1010: 339 1870 1773 336 335 2402 1104 3 39 592 304 324 53 854 1732 332 338 1559 1 621 409 898 2009 2897 357 0 41 351 1042 347 1062 184 1082 365 411 553 1834 2951 1130 385 -1
1011: 336 39 184 1057 -1
1012: 39 2402 336 339 1 335 338 -1
1013: 1854 -1
1014: 1369 -1
1015: 1773 41 -1
1016: 715 41 0 184 1078 -1
1017: 41 -1
1018: 715 348 41 1049 1059 0 349 351 1078 184 15 1042 -1
1019: 1085 1109 2017 333 1120 345 41 351 339 1130 335 -1
1020: 41 -1
1021: 333 1109 1123 41 1120 0 1907 2017 339 2810 351 -1
1022: 1615 41 1103 1114 -1
1023: 1077 184 41 1049 553 762 -1
1024: 41 351 1075 1042 -1
1025: 0 1069 1078 41 -1
1026: 342 347 41 365 0 1061 1042 1066 184 348 715 1059 -1
1027: 41 0 1049 1061 1042 351 1087 -1
1028: 333 1109 1123 41 1120 0 1907 2017 339 2810 351 -1
1029: 1912 2654 41 0 1907 -1
1030: 41 1907 1072 1052 762 1069 763 1058 956 1086 1047 -1
1031: 347 185 715 335 41 336 1907 348 1078 351 1123 333 1109 1120 2012 2810 956 -1
1032: 41 1132 -1
1033: 715 1059 41 1870 -1
1034: 41 -1
1035: 1075 2654 0 41 1115 -1
1036: 41 0 1049 1061 1042 351 1087 -1
1037: 41 -1
1038: 2043 1066 348 41 75 1118 -1
1039: 41 351 0 184 1073 -1
1040: 343 41 -1
1041: 41 339 185 0 -1
1042: -1
1043: -1
1044: -1
1045: 1907 -1
1046: -1
1047: -1
1048: -1
1049: -1
1050: -1
1051: -1
1052: 1047 349 351 -1
1053: 1078 -1
1054: -1
1055: -1
1056: -1
1057: -1
1058: -1
1059: 763 -1
1060: 174 41 -1
1061: 1122 -1
1062: -1
1063: -1
1064: -1
1065: -1
1066: -1
1067: -1
1068: -1
1069: -1
1070: -1
1071: -1
1072: -1
1073: 1066 -1
1074: -1
1075: -1
1076: -1
1077: 184 41 -1
1078: -1
1079: -1
1080: -1
1081: 1042 -1
1082: -1
1083: -1
1084: -1
1085: -1
1086: 1060 -1
1087: -1
1088: -1
1089: -1
1090: -1
1091: 42 186 -1
1092: -1
1093: -1
1094: -1
1095: -1
1096: -1
1097: -1
1098: -1
1099: -1
1100: -1
1101: -1
1102: -1
1103: -1
1104: -1
1105: 1103 -1
1106: -1
1107: -1
1108: -1
1109: 2810 2021 -1
1110: -1
1111: -1
1112: -1
1113: -1
1114: 1618 1619 -1
1115: -1
1116: -1
1117: 1120 2019 -1
1118: -1
1119: -1
1120: -1
1121: 1120 -1
1122: -1
1123: 599 -1
1124: -1
1125: -1
1126: 2810 -1
1127: -1
1128: -1
1129: 2017 2810 1109 599 -1
1130: -1
1131: 1854 356 355 339 345 -1
1132: -1
1133: -1
1134: -1
1135: -1
1136: -1
1137: 357 347 1132 335 336 338 409 339 1130 2402 0 715 41 1042 2369 184 1078 762 1064 1069 763 1075 1086 1047 756 333 1109 1123 1120 2012 2810 2366 806 1105 -1
1138: 1858 1859 1119 1867 1868 1869 1870 -1
1139: 1852 1858 1859 -1
1140: 1105 2654 -1
1141: 2654 -1
1142: 343 2654 -1
1143: 2654 -1
1144: 1120 2020 43 -1
1145: 766 -1
1146: 1129 2654 -1
1147: 1109 1129 -1
1148: 41 43 -1
1149: 1102 43 -1
1150: 1103 43 -1
1151: -1
1152: -1
1153: 469 1147 1129 43 -1
1154: 1157 -1
1155: 1158 1157 -1
1156: 1158 1157 -1
1157: -1
1158: -1
1159: -1
1160: -1
1161: -1
1162: -1
1163: -1
1164: -1
1165: -1
1166: -1
1167: -1
1168: -1
1169: 1854 1158 1536 1115 45 -1
1170: 46 -1
1171: -1
1172: -1
1173: -1
1174: -1
1175: -1
1176: -1
1177: -1
1178: -1
1179: -1
1180: -1
1181: -1
1182: -1
1183: -1
1184: 1173 1174 1763 1764 1769 1180 1765 1183 -1
1185: 1173 1766 1764 1769 1180 1770 1765 1183 -1
1186: 1173 1766 1764 1769 1180 1770 1765 1183 -1
1187: 1173 1766 1764 1769 1180 1770 1765 1183 -1
1188: 1173 1766 1764 1769 1180 1770 1765 1183 -1
1189: 1173 1766 1764 1769 1180 1770 1765 1183 -1
1190: 1173 1174 1300 1214 1175 1176 1177 1178 1179 1180 1181 1182 1183 -1
1191: 1173 1174 1300 1214 1175 1176 1177 1178 1179 1180 1181 1182 1183 -1
1192: 1173 1766 1764 1769 1180 1770 1765 1183 -1
1193: 1173 1766 1764 1769 1180 1770 1765 1183 -1
1194: 2311 2585 2314 47 1104 -1
1195: 1173 1766 1764 1769 1180 1770 1765 1183 -1
1196: 1173 1766 1764 1769 1180 1770 1765 1183 -1
1197: 1173 1766 1764 1769 1180 1770 1765 1183 -1
1198: 1173 1766 1764 1769 1180 1770 1765 1183 -1
1199: 1173 1174 1300 1214 1175 1176 1177 1178 1179 1180 1181 1182 1183 -1
1200: 1173 1766 1764 1769 1180 1770 1765 1183 -1
1201: 1173 1766 1764 1769 1180 1770 1765 1183 -1
1202: 1173 1766 1764 1769 1180 1770 1765 1183 -1
1203: 1173 1766 1764 1769 1180 1770 1765 1183 -1
1204: 1078 47 -1
1205: 1173 1174 1300 1214 1175 1176 1177 1178 1179 1180 1181 1182 1183 -1
1206: 1173 1766 1764 1769 1180 1770 1765 1183 -1
1207: 1173 1766 1764 1769 1180 1770 1765 1183 -1
1208: 1173 1174 1175 1176 1177 1178 1179 1180 1181 1182 1183 -1
1209: 1173 1766 1764 1769 1180 1770 1765 1183 -1
1210: 1173 1174 1175 1176 1177 1178 1179 1180 1181 1182 1183 -1
1211: 1173 1174 1300 1214 1175 1176 1177 1178 1179 1180 1181 1182 1183 -1
1212: 1173 1214 1766 1764 1769 1180 1770 1765 1183 -1
1213: 1173 1766 1764 1769 1180 1770 1765 1183 -1
1214: 2413 1212 1218 1197 1185 1207 1187 1192 1200 1206 1213 1196 1198 1188 1209 1189 1186 1216 1201 1203 1195 1217 1193 1202 1208 47 1210 -1
1215: 1173 1174 1300 1214 1175 1176 1177 1178 1179 1180 1181 1182 1183 -1
1216: 1173 1766 1764 1769 1180 1770 1765 1183 -1
1217: 1173 1766 1764 1769 1180 1770 1765 1183 -1
1218: 1173 1214 1766 1764 1769 1180 1770 1765 1183 -1
1219: -1
1220: 1219 1234 -1
1221: 1219 1234 -1
1222: 1219 1234 -1
1223: 1219 1234 -1
1224: 1219 1234 -1
1225: 1219 1234 -1
1226: 1219 1234 -1
1227: 1219 1234 -1
1228: 621 -1
1229: 1234 -1
1230: 1234 -1
1231: 1234 -1
1232: 1234 -1
1233: 1234 -1
1234: 2196 2197 -1
1235: 15 1234 -1
1236: 15 1234 -1
1237: 15 -1
1238: 335 3 1 48 -1
1239: 48 -1
1240: 1241 1242 1243 -1
1241: -1
1242: -1
1243: -1
1244: -1
1245: -1
1246: -1
1247: -1
1248: -1
1249: -1
1250: -1
1251: -1
1252: -1
1253: -1
1254: -1
1255: -1
1256: 1241 1242 1243 1255 -1
1257: 1241 1242 1243 1255 -1
1258: 1241 1242 1243 1255 -1
1259: 1241 1242 1243 1255 -1
1260: 1241 1242 1243 1255 -1
1261: 1241 -1
1262: 1241 1242 1243 1255 -1
1263: 1241 1242 1243 1255 -1
1264: 1241 1242 1243 1255 -1
1265: 1241 1242 1243 1255 -1
1266: 1241 1242 1243 1255 -1
1267: 1241 1242 1243 1255 -1
1268: 2832 2833 2834 49 -1
1269: 49 23 0 339 -1
1270: 1241 1242 1243 1255 -1
1271: 1241 1242 1243 1255 -1
1272: 1241 1242 1243 1255 -1
1273: 1241 1242 1243 1255 -1
1274: 1241 1242 1243 1255 -1
1275: 1241 1242 1243 1255 -1
1276: -1
1277: -1
1278: -1
1279: -1
1280: -1
1281: -1
1282: -1
1283: -1
1284: -1
1285: 1854 1158 1103 534 978 1753 1172 1927 1440 705 1278 1279 1280 19 336 1 1284 1283 816 2385 2386 2384 1276 1277 39 1395 -1
1286: 51 -1
1287: -1
1288: -1
1289: -1
1290: 1288 1289 1291 1292 1293 1294 1295 1296 1304 -1
1291: 1304 -1
1292: -1
1293: -1
1294: -1
1295: -1
1296: -1
1297: -1
1298: -1
1299: -1
1300: 810 813 814 -1
1301: -1
1302: -1
1303: 2179 -1
1304: -1
1305: 1290 1291 1293 1294 1295 1296 1304 -1
1306: 1290 1291 1293 1294 1295 1296 1304 -1
1307: 1290 1291 1293 1294 1295 1296 1304 -1
1308: 1290 1291 1293 1294 1295 1296 1304 -1
1309: 1290 1291 1293 1294 1295 1296 1304 -1
1310: 1287 1290 1291 1293 1294 1295 1296 1304 -1
1311: 1290 1291 1293 1294 1295 1296 1304 -1
1312: 1290 1291 1293 1294 1295 1296 1304 -1
1313: 1290 1291 1293 1294 1295 1296 1304 -1
1314: 1290 1291 1293 1294 1295 1296 1304 -1
1315: 1290 1291 1293 1294 1295 1296 1304 -1
1316: 1290 1291 1293 1294 1295 1296 1304 -1
1317: 1290 1291 1293 1294 1295 1296 1304 -1
1318: 1290 1291 1293 1294 1295 1296 1304 -1
1319: 1290 1291 1293 1294 1295 1296 2564 1304 -1
1320: 1290 1291 1293 1294 1295 1296 1304 -1
1321: 1290 1291 1293 1294 1295 1296 1304 -1
1322: 1290 1291 1293 1294 1295 1296 1304 -1
1323: 1290 1291 1293 1294 1295 1296 1304 -1
1324: 2707 52 -1
1325: 1287 1290 1291 1293 1294 1295 1296 1304 -1
1326: 1290 1291 1293 1294 1295 1296 1304 -1
1327: 1290 1291 1293 1294 1295 1296 1304 -1
1328: 1290 1291 1293 1294 1295 1296 1304 -1
1329: 1290 1291 1293 1294 1295 1296 1304 -1
1330: 1290 1291 1293 1294 1295 1296 1304 -1
1331: 1290 1291 1293 1294 1295 1296 1304 -1
1332: 1290 1291 1293 1294 1295 1296 1304 -1
1333: 1290 1291 1293 1294 1295 1296 1300 1304 -1
1334: 1290 1291 1293 1294 1295 1296 409 1619 339 336 1304 -1
1335: 1290 1291 1293 1294 1295 1296 1304 -1
1336: 1290 1291 1293 1294 1295 1296 1304 -1
1337: 1290 1291 1293 1294 1295 1296 1304 -1
1338: 1290 1291 1293 1294 1295 1296 1304 -1
1339: 1290 1291 1293 1294 1295 1296 1304 -1
1340: 1290 1291 1293 1294 1295 1296 1304 -1
1341: 1290 1291 1293 1294 1295 1296 1304 -1
1342: 1290 1291 1293 1294 1295 1296 1304 -1
1343: 1290 1291 1293 1294 1295 1296 1304 -1
1344: 1290 1291 1293 1294 1295 1296 1304 -1
1345: 1290 1291 1293 1294 1295 1296 1304 -1
1346: 1290 1291 1293 1294 1295 1296 1304 -1
1347: 1290 1291 1293 1294 1295 1296 1304 -1
1348: 1290 1291 1293 1294 1295 1296 1304 -1
1349: 1287 1290 1291 1293 1294 1295 1296 1304 -1
1350: 1290 1291 1293 1294 1295 1296 1304 -1
1351: 1290 1291 1293 1294 1295 1296 1304 -1
1352: 1290 1291 1293 1294 1295 1296 1304 -1
1353: 1290 1291 1293 1294 1295 1296 1304 -1
1354: 53 -1
1355: -1
1356: 324 1114 332 409 -1
1357: 355 357 339 1834 336 621 409 324 2330 1302 -1
1358: 992 39 335 336 621 1926 504 339 338 -1
1359: 1835 -1
1360: 2313 -1
1361: 1114 347 314 0 409 41 1054 410 336 338 1042 184 339 75 53 335 351 1 -1
1362: -1
1363: 2810 2395 715 1877 -1
1364: 62 339 413 347 299 -1
1365: 2809 2654 715 2810 2017 -1
1366: 41 351 0 339 723 335 1104 1 -1
1367: 62 339 413 347 299 -1
1368: 1109 326 1120 2017 2810 -1
1369: 1376 1377 1378 -1
1370: 1376 1377 1378 -1
1371: 1376 1377 1378 -1
1372: -1
1373: -1
1374: -1
1375: -1
1376: 1369 -1
1377: 1369 -1
1378: 1369 -1
1379: -1
1380: 1376 1377 1378 1379 -1
1381: 54 -1
1382: 1380 -1
1383: -1
1384: 614 242 854 264 55 -1
1385: 39 1927 1928 55 1929 1931 -1
1386: 55 242 -1
1387: 55 -1
1388: 524 1391 1390 103 -1
1389: 2852 185 0 56 103 1391 2923 94 351 -1
1390: -1
1391: -1
1392: -1
1393: 339 336 335 338 1130 1732 356 1075 -1
1394: 1619 409 57 905 997 -1
1395: -1
1396: -1
1397: -1
1398: 58 -1
1399: 2195 242 110 -1
1400: 1732 534 197 -1
1401: 242 58 -1
1402: 58 -1
1403: 633 2009 993 242 58 1114 -1
1404: 982 983 -1
1405: 59 1164 -1
1406: 59 2496 1104 -1
1407: 60 -1
1408: 60 2366 1059 1118 1106 115 -1
1409: -1
1410: -1
1411: -1
1412: -1
1413: 61 -1
1414: -1
1415: 1418 1417 -1
1416: -1
1417: 1418 -1
1418: -1
1419: -1
1420: 1414 1416 1418 1417 -1
1421: 1414 1417 1416 1418 -1
1422: 1414 1417 1416 1418 -1
1423: 0 3 62 1166 1126 813 -1
1424: 62 2849 365 -1
1425: 946 63 -1
1426: 63 351 0 185 41 1067 184 1926 -1
1427: 78 -1
1428: -1
1429: 533 540 543 1441 1442 1443 -1
1430: 530 531 532 533 540 543 -1
1431: 530 531 532 533 540 543 -1
1432: 533 540 543 1441 1442 1443 -1
1433: 533 540 543 1441 1442 1443 -1
1434: 533 540 543 1441 1442 1443 -1
1435: 533 540 543 1441 1442 1443 -1
1436: 533 540 543 1441 1442 1443 -1
1437: 530 531 532 533 540 543 -1
1438: 530 531 532 533 540 543 1443 -1
1439: 530 531 532 533 540 543 -1
1440: 530 531 532 533 540 543 -1
1441: 534 -1
1442: -1
1443: -1
1444: 1448 339 -1
1445: 533 540 543 1441 1442 1443 -1
1446: 533 540 543 1441 1442 1443 -1
1447: 553 64 -1
1448: 339 336 335 1104 409 338 621 64 -1
1449: 64 1138 -1
1450: 242 65 -1
1451: 65 -1
1452: 1114 1478 1531 854 339 65 1300 2552 1870 1302 2401 -1
1453: 338 1448 1130 335 1104 76 621 336 354 1 1132 65 409 1096 411 -1
1454: 599 65 1558 -1
1455: 1163 -1
1456: 1163 -1
1457: 1163 -1
1458: 1163 -1
1459: -1
1460: 1163 -1
1461: -1
1462: 1461 -1
1463: 1461 1462 -1
1464: 1461 -1
1465: 1461 1462 1464 -1
1466: 1461 1462 1464 -1
1467: 1461 1462 1464 -1
1468: 131 1465 67 -1
1469: 1461 67 1465 131 -1
1470: 2228 -1
1471: 1477 2228 -1
1472: 1477 2228 -1
1473: 1477 2228 -1
1474: 2228 -1
1475: -1
1476: 614 242 1474 1470 2552 343 2654 1478 2675 534 854 1853 1531 -1
1477: -1
1478: -1
1479: 1470 -1
1480: 68 1470 -1
1481: 2441 2443 2444 2461 2463 1476 1470 -1
1482: -1
1483: -1
1484: 1482 1483 1485 -1
1485: -1
1486: -1
1487: 1397 -1
1488: -1
1489: -1
1490: -1
1491: -1
1492: -1
1493: -1
1494: -1
1495: -1
1496: -1
1497: -1
1498: -1
1499: 1482 1483 1488 108 1485 -1
1500: 1482 1483 1488 108 1485 -1
1501: 1482 1483 1488 108 1485 -1
1502: 1482 1483 1488 108 1485 -1
1503: 1482 1483 1488 108 1485 -1
1504: 1482 1483 1485 -1
1505: 1482 1483 1488 108 1485 -1
1506: 1482 1483 1485 343 -1
1507: 1482 1483 1488 108 1485 -1
1508: 1482 1483 1488 108 1485 -1
1509: 1482 1483 1488 108 1485 -1
1510: 1482 1483 1488 108 1485 -1
1511: 1482 1483 1488 108 1485 -1
1512: 1482 1483 1488 108 1485 -1
1513: 1482 1483 1488 108 1485 -1
1514: 1482 1483 1488 108 1485 -1
1515: 339 1789 69 336 1130 411 338 621 1580 1581 1582 1583 -1
1516: 70 -1
1517: 71 -1
1518: 898 71 1 1558 336 39 3 1470 338 2951 993 1694 1559 1130 409 1104 339 621 347 1079 1048 1057 2367 184 1071 348 1081 0 351 1087 -1
1519: 2495 3 -1
1520: 76 -1
1521: 71 -1
1522: 255 1178 1114 553 336 1585 534 71 637 -1
1523: 112 71 1389 -1
1524: 1715 291 654 71 1734 -1
1525: -1
1526: 72 -1
1527: 74 -1
1528: 74 -1
1529: 74 -1
1530: 74 -1
1531: -1
1532: -1
1533: 1531 1539 1532 295 -1
1534: -1
1535: 2341 -1
1536: -1
1537: -1
1538: -1
1539: 1532 75 2856 599 -1
1540: -1
1541: -1
1542: -1
1543: 75 -1
1544: 1531 -1
1545: 76 1579 15 75 621 1104 2402 1773 935 -1
1546: 1075 1104 356 1175 2742 2726 1060 352 353 1581 354 1559 2402 3 336 338 1130 1870 75 335 621 357 339 345 993 -1
1547: 1157 -1
1548: 2810 1105 1103 1618 1619 2007 1114 1374 343 2061 326 0 14 75 1120 2920 1109 1126 2021 2395 1112 1123 1115 2654 756 -1
1549: 335 1104 1054 336 1132 338 2330 -1
1550: 1531 -1
1551: 177 -1
1552: 2049 637 2539 75 1558 633 -1
1553: 715 343 1059 184 75 41 2654 761 1049 -1
1554: -1
1555: 1586 -1
1556: -1
1557: 1109 184 339 -1
1558: -1
1559: -1
1560: 338 0 -1
1561: -1
1562: 165 184 -1
1563: -1
1564: 1290 1291 1293 1294 1295 1296 1304 -1
1565: 2341 -1
1566: 2196 2197 2198 2199 2200 2201 2202 2203 2205 -1
1567: 2196 2197 2198 2199 2200 2201 2202 2203 2205 -1
1568: 1290 1291 1293 1294 1295 1296 1304 -1
1569: -1
1570: 1854 1855 -1
1571: 1851 1853 1854 1855 1873 1874 -1
1572: -1
1573: 184 -1
1574: -1
1575: -1
1576: -1
1577: 340 352 1 637 1559 621 -1
1578: -1
1579: 339 336 2466 410 242 352 1581 355 354 409 -1
1580: -1
1581: -1
1582: 76 -1
1583: -1
1584: 898 -1
1585: 255 -1
1586: -1
1587: 362 504 339 336 338 324 621 1219 1135 1175 -1
1588: 1579 76 1060 -1
1589: 2832 185 76 -1
1590: 76 2225 2896 633 477 2890 723 2742 2726 255 806 -1
1591: 2671 2897 2395 3 1302 2552 76 1839 335 242 1234 1618 1619 553 -1
1592: 3 2009 1773 335 76 -1
1593: 1584 335 336 338 409 339 2951 621 1130 1558 76 1732 1579 410 3 1135 563 324 592 -1
1594: 336 1135 39 76 338 409 1870 1927 997 335 621 2564 534 0 351 -1
1595: 633 993 1135 553 1584 595 411 3 1834 336 912 339 340 2951 1928 335 621 762 1130 2049 1558 1559 1579 39 76 338 2227 -1
1596: 637 -1
1597: 343 1103 1114 1219 76 1579 336 39 338 409 339 2321 621 1105 813 2415 2021 316 -1
1598: 76 -1
1599: 76 150 621 898 633 1584 1 -1
1600: 76 1445 336 596 338 340 1870 335 2009 247 621 1109 2492 339 1104 469 1163 1536 255 2327 411 -1
1601: 76 -1
1602: 76 2330 -1
1603: -1
1604: 77 -1
1605: 615 -1
1606: 78 -1
1607: 78 333 -1
1608: 362 78 2034 1831 553 1912 -1
1609: 78 335 -1
1610: 333 347 0 185 41 365 1907 184 351 1085 326 130 2812 1603 13 2017 1059 1126 348 349 1900 78 1114 2810 334 1618 1619 -1
1611: 326 339 351 0 78 1854 -1
1612: 357 336 339 338 78 -1
1613: 78 339 1114 1854 1123 2010 1120 333 -1
1614: 1129 78 705 339 1870 1773 1132 2009 -1
1615: -1
1616: 185 351 -1
1617: 2111 -1
1618: 1114 -1
1619: -1
1620: 1120 2661 -1
1621: 339 -1
1622: 339 -1
1623: 339 0 -1
1624: 756 -1
1625: 0 339 -1
1626: 1618 0 339 1619 -1
1627: 339 0 -1
1628: 2661 333 -1
1629: 0 339 1130 1618 -1
1630: 339 -1
1631: 333 147 339 0 -1
1632: 1633 -1
1633: 1643 -1
1634: -1
1635: -1
1636: -1
1637: 1633 1641 1642 -1
1638: 1376 1377 1378 -1
1639: 1376 1377 1378 1379 -1
1640: -1
1641: -1
1642: -1
1643: 1633 1641 1642 -1
1644: 1633 1641 1642 -1
1645: 1633 1641 1642 -1
1646: 1633 1641 1642 -1
1647: 1633 1641 1642 -1
1648: 1633 1641 1642 -1
1649: 1633 1636 1641 1642 -1
1650: 1633 1641 1642 -1
1651: 1633 1641 1642 -1
1652: 1633 1641 1642 -1
1653: 1633 1636 1641 1642 -1
1654: 1633 1641 1642 -1
1655: 1633 1641 1642 -1
1656: 1633 1641 1642 -1
1657: 1633 1641 1642 -1
1658: 1633 1641 1642 -1
1659: 1633 1641 1642 -1
1660: 1633 1641 1642 -1
1661: 1633 1641 1642 -1
1662: 1633 1641 1642 -1
1663: 1633 1641 1642 -1
1664: 1633 1641 1642 -1
1665: 1633 1641 1642 -1
1666: 1633 1641 1642 -1
1667: 1633 1641 1642 -1
1668: 1633 1641 1642 -1
1669: 1633 1641 1642 -1
1670: 1633 1641 1642 -1
1671: 1633 1641 1642 -1
1672: 1633 1641 1642 -1
1673: 1633 1641 1642 -1
1674: 1633 1641 1642 -1
1675: 1633 1641 1642 -1
1676: 1633 1641 1642 -1
1677: 1633 1641 1642 -1
1678: 1633 1641 1642 -1
1679: 1633 1641 1642 -1
1680: 1633 1641 1642 -1
1681: 1633 1641 1642 -1
1682: 1633 1641 1642 -1
1683: 1633 1641 1642 -1
1684: 1633 1641 1642 -1
1685: 1633 1641 1642 -1
1686: 1633 1641 1642 -1
1687: 1633 1641 1642 -1
1688: 1633 1641 1642 -1
1689: 1633 1641 1642 -1
1690: 1633 1641 1642 -1
1691: 1633 1641 1642 -1
1692: 1633 1641 1642 -1
1693: 1633 1641 1642 -1
1694: -1
1695: 39 1927 1928 1558 1929 1931 -1
1696: -1
1697: 1696 -1
1698: 1696 -1
1699: 1696 -1
1700: 1696 -1
1701: 1696 -1
1702: 1696 -1
1703: 1696 -1
1704: 1696 -1
1705: 1696 -1
1706: 1696 -1
1707: 1696 -1
1708: 1696 -1
1709: 1696 -1
1710: 1696 -1
1711: 1696 -1
1712: 1696 -1
1713: 1696 -1
1714: 1696 -1
1715: 1696 -1
1716: 1696 -1
1717: 1696 -1
1718: 1696 -1
1719: 1696 -1
1720: 1696 -1
1721: 1118 1696 -1
1722: 1696 -1
1723: 339 1696 -1
1724: 1696 -1
1725: 1696 -1
1726: 1696 -1
1727: 595 1696 409 -1
1728: 1696 -1
1729: 1696 -1
1730: 82 -1
1731: 1536 1109 -1
1732: 1558 -1
1733: 1558 -1
1734: -1
1735: -1
1736: 1854 1874 1875 -1
1737: 1854 1874 -1
1738: -1
1739: 1748 83 -1
1740: 1748 83 -1
1741: 1748 83 -1
1742: 1748 83 -1
1743: 1748 83 -1
1744: 1748 83 -1
1745: 1748 83 -1
1746: 1748 83 -1
1747: 1748 83 -1
1748: 1735 1736 1737 -1
1749: 1735 1736 1737 -1
1750: 1735 1736 1737 -1
1751: 1369 1115 2675 854 1172 83 614 338 336 -1
1752: 1748 83 -1
1753: 1748 83 -1
1754: 1748 83 -1
1755: 1748 83 -1
1756: 1748 83 -1
1757: 1748 83 -1
1758: 1748 83 1775 -1
1759: 1748 83 -1
1760: 1748 83 -1
1761: 1748 83 -1
1762: 1748 83 -1
1763: -1
1764: -1
1765: -1
1766: -1
1767: -1
1768: -1
1769: -1
1770: -1
1771: 898 185 84 -1
1772: 1130 84 1235 -1
1773: -1
1774: 1173 1763 1764 1765 1766 1767 1768 1769 1770 1180 1183 -1
1775: 1290 1291 1293 1294 1295 1296 336 84 1304 -1
1776: 336 84 -1
1777: 85 2225 335 2009 345 1052 41 0 1042 1069 348 349 351 1047 1834 339 1928 2897 1448 1854 -1
1778: -1
1779: 1778 -1
1780: 2906 -1
1781: 1778 -1
1782: 1778 -1
1783: -1
1784: 106 -1
1785: 87 1786 -1
1786: 1783 1784 1785 1787 -1
1787: -1
1788: 87 -1
1789: 87 -1
1790: 87 -1
1791: 87 -1
1792: 87 -1
1793: 87 -1
1794: 87 -1
1795: 87 -1
1796: 87 -1
1797: 87 -1
1798: 242 87 -1
1799: 87 -1
1800: 87 -1
1801: 87 -1
1802: 87 -1
1803: 87 -1
1804: 87 -1
1805: 87 -1
1806: 87 -1
1807: 87 -1
1808: 87 -1
1809: 87 -1
1810: 87 -1
1811: 87 -1
1812: 87 -1
1813: 87 -1
1814: 87 -1
1815: 87 -1
1816: 87 -1
1817: 87 -1
1818: 87 -1
1819: 87 -1
1820: 87 -1
1821: 87 -1
1822: 87 -1
1823: 87 -1
1824: 87 -1
1825: 87 -1
1826: 87 -1
1827: 87 -1
1828: 87 -1
1829: 87 -1
1830: 87 -1
1831: -1
1832: -1
1833: 0 351 339 335 336 314 -1
1834: -1
1835: 1359 971 1109 1129 2810 1120 2017 2019 -1
1836: 1835 88 1831 -1
1837: -1
1838: -1
1839: -1
1840: -1
1841: -1
1842: -1
1843: 1837 1838 1839 1840 1841 1842 -1
1844: 1837 1838 1839 1840 1841 1842 -1
1845: 1850 -1
1846: 1850 -1
1847: 1850 -1
1848: 1850 -1
1849: 1369 -1
1850: -1
1851: 1852 -1
1852: 1854 -1
1853: 1852 -1
1854: -1
1855: -1
1856: 1851 1874 -1
1857: 1854 1874 -1
1858: 1853 1854 1855 1851 1872 -1
1859: 1853 1854 1855 1851 1872 -1
1860: 1851 1852 1853 1854 1855 1872 1873 1874 1875 -1
1861: 1851 1852 1853 1854 1855 1872 1873 1874 1875 -1
1862: 1853 1854 1855 1851 1872 -1
1863: 1851 1852 1853 1854 1855 1872 1873 1874 1875 -1
1864: 1851 1852 1853 1854 1855 1872 1873 1874 1875 -1
1865: 1853 1854 1855 1851 359 147 1872 -1
1866: 1851 1852 1853 1854 1855 1872 1873 1874 1875 -1
1867: -1
1868: -1
1869: -1
1870: -1
1871: 1851 1852 1853 1854 1855 1872 1873 1874 1875 -1
1872: -1
1873: -1
1874: -1
1875: -1
1876: 91 -1
1877: 91 339 -1
1878: 621 339 184 0 39 336 1057 91 -1
1879: 1241 -1
1880: 1241 -1
1881: 1241 -1
1882: 1241 -1
1883: 1241 -1
1884: 1241 -1
1885: 1241 -1
1886: 1241 -1
1887: 1241 -1
1888: 1241 -1
1889: 1241 -1
1890: 1241 -1
1891: 1241 -1
1892: 1241 -1
1893: 1241 -1
1894: 1241 -1
1895: 1241 -1
1896: -1
1897: -1
1898: 2111 345 1052 762 0 41 1064 1042 1067 1085 -1
1899: -1
1900: -1
1901: 810 813 814 -1
1902: -1
1903: 13 1603 2043 22 -1
1904: -1
1905: -1
1906: -1
1907: 2179 -1
1908: 810 813 814 -1
1909: -1
1910: -1
1911: -1
1912: -1
1913: -1
1914: -1
1915: -1
1916: -1
1917: 339 -1
1918: -1
1919: -1
1920: -1
1921: 1166 1167 -1
1922: -1
1923: -1
1924: 1049 2923 351 255 94 1531 0 1391 2852 185 -1
1925: 1531 1554 1103 854 2852 185 0 1540 2924 2923 56 103 1391 94 1049 255 351 -1
1926: 1302 337 2028 21 65 2022 2023 2224 426 425 -1
1927: 2441 2443 2444 2461 2463 614 -1
1928: -1
1929: -1
1930: -1
1931: -1
1932: 39 1927 1928 2843 1929 1931 -1
1933: 39 1927 1928 1929 1931 -1
1934: 39 1927 1928 1929 1931 -1
1935: -1
1936: -1
1937: -1
1938: 1936 1937 1941 1943 1944 1948 1949 1950 1951 1954 1955 1958 1959 1960 1961 1963 1966 -1
1939: 1936 1937 1941 1943 1944 1948 1949 1950 1951 1954 1955 1958 1959 1960 1961 1963 1966 -1
1940: 1936 1937 1941 1943 1944 1948 1949 1950 1951 1954 1955 1958 1959 1960 1961 1963 1966 -1
1941: 1937 1938 1939 1940 1942 1943 1945 1946 1947 1948 1950 1951 1952 1953 1954 1955 1956 1957 1958 1960 1961 1962 1964 1965 1966 1967 1968 1969 -1
1942: 1936 1937 1941 1943 1944 1948 1949 1950 1951 1954 1955 1958 1959 1960 1961 1963 1966 -1
1943: 1936 1937 1938 1939 1940 1941 1942 1944 1945 1946 1947 1949 1952 1953 1956 1957 1959 1960 1962 1963 1964 1965 1967 1968 1969 -1
1944: 1937 1938 1939 1940 1942 1943 1945 1946 1947 1948 1950 1951 1952 1953 1954 1955 1956 1957 1958 1960 1961 1962 1964 1965 1966 1967 1968 1969 -1
1945: 1936 1937 1941 1943 1944 1948 1949 1950 1951 1954 1955 1958 1959 1960 1961 1963 1966 -1
1946: 1936 1937 1941 1943 1944 1948 1949 1950 1951 1954 1955 1958 1959 1960 1961 1963 1966 -1
1947: 1936 1937 1941 1943 1944 1948 1949 1950 1951 1954 1955 1958 1959 1960 1961 1963 1966 -1
1948: -1
1949: 1937 1938 1939 1940 1942 1943 1945 1946 1947 1948 1950 1951 1952 1953 1954 1955 1956 1957 1958 1960 1961 1962 1964 1965 1966 1967 1968 1969 -1
1950: 1936 1937 1938 1939 1940 1941 1942 1944 1945 1946 1947 1949 1952 1953 1956 1957 1959 1960 1962 1963 1964 1965 1967 1968 1969 -1
1951: 1936 1937 1938 1939 1940 1941 1942 1944 1945 1946 1947 1949 1952 1953 1956 1957 1959 1960 1962 1963 1964 1965 1967 1968 1969 -1
1952: 1936 1937 1941 1943 1944 1948 1949 1950 1951 1954 1955 1958 1959 1960 1961 1963 1966 -1
1953: 1936 1937 1941 1943 1944 1948 1949 1950 1951 1954 1955 1958 1959 1960 1961 1963 1966 -1
1954: 1936 1937 1938 1939 1940 1941 1942 1944 1945 1946 1947 1949 1952 1953 1956 1957 1959 1960 1962 1963 1964 1965 1967 1968 1969 -1
1955: 1936 1937 1938 1939 1940 1941 1942 1944 1945 1946 1947 1949 1952 1953 1956 1957 1959 1960 1962 1963 1964 1965 1967 1968 1969 -1
1956: 1936 1937 1941 1943 1944 1948 1949 1950 1951 1954 1955 1958 1959 1960 1961 1963 1966 -1
1957: 1936 1937 1941 1943 1944 1948 1949 1950 1951 1954 1955 1958 1959 1960 1961 1963 1966 -1
1958: 1936 1937 1938 1939 1940 1941 1942 1944 1945 1946 1947 1949 1952 1953 1956 1957 1959 1960 1962 1963 1964 1965 1967 1968 1969 -1
1959: 1937 1938 1939 1940 1942 1943 1945 1946 1947 1948 1950 1951 1952 1953 1954 1955 1956 1957 1958 1960 1961 1962 1964 1965 1966 1967 1968 1969 -1
1960: 1936 1937 1938 1939 1940 1941 1942 1943 1944 1945 1946 1947 1948 1949 1950 1951 1952 1953 1954 1955 1956 1957 1958 1959 1961 1962 1963 1964 1965 1966 1967 1968 1969 -1
1961: 1936 1937 1938 1939 1940 1941 1942 1944 1945 1946 1947 1949 1952 1953 1956 1957 1959 1960 1962 1963 1964 1965 1967 1968 1969 -1
1962: 1936 1937 1941 1943 1944 1948 1949 1950 1951 1954 1955 1958 1959 1960 1961 1963 1966 -1
1963: 1937 1938 1939 1940 1942 1943 1945 1946 1947 1948 1950 1951 1952 1953 1954 1955 1956 1957 1958 1960 1961 1962 1964 1965 1966 1967 1968 1969 -1
1964: 1936 1937 1941 1943 1944 1948 1949 1950 1951 1954 1955 1958 1959 1960 1961 1963 1966 -1
1965: 1936 1937 1941 1943 1944 1948 1949 1950 1951 1954 1955 1958 1959 1960 1961 1963 1966 -1
1966: 1936 1937 1938 1939 1940 1941 1942 1944 1945 1946 1947 1949 1952 1953 1956 1957 1959 1960 1962 1963 1964 1965 1967 1968 1969 -1
1967: 1936 1937 1941 1943 1944 1948 1949 1950 1951 1954 1955 1958 1959 1960 1961 1963 1966 1970 -1
1968: 1936 1937 1941 1943 1944 1948 1949 1950 1951 1954 1955 1958 1959 1960 1961 1963 1966 1970 1971 1972 -1
1969: 1936 1937 1941 1943 1944 1948 1949 1950 1951 1954 1955 1958 1959 1960 1961 1963 1966 1970 -1
1970: -1
1971: -1
1972: -1
1973: 1936 1937 1941 1943 1944 1948 1949 1950 1951 1954 1955 1958 1959 1960 1961 1963 1966 1970 1971 1972 -1
1974: 1936 1937 1941 1943 1944 1948 1949 1950 1951 1954 1955 1958 1959 1960 1961 1963 1966 1970 1971 1972 -1
1975: 1936 1937 1941 1943 1944 1948 1949 1950 1951 1954 1955 1958 1959 1960 1961 1963 1966 1970 1971 1972 -1
1976: 1936 1937 1941 1943 1944 1948 1949 1950 1951 1954 1955 1958 1959 1960 1961 1963 1966 1970 1971 1972 -1
1977: 1936 1937 1941 1943 1944 1948 1949 1950 1951 1954 1955 1958 1959 1960 1961 1963 1966 1970 1971 1972 -1
1978: 1936 1937 1941 1943 1944 1948 1949 1950 1951 1954 1955 1958 1959 1960 1961 1963 1966 1970 1971 1972 -1
1979: 1936 1937 1941 1943 1944 1948 1949 1950 1951 1954 1955 1958 1959 1960 1961 1963 1966 1970 1971 1972 -1
1980: 1936 1937 1941 1943 1944 1948 1949 1950 1951 1954 1955 1958 1959 1960 1961 1963 1966 1970 1971 1972 -1
1981: 1936 1937 1941 1943 1944 1948 1949 1950 1951 1954 1955 1958 1959 1960 1961 1963 1966 1970 1971 1972 -1
1982: 1936 1937 1941 1943 1944 1948 1949 1950 1951 1954 1955 1958 1959 1960 1961 1963 1966 1970 1971 1972 -1
1983: 1936 1937 1941 1943 1944 1948 1949 1950 1951 1954 1955 1958 1959 1960 1961 1963 1966 1970 1971 1972 -1
1984: 1936 1937 1941 1943 1944 1948 1949 1950 1951 1954 1955 1958 1959 1960 1961 1963 1966 1970 1971 1972 -1
1985: 1936 1937 1941 1943 1944 1948 1949 1950 1951 1954 1955 1958 1959 1960 1961 1963 1966 1970 1971 1972 -1
1986: 1936 1937 1941 1943 1944 1948 1949 1950 1951 1954 1955 1958 1959 1960 1961 1963 1966 1970 1971 1972 -1
1987: 1936 1937 1941 1943 1944 1948 1949 1950 1951 1954 1955 1958 1959 1960 1961 1963 1966 1970 1971 1972 -1
1988: 1936 1937 1941 1943 1944 1948 1949 1950 1951 1954 1955 1958 1959 1960 1961 1963 1966 1970 1971 1972 -1
1989: 1936 1937 1941 1943 1944 1948 1949 1950 1951 1954 1955 1958 1959 1960 1961 1963 1966 1970 1971 1972 -1
1990: 1936 1937 1941 1943 1944 1948 1949 1950 1951 1954 1955 1958 1959 1960 1961 1963 1966 1970 1971 1972 -1
1991: 1936 1937 1941 1943 1944 1948 1949 1950 1951 1954 1955 1958 1959 1960 1961 1963 1966 1970 1971 1972 -1
1992: 1936 1937 1941 1943 1944 1948 1949 1950 1951 1954 1955 1958 1959 1960 1961 1963 1966 1970 1971 1972 -1
1993: 1936 1937 1941 1943 1944 1948 1949 1950 1951 1954 1955 1958 1959 1960 1961 1963 1966 1970 1971 1972 -1
1994: 1936 1937 1941 1943 1944 1948 1949 1950 1951 1954 1955 1958 1959 1960 1961 1963 1966 1970 1971 1972 -1
1995: 1936 1937 1941 1943 1944 1948 1949 1950 1951 1954 1955 1958 1959 1960 1961 1963 1966 1970 1971 1972 -1
1996: 1936 1937 1941 1943 1944 1948 1949 1950 1951 1954 1955 1958 1959 1960 1961 1963 1966 1970 1971 1972 -1
1997: 1936 1937 1941 1943 1944 1948 1949 1950 1951 1954 1955 1958 1959 1960 1961 1963 1966 1970 1971 1972 -1
1998: 1936 1937 1941 1943 1944 1948 1949 1950 1951 1954 1955 1958 1959 1960 1961 1963 1966 1970 1971 1972 -1
1999: 1936 1937 1941 1943 1944 1948 1949 1950 1951 1954 1955 1958 1959 1960 1961 1963 1966 1970 1971 1972 -1
2000: 1936 1937 1941 1943 1944 1948 1949 1950 1951 1954 1955 1958 1959 1960 1961 1963 1966 1970 1971 1972 -1
2001: 1936 1937 1941 1943 1944 1948 1949 1950 1951 1954 1955 1958 1959 1960 1961 1963 1966 1970 1971 1972 -1
2002: 1936 1937 1941 1943 1944 1948 1949 1950 1951 1954 1955 1958 1959 1960 1961 1963 1966 1970 1971 1972 -1
2003: 1936 1937 1941 1943 1944 1948 1949 1950 1951 1954 1955 1958 1959 1960 1961 1963 1966 1970 1971 1972 -1
2004: 338 1618 1619 -1
2005: 338 1 621 -1
2006: 1118 1123 2920 339 336 255 621 338 409 335 98 1130 2402 907 -1
2007: -1
2008: -1
2009: -1
2010: -1
2011: -1
2012: 1618 1619 -1
2013: 339 333 1132 336 2009 304 -1
2014: -1
2015: -1
2016: -1
2017: 2810 -1
2018: -1
2019: 1109 1126 -1
2020: -1
2021: -1
2022: -1
2023: -1
2024: -1
2025: -1
2026: -1
2027: -1
2028: 323 306 -1
2029: -1
2030: -1
2031: -1
2032: -1
2033: -1
2034: -1
2035: -1
2036: -1
2037: -1
2038: 333 1109 1123 1120 101 2017 760 351 1129 1061 -1
2039: 101 -1
2040: 2036 -1
2041: 2036 -1
2042: 2036 2037 1396 3 1397 -1
2043: -1
2044: 0 185 -1
2045: 1175 -1
2046: 1075 -1
2047: 1075 -1
2048: 1075 -1
2049: -1
2050: -1
2051: -1
2052: -1
2053: 1461 1462 -1
2054: -1
2055: -1
2056: 1104 -1
2057: 2055 104 1603 1075 1130 357 1104 -1
2058: 2311 104 -1
2059: 2061 -1
2060: 105 -1
2061: 1536 1103 -1
2062: 106 -1
2063: 106 -1
2064: 106 -1
2065: 106 -1
2066: 106 -1
2067: 106 -1
2068: 106 -1
2069: 106 -1
2070: 106 -1
2071: 106 -1
2072: 106 -1
2073: 106 -1
2074: 106 -1
2075: 242 106 -1
2076: 106 -1
2077: 106 -1
2078: 106 -1
2079: 106 -1
2080: 106 -1
2081: 106 -1
2082: 106 -1
2083: 106 -1
2084: 106 -1
2085: 106 -1
2086: 106 -1
2087: 242 106 -1
2088: 106 -1
2089: 106 -1
2090: 106 -1
2091: 106 -1
2092: 106 -1
2093: 106 -1
2094: 106 -1
2095: 106 -1
2096: 106 -1
2097: 106 -1
2098: 106 -1
2099: 106 -1
2100: 106 -1
2101: 106 -1
2102: 106 -1
2103: 106 -1
2104: 106 -1
2105: 106 -1
2106: 106 -1
2107: 106 -1
2108: 106 -1
2109: 106 -1
2110: 106 -1
2111: -1
2112: 107 -1
2113: -1
2114: -1
2115: -1
2116: -1
2117: -1
2118: -1
2119: -1
2120: -1
2121: -1
2122: -1
2123: -1
2124: -1
2125: -1
2126: -1
2127: -1
2128: -1
2129: -1
2130: -1
2131: -1
2132: -1
2133: -1
2134: -1
2135: -1
2136: -1
2137: -1
2138: -1
2139: -1
2140: -1
2141: -1
2142: -1
2143: -1
2144: -1
2145: -1
2146: -1
2147: -1
2148: -1
2149: -1
2150: -1
2151: -1
2152: -1
2153: -1
2154: -1
2155: -1
2156: -1
2157: -1
2158: -1
2159: -1
2160: -1
2161: -1
2162: -1
2163: -1
2164: -1
2165: -1
2166: -1
2167: -1
2168: -1
2169: -1
2170: -1
2171: -1
2172: -1
2173: -1
2174: -1
2175: -1
2176: -1
2177: -1
2178: 1482 1483 1488 108 1485 -1
2179: 1907 -1
2180: 2179 -1
2181: 2179 -1
2182: 2179 -1
2183: 2179 -1
2184: 2179 -1
2185: 2179 -1
2186: 2179 -1
2187: 2179 -1
2188: 2179 -1
2189: 2179 -1
2190: 2179 -1
2191: 2179 -1
2192: 2179 -1
2193: 2179 -1
2194: 2179 -1
2195: -1
2196: -1
2197: -1
2198: -1
2199: 1234 2196 -1
2200: -1
2201: -1
2202: -1
2203: -1
2204: 2196 -1
2205: -1
2206: 2196 2197 2198 2199 2200 2201 2202 2203 -1
2207: 1075 1214 534 854 111 1566 1567 -1
2208: 111 -1
2209: 2196 2197 2198 2199 2200 2201 2202 2203 -1
2210: -1
2211: -1
2212: -1
2213: -1
2214: -1
2215: -1
2216: 2564 1478 1300 1302 338 409 336 1928 3 112 -1
2217: -1
2218: -1
2219: -1
2220: -1
2221: -1
2222: -1
2223: -1
2224: -1
2225: -1
2226: -1
2227: -1
2228: -1
2229: 2009 2402 409 -1
2230: 947 1109 2021 115 78 1355 -1
2231: 2261 2262 2263 2264 2292 2293 2294 -1
2232: 2261 2262 2263 2292 2264 -1
2233: 2261 2262 2263 2292 2264 -1
2234: 2261 2262 2263 2292 2264 -1
2235: 2261 2262 2263 2264 2292 -1
2236: 2261 2262 2263 2264 2292 2293 2294 -1
2237: 2261 2262 2263 2264 2292 2293 2294 -1
2238: 2261 2262 2263 2264 2292 2293 2294 -1
2239: 2261 2262 2263 2264 2292 2293 2294 -1
2240: 2261 2262 2263 2264 2292 2293 2294 -1
2241: 2261 2262 2263 2264 2292 2293 2294 -1
2242: 2261 2262 2263 2292 2264 -1
2243: 2261 2262 2263 2264 2292 2293 2294 -1
2244: 2261 2262 2263 2264 2292 2293 2294 -1
2245: 2261 2262 2263 2264 2292 2293 2294 -1
2246: 2261 2262 2263 2264 2292 2293 2294 -1
2247: 2261 2262 2263 2264 2292 2293 2294 -1
2248: 2261 2262 2263 2264 2292 2293 2294 -1
2249: 2261 2262 2263 2264 2292 2293 2294 -1
2250: 2261 2262 2263 2264 2292 2293 2294 -1
2251: 2261 2262 2263 2264 2292 2293 2294 -1
2252: 2261 2262 2263 2264 2292 2293 2294 -1
2253: 2261 2262 2263 2264 2292 2293 2294 -1
2254: 2261 2262 2263 2264 2292 2293 2294 -1
2255: 2261 2262 2263 2264 2292 2293 2294 -1
2256: 2261 2262 2263 2264 2292 2293 2294 -1
2257: 2261 2262 2263 2264 2292 2293 2294 -1
2258: 2261 2262 2263 2264 2292 2293 2294 -1
2259: 2261 2262 2263 2264 2292 2293 2294 -1
2260: 2261 2262 2263 2264 2292 2293 2294 -1
2261: -1
2262: -1
2263: -1
2264: -1
2265: 2262 2293 2294 2292 2263 -1
2266: 2261 2262 2263 2264 2292 2293 2294 -1
2267: 2261 2262 2263 2264 2292 2293 2294 -1
2268: 2261 2262 2263 2264 2292 2293 2294 -1
2269: 2261 2262 2263 2264 2292 2293 2294 -1
2270: 2261 2262 2263 2264 2292 2293 2294 -1
2271: 2261 2262 2263 2264 2292 2293 2294 -1
2272: 2261 2262 2263 2264 2292 2293 2294 -1
2273: 2261 2262 2263 2264 2292 2293 2294 -1
2274: 2261 2262 2263 2264 2292 2293 2294 -1
2275: 2261 2262 2263 2264 2292 2293 2294 -1
2276: 2261 2262 2263 2264 2292 2293 2294 -1
2277: 2261 2262 2263 2264 2292 2293 2294 -1
2278: 2261 2262 2263 2264 2292 2293 2294 -1
2279: 2261 2262 2263 2264 2292 2293 2294 -1
2280: 2261 2262 2263 2264 2292 2293 2294 -1
2281: 2261 2262 2263 2264 2292 2293 2294 -1
2282: 2261 2262 2263 2264 2292 2293 2294 -1
2283: 2261 2262 2263 2264 2292 2293 2294 -1
2284: 2261 2262 2263 2264 2292 2293 2294 -1
2285: 2261 2262 2263 2264 2292 2293 2294 -1
2286: 2261 2262 2263 2264 2292 2293 2294 -1
2287: 2261 2262 2263 2264 2292 2293 2294 -1
2288: 2264 2292 2293 2294 -1
2289: 2261 2262 2263 2264 2292 2293 2294 -1
2290: 2261 2262 2263 2264 2292 2293 2294 -1
2291: 2264 2292 2293 2294 -1
2292: -1
2293: -1
2294: -1
2295: 2264 2292 2293 2294 -1
2296: 2264 2292 2293 2294 -1
2297: 2264 2292 2293 2294 -1
2298: 2264 2292 2293 2294 -1
2299: 2264 2292 2293 2294 -1
2300: 2264 2292 2293 2294 -1
2301: 2261 2262 2263 2264 2292 2293 2294 -1
2302: 2261 2262 2263 2264 2292 2293 2294 -1
2303: 2261 2262 2263 2264 2292 2293 2294 -1
2304: 2261 2262 2263 2264 2292 2293 2294 -1
2305: 2261 2262 2263 2264 2292 2293 2294 -1
2306: 2261 2262 2263 2264 2292 2293 2294 -1
2307: 2261 2262 2263 2292 2264 -1
2308: 2261 2262 2263 2264 2292 2293 2294 -1
2309: 1454 -1
2310: -1
2311: 1362 -1
2312: 1324 1302 2327 -1
2313: -1
2314: -1
2315: -1
2316: -1
2317: -1
2318: -1
2319: -1
2320: 2678 1694 2710 2712 2713 2714 2715 2716 2717 2718 2719 -1
2321: -1
2322: -1
2323: -1
2324: 533 540 543 1441 1442 1443 -1
2325: 621 -1
2326: -1
2327: -1
2328: -1
2329: -1
2330: -1
2331: 1070 1870 1077 782 343 758 346 756 333 2583 777 1122 715 41 1049 2017 1059 0 1907 184 75 348 1078 787 349 351 1060 185 165 1042 1048 2111 760 345 1052 1087 1080 1051 762 1064 1065 1068 1069 1045 763 1075 1076 1046 1058 1086 1047 365 -1
2332: 2675 654 -1
2333: 1395 -1
2334: 633 2675 -1
2335: 595 1 39 117 1930 278 2908 861 242 -1
2336: 1119 -1
2337: -1
2338: -1
2339: 357 1559 595 333 411 1135 335 2402 336 1834 1104 118 338 339 2013 1132 2897 2049 1 -1
2340: -1
2341: -1
2342: -1
2343: -1
2344: 978 -1
2345: 2341 2342 -1
2346: 2341 2342 -1
2347: 2341 2342 -1
2348: 2341 2342 2344 -1
2349: 2341 2342 -1
2350: 2341 2342 -1
2351: 2341 2342 -1
2352: 2341 2342 2344 -1
2353: 2341 2342 -1
2354: 2341 2342 1123 1618 -1
2355: 2341 2342 2343 2344 356 1123 1618 353 354 355 -1
2356: 2341 2342 -1
2357: 2341 2342 -1
2358: -1
2359: 339 -1
2360: 39 1927 1928 1929 1931 -1
2361: -1
2362: 121 -1
2363: 39 1927 1928 122 1929 1931 -1
2364: -1
2365: 165 170 176 177 178 179 180 181 182 184 -1
2366: 174 41 -1
2367: -1
2368: -1
2369: -1
2370: -1
2371: 2654 -1
2372: 1470 1399 2924 1035 -1
2373: 1867 762 1060 -1
2374: 1175 2924 -1
2375: 1049 -1
2376: 1172 -1
2377: 1049 -1
2378: -1
2379: 343 -1
2380: -1
2381: -1
2382: -1
2383: -1
2384: -1
2385: -1
2386: -1
2387: 338 883 -1
2388: -1
2389: -1
2390: -1
2391: -1
2392: -1
2393: -1
2394: -1
2395: 1115 1851 2412 2584 2664 -1
2396: 1531 1419 -1
2397: 1290 -1
2398: 1531 2395 343 125 -1
2399: 2389 2390 2391 2392 2393 2394 -1
2400: -1
2401: -1
2402: -1
2403: 3 2405 -1
2404: 126 -1
2405: -1
2406: -1
2407: -1
2408: -1
2409: 343 324 1104 -1
2410: 1531 128 -1
2411: 128 -1
2412: 1115 -1
2413: 1214 -1
2414: 1470 -1
2415: -1
2416: 130 -1
2417: 333 347 0 185 41 365 1066 1907 184 351 1085 326 130 2812 1603 13 2017 1059 1126 348 349 1900 78 1114 2810 334 1618 1619 -1
2418: 2369 130 1114 -1
2419: 131 -1
2420: 2441 2443 2444 2461 2463 -1
2421: 2441 2443 2444 2461 2463 -1
2422: 2441 2443 2444 2461 2463 -1
2423: 2441 2443 2444 2461 2463 614 -1
2424: 2441 2443 2444 2461 2463 -1
2425: 2441 2443 2444 2461 2463 -1
2426: 2441 2443 2444 2461 2463 -1
2427: 2441 2443 2444 2461 2463 -1
2428: 2441 2443 2444 2461 2463 -1
2429: 2441 2443 2444 2461 2463 -1
2430: 2441 2443 2444 2461 2463 -1
2431: 2441 2443 2444 2461 2463 -1
2432: 2441 2443 2444 2461 2463 -1
2433: 2441 2443 2444 2461 2463 -1
2434: 2441 2443 2444 2461 2463 -1
2435: 2441 2443 2444 2461 2463 -1
2436: 2441 2443 2444 2461 2463 -1
2437: 2441 2443 2444 2461 2463 -1
2438: 2441 2443 2444 2461 2463 -1
2439: 2441 2443 2444 2461 2463 -1
2440: 614 -1
2441: 2475 2474 -1
2442: 2441 2443 2444 2461 2463 614 -1
2443: -1
2444: -1
2445: 2441 2443 2444 2461 2463 661 -1
2446: 2441 2443 2444 2461 2463 -1
2447: 2441 2443 2444 2461 2463 -1
2448: 2441 2443 2444 2461 2463 1536 -1
2449: 2441 2443 2444 2461 2463 -1
2450: 2441 2443 2444 2461 2463 -1
2451: 2441 2443 2444 2461 2463 -1
2452: 2441 2443 2444 2461 2463 -1
2453: 2441 2443 2444 2461 2463 -1
2454: 2441 2443 2444 2461 2463 -1
2455: 2441 2443 2444 2461 2463 2007 335 1694 409 1115 534 -1
2456: 2441 2443 2444 2461 2463 -1
2457: 2441 2443 2444 2461 2463 633 1123 -1
2458: 2441 2443 2444 2461 2463 614 -1
2459: 2441 2443 2444 2461 2463 -1
2460: 2441 2443 2444 2461 2463 -1
2461: -1
2462: 2441 2443 2444 2461 2463 -1
2463: -1
2464: 614 -1
2465: 2441 2443 2444 2461 2463 -1
2466: 2441 2443 2444 2461 2463 -1
2467: 2441 2443 2444 2461 2463 -1
2468: 2441 2443 2444 2461 2463 -1
2469: 2441 2443 2444 2461 2463 -1
2470: 2441 2443 2444 2461 2463 -1
2471: 2441 2443 2444 2461 2463 -1
2472: 2441 2443 2444 2461 2463 -1
2473: 2441 2443 2444 2461 2463 -1
2474: 2441 2443 2444 2461 2463 -1
2475: 2443 -1
2476: 2441 2443 2444 2461 2463 -1
2477: 2441 2443 2444 2461 2463 -1
2478: 2441 2443 2444 2461 2463 -1
2479: 2441 2443 2444 2461 2463 -1
2480: 1854 132 635 1115 762 -1
2481: 2487 -1
2482: 1084 2481 -1
2483: 2481 -1
2484: 2481 -1
2485: 2481 -1
2486: 2481 -1
2487: 2481 1536 -1
2488: -1
2489: -1
2490: -1
2491: 177 2826 2802 1915 2800 950 325 327 2821 2810 -1
2492: -1
2493: -1
2494: -1
2495: 2492 -1
2496: 2036 1136 1132 -1
2497: 135 2838 -1
2498: 2524 -1
2499: 2524 -1
2500: 2524 -1
2501: 2524 -1
2502: 2524 -1
2503: 2524 -1
2504: 2524 -1
2505: 2524 -1
2506: 2524 -1
2507: 2524 -1
2508: 2524 -1
2509: 2524 -1
2510: 2524 -1
2511: 2524 -1
2512: 2524 -1
2513: 2524 -1
2514: 2524 -1
2515: 2524 -1
2516: 2524 -1
2517: 2524 -1
2518: 2524 -1
2519: 2524 -1
2520: 2524 -1
2521: 2524 -1
2522: 2524 -1
2523: 2524 -1
2524: 2539 -1
2525: 2524 -1
2526: 2524 -1
2527: 2524 -1
2528: 2524 -1
2529: 2524 -1
2530: 2524 -1
2531: 2524 -1
2532: 2524 -1
2533: 2524 -1
2534: 2524 -1
2535: 2524 -1
2536: 2524 1163 -1
2537: 2524 -1
2538: 2524 -1
2539: 2524 -1
2540: 2524 -1
2541: 2524 -1
2542: 2524 -1
2543: 2524 -1
2544: 2524 1753 1060 2742 -1
2545: -1
2546: -1
2547: -1
2548: -1
2549: 2196 2197 2198 2199 2200 2201 2202 2203 1300 -1
2550: -1
2551: 2196 2197 2198 2199 2200 2201 2202 2203 2550 -1
2552: -1
2553: 138 -1
2554: -1
2555: -1
2556: 1324 -1
2557: -1
2558: -1
2559: 333 2810 -1
2560: -1
2561: 2560 -1
2562: 141 1603 615 -1
2563: 141 1603 615 -1
2564: -1
2565: -1
2566: 2564 2565 -1
2567: 2564 2565 -1
2568: 2564 2565 -1
2569: 2564 2565 -1
2570: 2564 2565 -1
2571: 2564 2565 -1
2572: 2564 2565 -1
2573: 2564 2565 -1
2574: 2564 2565 -1
2575: 2564 2565 -1
2576: 2564 2565 -1
2577: 2564 2565 -1
2578: 2564 2565 -1
2579: 2564 2565 -1
2580: 2564 2565 -1
2581: 2564 2565 -1
2582: 2564 2565 -1
2583: 2584 -1
2584: -1
2585: 2584 -1
2586: 143 -1
2587: 1748 -1
2588: 1751 -1
2589: 2395 -1
2590: 1049 343 758 2654 756 1300 715 335 41 336 0 682 339 1078 351 -1
2591: -1
2592: -1
2593: 2395 -1
2594: 144 -1
2595: 2592 2590 2591 144 2948 -1
2596: -1
2597: -1
2598: -1
2599: -1
2600: -1
2601: -1
2602: -1
2603: -1
2604: -1
2605: -1
2606: -1
2607: -1
2608: -1
2609: -1
2610: -1
2611: -1
2612: -1
2613: -1
2614: -1
2615: -1
2616: -1
2617: -1
2618: -1
2619: -1
2620: -1
2621: -1
2622: -1
2623: -1
2624: -1
2625: -1
2626: -1
2627: -1
2628: -1
2629: -1
2630: -1
2631: -1
2632: -1
2633: -1
2634: -1
2635: -1
2636: -1
2637: -1
2638: -1
2639: -1
2640: -1
2641: -1
2642: -1
2643: -1
2644: -1
2645: -1
2646: -1
2647: -1
2648: -1
2649: -1
2650: -1
2651: -1
2652: -1
2653: -1
2654: -1
2655: -1
2656: -1
2657: 1060 1075 -1
2658: 2654 -1
2659: 2654 -1
2660: 2654 -1
2661: -1
2662: -1
2663: -1
2664: -1
2665: 1914 147 0 1870 -1
2666: 1115 147 -1
2667: 1115 2583 1114 1618 1619 147 3 1234 -1
2668: 1078 185 351 -1
2669: 1124 147 -1
2670: 0 339 147 -1
2671: -1
2672: -1
2673: 1115 -1
2674: 1115 2673 2672 -1
2675: 2716 762 2712 2713 2714 2715 2717 2718 2719 2710 2678 -1
2676: 2712 2713 2714 2715 2716 2717 2718 2719 2710 -1
2677: 2679 2680 2681 2682 2683 2684 2685 2686 2687 2688 2689 2690 2691 2692 2693 2694 2695 2696 2697 2698 2699 2700 2701 2702 2703 2704 2705 1324 -1
2678: 1300 812 -1
2679: -1
2680: -1
2681: -1
2682: -1
2683: -1
2684: -1
2685: -1
2686: -1
2687: -1
2688: -1
2689: -1
2690: -1
2691: -1
2692: -1
2693: -1
2694: -1
2695: -1
2696: -1
2697: -1
2698: -1
2699: -1
2700: -1
2701: -1
2702: -1
2703: -1
2704: 2654 1300 -1
2705: -1
2706: 1234 2196 2203 -1
2707: 2712 2713 2714 2715 2716 2717 2718 2719 2708 2710 -1
2708: -1
2709: 2710 -1
2710: -1
2711: 825 826 827 828 -1
2712: 2675 2716 2709 2720 2721 -1
2713: 2675 2716 2709 2720 2721 -1
2714: 2675 2716 2709 2720 2721 -1
2715: 2675 2716 2709 2720 2721 -1
2716: -1
2717: -1
2718: -1
2719: -1
2720: 2712 2713 2714 2715 2716 2717 2718 2719 2710 -1
2721: -1
2722: 2712 2713 2714 2715 2716 2717 2718 2719 2710 -1
2723: 854 149 2312 -1
2724: 2312 1926 149 831 -1
2725: 149 2312 -1
2726: 2552 149 -1
2727: -1
2728: -1
2729: 1870 336 335 1584 150 409 -1
2730: 1075 150 -1
2731: 2675 -1
2732: 1114 1618 1619 336 338 621 409 150 1753 2061 534 682 1123 1877 761 1163 599 2009 -1
2733: 762 633 2742 255 682 2752 1104 2378 -1
2734: 150 -1
2735: -1
2736: -1
2737: -1
2738: -1
2739: -1
2740: 2735 2739 -1
2741: 2735 599 2739 -1
2742: 2735 2739 -1
2743: 2735 2739 -1
2744: 2735 2739 -1
2745: 2735 2739 -1
2746: 2735 2739 -1
2747: 2735 2739 -1
2748: 2735 2739 -1
2749: 1395 -1
2750: 152 -1
2751: 2388 -1
2752: -1
2753: 409 -1
2754: 336 -1
2755: 1113 -1
2756: 336 1113 -1
2757: 1113 -1
2758: 75 -1
2759: 184 621 -1
2760: -1
2761: -1
2762: 2760 2761 -1
2763: 2760 2761 -1
2764: 2760 2761 -1
2765: 2760 2761 -1
2766: 2760 2761 -1
2767: 2760 2761 0 351 339 621 -1
2768: 2761 -1
2769: 2760 2761 -1
2770: 2760 2761 -1
2771: 2760 2761 -1
2772: 2760 2761 -1
2773: 2760 2761 -1
2774: 2760 2761 -1
2775: 2760 2761 -1
2776: 2760 2761 -1
2777: 2760 2761 2402 409 -1
2778: 2760 2761 -1
2779: 2760 2761 762 -1
2780: 2760 2761 409 -1
2781: 2760 2761 -1
2782: 2760 2761 -1
2783: 2760 2761 -1
2784: 2760 2761 76 -1
2785: 2760 2761 -1
2786: 2760 2761 -1
2787: 2760 2761 -1
2788: 2760 2761 -1
2789: 2760 2761 -1
2790: 2760 2761 -1
2791: 2760 2761 -1
2792: 2760 2761 -1
2793: 599 1109 -1
2794: 599 -1
2795: -1
2796: -1
2797: -1
2798: -1
2799: -1
2800: -1
2801: 2800 -1
2802: -1
2803: 2802 1915 -1
2804: -1
2805: -1
2806: 950 -1
2807: -1
2808: -1
2809: 2810 2021 -1
2810: -1
2811: 2810 -1
2812: -1
2813: -1
2814: -1
2815: -1
2816: -1
2817: -1
2818: -1
2819: -1
2820: -1
2821: -1
2822: -1
2823: -1
2824: -1
2825: -1
2826: -1
2827: -1
2828: 2832 -1
2829: 2832 -1
2830: 2832 -1
2831: 2832 1531 -1
2832: -1
2833: -1
2834: -1
2835: 2832 -1
2836: 2832 2833 2834 2851 -1
2837: -1
2838: 2832 1532 2853 2854 2850 -1
2839: -1
2840: 13 -1
2841: -1
2842: -1
2843: 407 -1
2844: -1
2845: -1
2846: -1
2847: 2 335 0 -1
2848: -1
2849: 165 184 2044 -1
2850: -1
2851: -1
2852: 165 184 2044 -1
2853: -1
2854: 185 0 -1
2855: -1
2856: -1
2857: -1
2858: -1
2859: -1
2860: 2832 2833 2834 2654 1115 -1
2861: 2832 2833 2834 -1
2862: 2832 2833 2834 -1
2863: 2832 2833 2834 978 1178 -1
2864: 2832 2834 -1
2865: 2832 2833 2834 -1
2866: 2832 2833 2834 -1
2867: 2832 2833 2834 -1
2868: 2832 2833 2834 -1
2869: 2832 2833 2834 -1
2870: 2832 2833 2834 -1
2871: 2832 2833 2834 -1
2872: 2832 2833 2834 -1
2873: 2832 2833 2834 -1
2874: 2832 -1
2875: 2832 2833 2834 -1
2876: 2832 -1
2877: 2832 -1
2878: 2832 -1
2879: 2832 -1
2880: 2832 -1
2881: 2832 -1
2882: 2832 -1
2883: 2832 -1
2884: 2832 -1
2885: 2832 -1
2886: 2832 -1
2887: 2832 2833 2834 1109 2848 -1
2888: 2832 2833 2834 -1
2889: -1
2890: -1
2891: -1
2892: -1
2893: 339 336 338 335 -1
2894: -1
2895: -1
2896: -1
2897: -1
2898: -1
2899: 1084 343 2742 1075 1907 1049 0 351 41 348 955 184 553 1086 1077 2366 1773 1294 2583 1048 1536 1854 1419 978 2828 1103 785 -1
2900: 158 -1
2901: -1
2902: 339 355 -1
2903: 159 -1
2904: 159 1834 -1
2905: 599 159 -1
2906: -1
2907: 1482 1483 1485 2906 -1
2908: -1
2909: -1
2910: 2936 -1
2911: 2936 -1
2912: -1
2913: -1
2914: 2915 2913 2917 2916 2936 -1
2915: 2913 2914 2936 -1
2916: 2920 2936 2939 -1
2917: 2913 2936 -1
2918: 2912 2920 2936 -1
2919: -1
2920: -1
2921: 2936 -1
2922: -1
2923: -1
2924: 255 -1
2925: -1
2926: -1
2927: 2936 -1
2928: 2936 -1
2929: 161 2936 -1
2930: 2936 -1
2931: -1
2932: -1
2933: -1
2934: -1
2935: 2934 2936 -1
2936: 2938 2917 2914 2913 2916 2915 2918 2924 2920 2935 2934 -1
2937: 343 242 2654 2366 1175 2919 633 2913 1049 2921 2924 1369 2935 2228 2918 2896 2914 2009 1399 2378 -1
2938: 2920 2936 2937 2939 -1
2939: -1
2940: 1290 1291 1293 1294 1295 1296 336 1304 -1
2941: 1290 1291 1293 1294 1295 1296 335 1304 -1
2942: 1290 1291 1293 1294 1295 1296 1304 -1
2943: 1290 1291 1293 1294 1295 1296 1304 -1
2944: 1290 1291 1293 1294 1295 1296 1304 -1
2945: 1290 1291 1293 1294 1295 1296 1304 -1
2946: 1290 1291 1293 1294 1295 1296 1304 -1
2947: 1290 1291 1293 1294 1295 1296 1304 -1
2948: -1
2949: 409 1619 -1
2950: 336 621 409 39 1104 1928 1394 348 184 -1
2951: -1
2952: 39 1927 1928 1929 1931 -1
2953: 3 39 1532 163 304 2224 1694 907 -1
2954: 163 -1
