0: 138 -1
1: 182 183 12 -1
2: 218 -1
3: -1
4: -1
5: 325 326 327 328 329 -1
6: -1
7: 367 371 372 373 374 375 376 377 378 3 379 380 381 382 383 384 385 386 -1
8: 413 414 -1
9: 424 -1
10: -1
11: 464 465 466 467 4 379 468 469 470 29 473 474 26 475 476 477 478 479 480 481 482 483 484 485 486 0 487 488 489 490 491 492 380 366 493 494 495 496 497 498 499 97 500 501 502 503 3 504 505 506 213 507 508 509 510 49 378 511 512 513 514 515 516 517 518 519 520 521 522 523 524 525 526 527 528 529 530 531 532 533 534 535 536 537 538 539 540 541 542 543 547 -1
12: 1 183 182 -1
13: 561 562 563 564 565 566 567 568 569 570 571 572 573 574 575 576 577 578 579 580 -1
14: 218 -1
15: 596 -1
16: 600 -1
17: 601 602 603 604 605 606 607 608 609 610 611 612 613 614 615 616 617 -1
18: -1
19: 631 690 691 692 693 378 694 695 696 697 698 699 700 701 702 703 704 705 706 707 708 709 474 710 711 712 713 714 715 716 717 718 719 720 721 722 723 724 725 726 727 728 729 730 731 732 733 734 735 736 737 738 739 740 741 742 743 744 745 746 747 748 749 750 751 752 753 754 755 756 757 758 759 760 761 762 763 764 765 766 767 768 769 770 771 772 773 774 775 776 777 778 779 780 781 782 783 784 -1
20: 786 787 788 789 790 791 792 793 794 795 495 3 796 797 798 799 800 801 802 803 804 26 805 806 807 808 710 809 810 707 811 812 813 814 815 816 817 818 819 820 821 822 823 824 378 825 826 713 827 828 829 830 831 832 833 499 834 501 835 836 837 838 839 840 841 842 843 844 845 846 847 848 849 850 851 852 853 854 855 856 857 858 859 860 861 862 863 864 865 866 867 868 869 871 872 -1
21: 218 -1
22: 880 881 882 883 -1
23: 884 886 954 955 -1
24: 182 960 59 -1
25: 963 54 379 964 40 69 55 965 30 -1
26: -1
27: -1
28: 1035 1037 1038 -1
29: 1042 -1
30: 1047 -1
31: 1052 1053 1054 1055 1056 1057 1058 1059 1060 1061 1062 1063 -1
32: 1093 1094 1095 1099 1100 1101 1102 1103 1104 1105 1106 1107 1108 1110 1112 1113 1114 -1
33: -1
34: -1
35: 1122 -1
36: 1144 1145 1146 1147 1148 1149 1150 1151 1152 1155 1156 1157 -1
37: 1163 -1
38: 1164 505 4 1165 0 496 1166 1167 1168 1169 1170 1171 1172 139 -1
39: 44 -1
40: -1
41: -1
42: -1
43: 1179 1180 1181 1183 1184 1185 3 1186 1187 1188 1189 1190 1191 -1
44: -1
45: 1196 -1
46: -1
47: 1220 1223 1224 1225 1226 1228 1229 1230 1231 1232 1233 1234 1235 1236 1237 1238 1239 1240 1241 1242 -1
48: 35 1243 1244 1245 1246 1247 1164 502 1248 1249 -1
49: -1
50: 1271 1272 789 1273 502 1274 1275 1276 1277 1278 1279 1280 1281 1282 1283 1284 1285 1286 1287 -1
51: 1296 1297 694 707 715 789 502 -1
52: 1437 -1
53: 1442 -1
54: 1446 1447 1448 1449 1454 1455 -1
55: 1456 1457 3 378 27 1458 707 1459 1460 -1
56: 1463 35 379 213 5 473 1464 1465 1466 500 1467 1468 1469 720 1470 1471 1472 1473 1474 1475 1476 1477 1479 -1
57: 1487 1492 1493 1497 1499 1501 -1
58: 1536 -1
59: -1
60: 1584 1585 1586 -1
61: 1598 -1
62: 1667 1675 1677 1678 1679 -1
63: 834 596 -1
64: 807 1684 1685 1686 1687 1688 1689 -1
65: 1691 803 1692 1693 1694 1695 1696 1697 1698 1699 1700 1701 1702 507 1703 1704 1705 1706 1707 1708 1709 1710 1711 1712 1713 414 -1
66: 1760 1777 -1
67: 1779 807 1780 1063 1685 26 1781 834 380 1782 496 830 2 1783 1784 1785 378 1786 -1
68: 1787 -1
69: -1
70: -1
71: 1808 1042 -1
72: 755 474 1814 479 1815 707 1816 721 1818 692 378 1819 1820 -1
73: 1823 1824 1686 1825 -1
74: 1832 1833 1834 1835 1836 1837 1838 1839 1840 1841 1842 1843 1844 1845 1846 1847 1848 1849 -1
75: 1808 1042 -1
76: 1862 812 1863 1864 1865 1866 1867 -1
77: 380 473 1871 1872 1873 1874 1875 1217 1876 1877 1878 1 707 1879 1880 1881 3 378 1882 1883 1884 1885 789 792 1886 1145 1887 787 58 1888 495 26 1684 1248 1889 1890 379 1891 10 82 1165 2 12 1892 1893 1894 1895 1896 1897 1898 1899 1900 1901 1902 1903 1904 1905 1906 1907 -1
78: 1916 1917 1918 -1
79: 1196 -1
80: 218 -1
81: 1939 1940 1941 1942 1943 -1
82: 469 1901 1945 1946 468 1947 1948 1949 1950 1951 1952 1953 1954 1955 1956 1957 1958 1959 1960 1961 1962 1963 41 1964 1965 1966 1967 1968 1969 1970 1971 1972 1973 1974 1975 1976 1977 1978 1979 1980 1981 1982 1983 1984 1985 1986 1987 1988 1989 1990 1906 1991 1992 1993 1035 1994 1995 1996 1997 1998 1999 2000 2001 2002 2003 2004 2005 2006 2007 2008 2009 2010 2011 2012 2013 801 2014 2015 2016 2017 2018 2019 2020 2021 2022 2023 2024 2025 2026 2027 2028 2029 2030 2031 2032 1907 2033 2034 2035 2036 2037 2038 2039 2040 2041 2042 2043 2044 2045 2046 2047 2048 2049 2050 511 2051 2052 2053 2054 2055 2056 2057 2058 3240 2059 2061 2063 2064 2065 2066 1164 2067 2068 2069 2070 2071 2072 2073 2074 2075 2076 2077 2078 2079 2080 2081 173 2082 2083 2084 2085 2086 2087 2088 2089 754 2090 2091 2092 2093 2094 2095 2096 2097 2098 2099 2100 2101 2102 2103 2104 2105 2106 2107 2108 2109 2110 2111 2112 2113 2114 2115 2116 2117 2118 2119 2120 2121 2122 2123 2124 2125 2126 2127 709 2128 2129 2130 2131 2132 2133 2134 2135 2136 2137 2138 2139 2140 2141 2142 2143 2144 2145 2146 2148 2149 2150 2151 2152 2153 2154 2155 473 2156 2157 2158 2159 2160 2161 1464 2162 2163 2164 2165 2166 2167 2168 2169 2170 2171 2172 2173 2174 2175 2176 2177 2178 2179 2180 2181 2182 2184 2185 2186 2187 2188 2189 2190 2192 2193 2194 2195 2197 2198 2199 2200 2201 2202 2203 2204 2205 2206 2207 2208 2209 2210 786 2211 2212 2213 2214 2215 797 1695 2216 2217 2218 2219 2220 2221 2222 2223 2224 2225 2226 2227 2228 2229 2230 2231 2232 2233 2234 2235 712 2236 2237 2238 2239 2240 2241 2242 817 2243 2244 715 2245 2246 2247 2248 2249 2250 2251 2252 2253 2254 2255 2256 2257 2258 2259 2260 2261 2262 2263 2264 2265 2267 1063 2268 2269 2270 2271 183 2272 2273 2274 2275 2276 2277 2278 2279 2280 2281 2282 2283 2284 707 2285 2286 2287 2288 2289 2290 2291 2292 2293 2294 2295 2296 2297 2298 2299 2300 2301 2302 2303 2304 2305 2306 2307 2308 2309 1093 2310 2311 2312 2313 466 2314 467 2315 2316 1891 2317 2318 2319 2320 2321 2322 2323 2324 27 2325 2326 2327 2328 2329 2330 2331 2332 2333 2334 2335 2336 0 2337 2338 2339 2340 2341 2342 2343 2344 2345 2346 2347 2348 380 2349 33 2350 2351 2352 157 2353 2354 2355 2356 2357 2358 2359 2360 2361 2362 2363 2364 2365 2366 2367 512 2368 2369 2370 2371 2372 2373 2374 2375 2378 2379 2 2381 2382 2383 4 1470 2384 2385 2386 2387 2388 2389 2390 2391 2392 2393 2394 2395 2396 2397 2399 2400 2401 2402 2404 2405 2406 2407 2408 10 2409 59 2410 2411 2412 2413 834 2414 2415 2416 2417 2418 2419 2420 2421 2422 2423 2424 2425 2426 2427 2428 2429 2430 2431 2432 12 2433 2435 2436 2437 2438 2439 2441 2442 2443 2444 46 2445 505 2446 2447 2448 2449 2450 2451 830 2452 2453 2454 2455 2456 2457 2458 2459 2460 1874 2461 1 2462 2463 2465 2466 2467 2468 2469 2470 2471 2472 2473 753 1872 2474 2475 2476 1871 2478 2479 2480 2481 182 2482 2483 2484 2485 1892 1870 -1
83: 2520 -1
84: 789 2524 2525 -1
85: 2576 -1
86: 2581 694 707 2585 2586 757 58 375 376 378 2587 819 789 502 2589 -1
87: 2595 2596 2597 2598 2599 2600 2601 2602 2604 2605 2606 -1
88: 2608 2609 834 561 707 715 3 -1
89: 2639 -1
90: 2641 -1
91: 2642 -1
92: 2651 2652 2653 2654 2655 2656 801 2658 -1
93: 2659 2662 -1
94: 2667 2668 2669 789 2670 502 2671 2672 -1
95: 2676 2677 2678 -1
96: 1808 1042 -1
97: 2682 -1
98: 2686 2687 2688 2689 2690 2691 2692 2693 2694 2695 2696 2697 2698 2699 2700 2701 2702 2703 2704 2705 2706 2707 2708 2710 2713 2714 -1
99: 2727 2729 -1
100: 2733 -1
101: 2737 2738 26 2739 2740 2741 792 2742 2743 2744 2745 2746 2747 2748 -1
102: 2752 2753 2754 2755 2756 2757 2758 2759 2760 2761 2762 2763 2764 2765 2766 2767 2768 2769 2770 2771 2772 2773 2774 2775 2776 2777 2778 2779 2780 2781 -1
103: 2783 -1
104: 2787 -1
105: -1
106: 2806 2807 2808 2809 2810 2811 2812 -1
107: 2651 2652 2653 2654 2655 2656 801 2658 -1
108: 2818 2819 -1
109: 2821 2822 702 2823 2824 707 692 2825 1818 2826 2827 378 694 2828 2829 2830 2831 2832 696 2833 2834 2835 2836 2837 700 2838 2839 2840 2841 703 2842 2843 2844 2845 2846 2847 2848 2849 706 2850 2851 2852 2853 2854 2855 2856 2857 2858 698 2859 2860 2861 2862 2863 2864 2865 2866 2867 2868 2303 2869 2870 1870 479 2871 2872 2873 2874 2875 2373 709 2876 2877 474 711 2878 712 2879 2880 2244 2881 710 2882 2883 2884 2885 2886 2107 2887 2888 2889 2890 2891 2892 2893 2894 2895 2896 2897 2898 2899 2900 2901 2902 2306 2903 2904 2905 2906 715 1281 2907 717 2908 718 2909 2910 2911 505 2912 2913 2914 2915 2916 2917 2918 2919 2920 2921 173 2922 2923 2924 2925 2926 2927 2928 2929 2930 2931 2932 2933 1276 2934 2935 2936 2937 2939 2940 -1
110: 2972 2973 2974 2975 2976 2977 2978 2979 2980 2981 2982 2983 2984 834 2985 2986 2987 2988 2989 2990 2991 -1
111: 2992 2993 2994 2995 2996 2997 -1
112: 3001 3002 3003 3004 3005 3006 1805 3007 3008 475 3009 3010 3011 3012 3013 3014 2985 3015 4 3016 3017 284 720 3018 3019 3020 -1
113: -1
114: 3024 3025 3026 3027 3028 3029 3030 3031 3032 3033 3036 3037 -1
115: -1
116: 3068 3069 3070 3071 3072 3073 3074 3075 3076 -1
117: -1
118: 3079 3080 -1
119: 3081 58 787 3082 26 1 3083 1246 1034 1816 3084 1706 1871 792 3085 1281 1173 502 2656 830 3086 3087 3088 3089 -1
120: -1
121: 2373 3096 755 474 707 3097 1816 692 789 502 693 3098 3099 3100 1281 716 3101 1284 3102 3103 2150 375 -1
122: 2373 1692 3104 1694 3096 755 3105 474 3106 707 3107 3097 1816 3108 692 3109 789 3110 502 3111 3112 693 3113 3098 3114 3115 3099 3116 3100 3117 3118 3119 1281 3120 3121 716 3101 3122 1284 3123 3102 3103 3124 2150 3125 375 3126 3127 820 3128 3129 3130 3131 3132 3133 3134 3135 3136 3137 3138 3139 3140 2832 3141 3142 701 3143 3144 702 697 3145 706 3146 3147 3148 3149 703 704 3150 2849 3151 3152 3153 3154 3155 3156 3157 3158 3159 3160 3161 3162 3163 1713 414 -1
123: 2373 3164 1244 793 599 3081 3165 755 2214 3166 1276 3167 58 3168 799 802 803 474 3169 26 1695 3170 2107 3171 105 3172 694 3173 820 479 3174 1246 1034 3175 1685 3176 1697 3177 3178 3179 3180 3181 3182 1699 3183 800 807 3184 378 3 1701 3185 3186 1684 707 1880 3187 812 3188 1183 1816 2024 3189 3190 3191 1706 1824 407 3192 3193 3194 3195 692 3196 3197 3198 3199 3200 502 3201 3202 3203 3204 3205 2169 3088 3206 3207 3208 1185 3209 3210 3211 3212 3213 -1
124: 1469 4 3214 3215 3216 3217 3218 58 3219 3220 -1
125: 3223 3224 3226 3228 3229 3230 3231 3232 -1
126: 3237 -1
127: 3238 3239 3240 3241 3242 3243 3244 3245 3246 3247 3248 3249 3250 3251 3252 3253 3254 3255 3256 3257 3258 3259 3260 3261 3262 3263 3264 3265 3266 3267 3268 3269 3270 3271 3272 3273 3274 3275 2446 3276 3277 3278 3279 3280 3281 3282 3283 3284 3285 3286 3287 3288 3289 3290 3291 3292 3293 3294 -1
128: 3301 -1
129: 2992 3304 2994 3306 3307 3308 -1
130: 1122 3314 3315 -1
131: -1
132: -1
133: 58 473 1145 26 832 789 792 115 3362 3 820 3363 378 -1
134: 2992 3364 2994 3365 3366 3308 -1
135: 3370 3372 3373 3374 3377 3378 3379 3380 -1
136: 3382 3383 3384 3385 4 3386 46 1870 1 2444 2844 -1
137: 3405 2233 3406 3407 3408 3409 -1
138: -1
139: 4 496 0 505 1165 1164 1166 1689 -1
140: 0 -1
141: 0 3078 2322 1890 3221 860 373 2311 744 -1
142: 0 -1
143: 0 -1
144: 0 -1
145: 0 -1
146: 2902 0 -1
147: 2 2375 0 1093 373 378 -1
148: 466 0 512 -1
149: 6 0 2435 46 2448 2446 -1
150: 2787 0 2341 2337 2311 2315 2046 2179 512 2160 3175 823 787 3198 1816 793 3166 3171 2354 816 3197 818 791 822 3189 786 1244 599 58 814 1034 1697 692 378 -1
151: 2168 0 -1
152: 0 -1
153: 2311 0 21 -1
154: 2024 -1
155: 2168 2179 2824 0 -1
156: 2094 2018 793 3166 816 2359 2397 2399 2285 183 2413 2408 2416 2423 2430 2483 1905 1968 1997 2008 2030 2024 511 2052 2375 0 2368 2013 -1
157: 466 2337 0 2311 2349 -1
158: 1165 1164 0 -1
159: 385 0 1276 -1
160: 0 -1
161: 1960 512 0 3174 -1
162: 0 18 512 -1
163: 0 -1
164: 2165 0 -1
165: 2168 0 -1
166: 1907 2186 1816 0 2303 1891 1815 3221 2 -1
167: 1901 2014 2084 2024 0 -1
168: 0 -1
169: 3069 2338 0 -1
170: 3 0 -1
171: 0 -1
172: 2863 0 512 -1
173: -1
174: 0 -1
175: 0 -1
176: 3078 0 -1
177: 694 2824 2863 0 1276 -1
178: 1028 2737 2137 0 2863 2824 1458 2024 -1
179: 0 1122 1224 -1
180: 0 -1
181: 0 -1
182: -1
183: -1
184: 12 -1
185: 12 -1
186: 1781 1575 380 2 466 82 379 1891 473 496 2382 2510 2483 1877 2446 2448 1874 1872 2862 1870 35 4 1165 2315 1469 1476 12 1 497 500 2435 2133 49 -1
187: 1 744 2863 -1
188: 379 59 12 834 720 2457 1874 1 2463 2467 2413 380 1871 2435 830 500 1465 2285 2162 -1
189: 1467 -1
190: 1580 2683 473 -1
191: 1276 2080 2863 1028 2902 3240 1 -1
192: 2285 1 -1
193: 1459 2024 1 213 373 2107 2446 2483 -1
194: 1 1878 1217 1873 -1
195: 183 1 380 -1
196: 721 473 1874 380 1871 1 497 694 -1
197: 215 1 1028 -1
198: 2134 -1
199: 1 12 380 157 183 0 2360 2046 2024 1965 1035 2385 2027 1991 1781 2413 -1
200: 860 1 -1
201: 2467 1093 3240 1 2413 1870 26 807 3 466 -1
202: 1 -1
203: 182 -1
204: 1 -1
205: 1 -1
206: 2847 1 2285 1870 3253 -1
207: 1874 2463 2465 827 2478 2481 1872 1870 -1
208: 1871 -1
209: 380 1781 1467 828 466 0 157 2367 512 -1
210: 500 2435 35 2444 49 -1
211: 1 -1
212: 2458 1 380 2477 1874 2463 1875 1871 2481 1872 1876 1870 -1
213: -1
214: -1
215: 218 -1
216: -1
217: 218 -1
218: 2 213 214 215 216 217 219 220 -1
219: -1
220: -1
221: 218 -1
222: 218 -1
223: 218 -1
224: 213 -1
225: 2 -1
226: 218 -1
227: 35 379 58 213 5 1464 1465 1466 496 1467 1468 1469 720 1470 1471 1472 1473 1475 1476 1477 -1
228: 218 -1
229: 10 3201 1891 473 213 -1
230: 505 2 2435 46 12 2446 2392 2447 2455 1568 2445 2425 2453 2837 8 2402 2412 2413 2169 1689 -1
231: 218 -1
232: 2232 2 2994 -1
233: 861 213 373 1225 3078 385 3 378 58 -1
234: 218 -1
235: 218 -1
236: 789 2 4 -1
237: 2828 2861 2860 1815 501 3149 213 3154 414 -1
238: 218 -1
239: 1197 2863 1459 373 2824 3252 213 -1
240: 2320 2375 2439 3 2051 -1
241: 2 2186 757 813 -1
242: 218 -1
243: 2034 2 3214 82 1891 380 496 505 3189 -1
244: 814 707 3 -1
245: 3 2863 1028 -1
246: 2863 3 694 2375 2088 3252 3266 469 1093 2458 2303 2133 1706 1701 2896 2 3221 3249 2107 414 -1
247: 814 3 58 3192 378 -1
248: 3 794 -1
249: 58 1685 115 3 -1
250: 742 3362 3 747 -1
251: 3 -1
252: 1814 115 707 2585 58 860 3 3363 -1
253: 2172 -1
254: 3 -1
255: 3 794 2133 -1
256: 3 -1
257: 3 794 2133 -1
258: 1708 3 58 -1
259: 3 794 1145 -1
260: 1786 378 757 58 3 1816 -1
261: 3 2349 473 -1
262: 3 -1
263: 2186 2084 3273 2863 3 803 -1
264: 694 707 721 3 -1
265: 3 -1
266: 3 26 792 2483 -1
267: 860 3 2863 -1
268: 3 -1
269: 1948 3 497 -1
270: 2420 1991 2088 182 1950 2024 1965 1905 3 1983 2033 -1
271: 1814 707 1816 3 378 2912 721 757 -1
272: 3 -1
273: 3 801 -1
274: 789 473 3078 173 2863 694 3 2092 1816 -1
275: 2824 368 10 3240 1781 379 473 26 792 496 12 3 830 49 407 2205 2024 385 2 3221 694 2863 1093 2373 213 2236 3069 1035 1891 214 2107 373 744 2084 2170 865 860 757 861 866 2937 2066 2169 3360 3210 1551 378 3363 867 707 1816 2585 1273 58 1552 -1
276: 3 2169 2334 -1
277: 707 757 3 378 755 58 -1
278: 3 -1
279: 173 3 378 -1
280: 3 3069 -1
281: 720 501 1874 4 3015 -1
282: 4 213 -1
283: 4 -1
284: 120 186 496 210 3384 2798 4 2985 3014 69 -1
285: 4 -1
286: 4 3286 -1
287: 4 -1
288: 2080 2169 4 -1
289: 4 -1
290: 2058 2080 58 1224 2014 4 215 213 497 757 -1
291: 4 814 3221 -1
292: 4 -1
293: 4 2985 812 -1
294: 4 -1
295: 4 -1
296: 4 3069 -1
297: 4 2894 2430 2014 1960 1689 -1
298: 1093 4 2863 473 3240 2824 213 2303 -1
299: 4 3008 -1
300: 4 -1
301: 4 1816 2200 -1
302: 1551 4 -1
303: 4 1278 1551 -1
304: 1551 4 368 2585 2024 -1
305: 4 -1
306: 213 2512 2863 2682 385 694 1225 4 757 218 469 473 -1
307: 4 2446 -1
308: 4 3009 834 -1
309: 4 2985 -1
310: 789 1781 4 3092 3020 3014 380 496 49 2985 2378 -1
311: 2107 1028 2863 4 834 814 173 373 368 218 2824 694 -1
312: 4 -1
313: 2107 3008 4 -1
314: 4 -1
315: 4 -1
316: 2413 2145 2863 4 2133 2107 3293 -1
317: 4 -1
318: 860 3069 4 -1
319: 4 -1
320: 4 218 -1
321: 1225 2863 4 -1
322: 4 3240 2824 1176 -1
323: 4 -1
324: 4 -1
325: 2458 -1
326: -1
327: -1
328: 5 -1
329: 5 -1
330: 1122 -1
331: 1244 -1
332: 469 1901 1945 1946 468 1947 1948 1949 1950 1951 1952 1953 1954 1955 1956 1957 1958 1959 1960 1961 1962 1963 41 1964 1965 1966 1967 1968 1969 1970 1971 1972 1973 1974 1975 1976 1977 1978 1979 1980 1981 1982 1983 1984 1985 1986 1987 1988 1989 1990 1906 1991 1992 1993 1035 1994 1995 1996 1997 1998 1999 2000 2001 2002 2003 2004 2005 2006 2007 2008 2009 2010 2011 2012 2013 801 2014 2015 2016 2017 2018 2019 2020 2021 2022 2023 2024 2025 2026 2027 2028 2029 2030 2031 2032 1907 2033 2034 2035 2036 2037 2038 2039 2040 2041 2042 2043 2044 2045 2046 2047 2048 2049 2050 511 2051 2052 2053 2054 2055 2056 2057 2058 3240 2059 2060 2061 2062 2063 2064 1165 2066 1164 2067 2068 2069 2070 2071 2072 2073 2074 2075 2076 2077 2078 2079 2080 2081 173 2082 2083 2084 2085 2086 2087 2088 2089 754 2090 2091 2092 2093 2094 2095 2096 2097 2098 2099 2100 2101 2102 2103 2104 2105 2106 2107 2108 2109 2110 2111 2112 2113 2114 2115 2116 2117 2118 2119 2120 2121 2122 2123 2124 2125 2126 2127 709 2128 2129 2130 2131 2132 2133 2134 2135 2136 2137 2138 2139 2140 2141 2142 2143 2144 2145 2146 2147 2148 2149 2150 2151 2152 2153 2154 2155 473 2156 2157 2158 2159 2160 2161 1464 2162 2163 2164 2165 2166 2167 2168 2169 2170 2171 2172 2173 2174 2175 2176 2177 2178 2179 2180 2181 2182 2183 2184 2185 2186 2187 2188 2189 2190 2191 2192 2193 2194 2195 2196 2197 2198 2199 2200 2201 2202 2203 2204 2205 2206 2207 2208 2209 2210 786 2211 2212 2213 2214 2215 797 1695 2216 2217 2218 2219 2220 2221 2222 2223 2224 2225 2226 2227 2228 2229 2230 2231 2232 2233 2234 2235 712 2236 2237 2238 2239 2240 2241 2242 817 2243 2244 715 2245 2246 2247 2248 2249 2250 2251 2252 2253 2254 2255 2256 2257 2258 2259 2260 2261 2262 2263 2264 2265 2266 2267 1063 2268 2269 2270 2271 183 2272 2273 2274 2275 2276 2277 2278 2279 2280 2281 2282 2283 2284 707 2285 2286 2287 2288 2289 2290 2291 2292 2293 2294 2295 2296 2297 2298 2299 2300 2301 2302 2303 2304 2305 2306 2307 2308 2309 1093 2310 2311 2312 2313 466 2314 467 2315 2316 1891 2317 2318 2319 2320 2321 2322 2323 2324 27 2325 2326 2327 2328 2329 2330 2331 2332 2333 2334 2335 2336 0 2337 2338 2339 2340 2341 2342 2343 2344 2345 2346 2347 2348 380 2349 33 2350 2351 2352 157 2353 2354 2355 2356 2357 2358 2359 2360 2361 2362 2363 2364 2365 2366 2367 512 2368 2369 2370 2371 2372 2373 2374 2375 2376 2377 2378 2379 2380 2 2381 2382 2383 4 1470 2384 2385 2386 2387 2388 2389 2390 2391 2392 2393 2394 2395 2396 2397 2398 2399 2400 2401 2402 2403 2404 2405 2406 2407 2408 10 2409 59 2410 2411 2412 2413 834 2414 2415 2416 2417 2418 2419 2420 2421 2422 2423 2424 2425 2426 2427 2428 2429 2430 2431 2432 12 2433 2434 2435 2436 2437 2438 2439 1877 2440 2441 2442 2443 2444 46 2445 505 2446 2447 2448 2449 2450 2451 830 2452 2453 2454 2455 2456 2457 2458 2459 2460 1874 2461 1 2462 2463 2464 2465 2466 2467 2468 2469 2470 2471 2472 2473 753 1872 2474 2475 2476 1871 2477 2478 2479 2480 2481 182 2482 2483 2484 2485 1892 1870 -1
333: 1695 -1
334: 2329 -1
335: 813 -1
336: 1685 -1
337: 3 -1
338: 1244 -1
339: 3 -1
340: 1685 -1
341: 3 -1
342: 808 1122 -1
343: 2615 2639 -1
344: 27 -1
345: 59 1568 -1
346: 2659 -1
347: 502 -1
348: 801 -1
349: 830 -1
350: 46 -1
351: 505 -1
352: 505 -1
353: 2837 -1
354: 27 -1
355: 2446 -1
356: 3 -1
357: 2154 -1
358: 27 -1
359: -1
360: -1
361: -1
362: 359 6 361 -1
363: 58 6 2448 -1
364: 6 0 2435 2446 1689 -1
365: 6 2448 58 1689 -1
366: 58 6 2448 365 -1
367: -1
368: 367 371 372 373 382 381 383 384 385 386 -1
369: 371 372 373 374 382 383 384 385 386 -1
370: 367 371 372 373 374 2024 173 707 381 383 384 385 386 -1
371: -1
372: -1
373: -1
374: -1
375: -1
376: -1
377: -1
378: -1
379: 182 496 1908 -1
380: -1
381: -1
382: -1
383: -1
384: -1
385: -1
386: -1
387: 367 371 372 373 374 744 381 382 383 385 386 -1
388: 371 372 373 382 383 384 385 386 -1
389: 371 372 373 374 1034 49 497 832 500 828 834 501 382 383 384 385 386 -1
390: 367 371 372 373 2024 3078 382 381 383 384 385 386 -1
391: 373 382 383 384 385 386 -1
392: 367 371 372 373 374 2585 381 383 384 385 386 -1
393: 371 372 373 2024 382 383 384 385 386 -1
394: 367 371 372 373 374 2024 173 707 381 383 384 385 386 -1
395: 367 368 369 370 371 372 373 382 381 383 384 385 386 -1
396: 371 372 373 374 382 383 384 385 386 -1
397: 371 372 373 374 383 384 385 861 -1
398: 367 371 372 373 382 381 383 384 385 386 -1
399: 371 372 373 382 383 384 385 386 -1
400: 371 372 373 382 383 384 385 386 -1
401: 371 372 373 1220 218 469 382 383 384 385 386 -1
402: 373 374 383 384 385 386 -1
403: 371 372 373 374 382 383 384 385 386 -1
404: 367 371 372 373 374 382 381 383 384 385 386 -1
405: 371 372 373 374 382 383 384 385 386 -1
406: 367 371 372 373 374 381 382 383 384 385 386 -1
407: 367 371 372 373 382 381 383 384 385 386 -1
408: 371 372 373 20 382 383 384 385 386 -1
409: 371 372 373 382 383 384 385 386 -1
410: 371 372 373 382 383 384 385 386 -1
411: 367 371 372 373 374 2267 855 382 381 383 384 385 386 -1
412: 371 372 373 374 801 1281 3 382 383 384 385 386 -1
413: -1
414: -1
415: 414 -1
416: 414 -1
417: 414 -1
418: 793 3081 3197 3166 58 26 810 814 3139 1246 1034 3171 3175 822 1247 3 1685 800 807 1684 812 1816 816 3189 823 2787 789 792 3193 502 3205 378 2354 466 1948 1956 1905 1960 1958 1968 1969 1986 1906 1997 2004 2020 2025 2032 1907 2039 2048 2052 1781 1467 2311 10 1891 500 473 2510 2419 8 0 834 501 380 3078 499 2380 830 2366 49 720 475 2824 4 1992 1900 2423 2894 -1
419: 3078 3002 1781 793 786 2863 1244 599 3081 3197 735 3166 473 58 3168 799 3082 2458 474 26 810 3172 814 818 706 1246 1034 3171 3175 1685 822 3176 1697 3 3179 3180 791 712 3164 800 807 2467 3184 3186 1684 707 1880 3187 812 1183 1816 2024 3189 816 3190 823 407 2787 2483 3192 1706 3195 692 787 1145 789 792 115 3198 502 798 801 3201 1551 3202 3203 2301 378 3088 3206 3208 3209 3212 2354 469 466 468 1891 1948 2790 1905 1958 2115 1965 1970 1980 1981 1986 1990 1906 0 1992 1999 2004 2349 157 2019 2020 2025 2027 1907 2039 2040 2046 2048 511 512 2052 2311 380 827 778 49 10 379 1 12 830 720 499 2366 501 8 834 2380 475 2370 2377 497 1900 796 -1
420: 2 2392 2402 2413 8 2412 2425 1568 12 2435 46 2445 505 2446 2447 2837 2169 2453 2455 230 -1
421: 1225 3221 2024 8 -1
422: 793 3081 3197 3166 58 26 810 814 3139 1246 1034 3171 3175 822 1247 1685 800 807 1684 812 1816 816 3189 823 2787 789 792 3193 502 3 3205 378 2354 466 1905 2055 1960 1958 1968 1969 1986 1906 1997 2004 2020 2025 2032 1907 2039 2014 2048 2052 2447 1781 1467 2311 1891 500 2387 2510 2419 8 0 2412 834 380 3078 2483 499 2435 2380 3240 830 2366 49 720 475 2824 4 1992 1900 2423 2894 -1
423: 2080 473 2156 1464 1957 8 2160 2155 2169 494 -1
424: -1
425: 414 -1
426: 814 10 2863 720 2585 794 694 -1
427: 414 -1
428: 10 -1
429: 2899 1093 10 2301 -1
430: 10 -1
431: 10 0 512 -1
432: 58 10 12 3078 -1
433: 218 2338 1459 2896 2863 385 473 213 10 2824 -1
434: 2414 818 3139 2406 10 1816 2435 58 -1
435: 373 10 -1
436: 35 10 -1
437: 10 1465 1464 -1
438: 707 561 10 819 1887 792 379 502 1894 58 710 3 815 1902 694 767 -1
439: 213 10 -1
440: 10 -1
441: 2413 10 2375 -1
442: 2710 213 10 2863 3078 2262 218 -1
443: 173 4 3132 2863 213 694 10 1816 744 496 505 49 2306 2107 -1
444: 10 694 -1
445: 0 1 5 10 3 -1
446: 2158 2478 10 -1
447: 2080 10 2463 2169 379 2465 507 3081 1 26 115 2851 832 -1
448: 414 -1
449: 58 814 10 707 789 495 757 3 213 49 378 3069 -1
450: 492 830 2311 2315 3078 2376 2380 2156 2157 10 1 -1
451: 373 10 -1
452: 707 561 10 819 1887 792 379 502 1894 58 710 3 815 1902 694 767 -1
453: 473 10 2863 2913 1469 1815 -1
454: 10 -1
455: 10 407 1689 -1
456: 213 794 2338 2107 10 496 2603 744 3221 -1
457: 1878 2408 10 3146 2483 -1
458: 414 10 -1
459: 1891 10 467 512 2373 2379 497 501 496 830 49 4 59 1476 12 2435 1877 2363 2455 2424 -1
460: 10 373 -1
461: 1093 10 3 3240 3069 -1
462: 3360 376 378 10 860 2863 694 373 -1
463: 707 561 10 819 1887 792 379 502 1894 58 710 3 815 1902 694 767 -1
464: -1
465: -1
466: -1
467: -1
468: -1
469: -1
470: -1
471: 2080 2863 1093 2195 1904 1907 794 2072 -1
472: 860 58 3132 3363 1273 707 2585 20 789 495 1894 794 -1
473: -1
474: -1
475: 834 -1
476: -1
477: 2048 -1
478: 2860 1885 694 1476 2843 2844 2169 1093 -1
479: -1
480: -1
481: -1
482: -1
483: -1
484: -1
485: -1
486: -1
487: -1
488: -1
489: -1
490: -1
491: -1
492: -1
493: 414 -1
494: -1
495: -1
496: -1
497: -1
498: -1
499: -1
500: -1
501: -1
502: -1
503: -1
504: -1
505: -1
506: -1
507: -1
508: -1
509: -1
510: -1
511: -1
512: 3174 -1
513: 325 326 327 -1
514: -1
515: -1
516: -1
517: -1
518: -1
519: -1
520: -1
521: -1
522: -1
523: -1
524: -1
525: -1
526: -1
527: -1
528: -1
529: -1
530: -1
531: -1
532: -1
533: -1
534: -1
535: -1
536: -1
537: -1
538: -1
539: -1
540: -1
541: -1
542: -1
543: -1
544: 2024 -1
545: 2863 744 3069 -1
546: 485 3240 2014 -1
547: -1
548: 11 -1
549: 2075 792 11 2107 3217 3093 -1
550: 2844 11 20 -1
551: 58 1551 213 2863 -1
552: 189 -1
553: 2863 -1
554: 1464 1957 380 12 -1
555: 2994 2107 2133 2349 694 3221 2713 1467 1470 12 -1
556: 183 2285 1470 473 1464 -1
557: 3168 -1
558: 807 -1
559: 203 182 -1
560: 0 30 1047 12 2333 2446 -1
561: 694 1870 2841 2844 2843 -1
562: -1
563: -1
564: -1
565: -1
566: -1
567: -1
568: -1
569: -1
570: -1
571: -1
572: -1
573: -1
574: -1
575: -1
576: -1
577: -1
578: -1
579: -1
580: -1
581: 13 -1
582: 13 -1
583: 13 -1
584: 407 13 -1
585: 586 13 -1
586: 13 -1
587: 13 -1
588: 573 575 576 578 574 577 579 564 566 567 571 565 568 569 570 572 580 -1
589: 13 -1
590: 26 -1
591: 2740 -1
592: 2737 -1
593: 218 -1
594: 218 -1
595: 218 -1
596: -1
597: 15 1689 -1
598: 15 597 -1
599: -1
600: -1
601: -1
602: -1
603: -1
604: -1
605: -1
606: -1
607: -1
608: -1
609: -1
610: -1
611: -1
612: -1
613: -1
614: -1
615: -1
616: -1
617: -1
618: 604 602 612 613 614 615 616 617 -1
619: 620 -1
620: -1
621: -1
622: 2169 -1
623: 2158 2156 1467 2510 1469 834 2285 18 496 2287 2435 2440 379 2133 2485 -1
624: 1991 1999 2052 1948 1950 1951 1955 1958 1905 1960 470 2863 1965 1967 1968 1970 1979 1980 1981 1985 1986 1990 1993 2000 2001 2004 2005 2008 2012 2011 801 2017 2790 2022 2025 2027 1995 2032 1907 2024 2039 2047 2048 511 2051 1947 2320 2321 2055 41 2327 1969 2314 1984 2189 2483 2294 2028 407 2030 2362 735 2075 2080 3240 2086 2322 2090 2094 2115 2136 2137 2146 466 0 2349 18 157 2363 2367 512 2311 2315 2461 2373 1567 2466 2379 3249 2156 2157 -1
625: 325 326 327 -1
626: 325 326 327 -1
627: 2315 512 18 3069 -1
628: 2315 0 1907 3069 2373 1244 793 2746 1276 58 474 26 3170 2107 105 1246 1034 3171 1685 822 3197 2232 3180 2084 800 3184 3185 807 1684 707 3187 1183 1816 3189 721 3190 3406 407 3192 2585 2880 173 2906 692 787 1145 789 115 792 3199 1864 1281 2024 757 1278 502 798 801 3202 2671 131 2744 1063 2284 2301 820 378 818 717 3210 3211 1781 18 2412 512 -1
629: 469 1948 1950 1951 1955 1958 1905 1960 470 2863 1965 1967 1968 1970 1979 1980 1981 1985 1986 1990 1991 1993 2000 1999 2001 2004 2005 2008 2012 2011 801 2017 2790 2022 2025 2027 1995 2032 1907 2024 2039 2047 2048 511 2051 2052 1947 2320 2321 2055 41 2327 1969 2314 1984 2189 2483 2294 2028 2030 2362 735 2075 2080 3240 2086 2322 2090 2094 2115 2136 2137 2146 466 0 2349 18 157 2363 2367 512 2311 2315 2461 2373 1567 2466 2379 3249 2156 2157 -1
630: 1891 -1
631: 2349 -1
632: 631 3078 469 1093 -1
633: 631 860 845 855 863 386 -1
634: 631 -1
635: 631 -1
636: 631 2435 -1
637: 631 719 2084 -1
638: 631 -1
639: 631 -1
640: 631 3176 2863 2824 218 -1
641: 631 -1
642: 631 -1
643: 631 -1
644: 631 -1
645: 631 -1
646: 631 -1
647: 631 -1
648: 631 -1
649: 631 1276 -1
650: 631 -1
651: 631 -1
652: 631 2349 2013 1093 2863 3069 469 744 473 3240 1244 2074 3078 1276 3191 2133 1280 2132 2200 2430 -1
653: 631 3078 -1
654: 631 -1
655: 631 2 3069 3078 2236 737 1445 3182 -1
656: 631 -1
657: 631 -1
658: 631 2824 744 694 1813 1456 2863 2682 -1
659: 631 -1
660: 631 -1
661: 631 845 855 -1
662: 631 2483 2303 -1
663: 631 690 368 -1
664: 631 -1
665: 631 -1
666: 631 -1
667: 631 -1
668: 631 794 -1
669: 631 -1
670: 631 3078 3194 -1
671: 631 -1
672: 631 173 2024 2133 -1
673: 631 -1
674: 631 3182 -1
675: 631 -1
676: 631 -1
677: 631 -1
678: 631 2931 378 1276 2936 2937 2929 2938 2939 -1
679: 631 621 -1
680: 631 -1
681: 631 -1
682: 631 -1
683: 631 -1
684: 631 -1
685: 631 -1
686: 631 -1
687: 631 -1
688: 631 1276 -1
689: 631 1891 1954 -1
690: -1
691: -1
692: -1
693: -1
694: -1
695: -1
696: -1
697: -1
698: -1
699: -1
700: -1
701: 2841 694 -1
702: 360 2863 1122 -1
703: -1
704: -1
705: -1
706: 700 2830 1870 704 820 -1
707: -1
708: -1
709: -1
710: -1
711: -1
712: -1
713: -1
714: -1
715: -1
716: -1
717: -1
718: 375 561 706 702 713 693 790 -1
719: -1
720: -1
721: -1
722: -1
723: -1
724: 502 -1
725: -1
726: -1
727: -1
728: 3044 -1
729: -1
730: 1281 -1
731: -1
732: -1
733: -1
734: -1
735: -1
736: -1
737: -1
738: -1
739: -1
740: -1
741: -1
742: -1
743: 734 -1
744: -1
745: -1
746: -1
747: -1
748: -1
749: -1
750: -1
751: -1
752: -1
753: -1
754: -1
755: -1
756: 1122 -1
757: -1
758: -1
759: -1
760: -1
761: -1
762: -1
763: -1
764: -1
765: -1
766: -1
767: -1
768: -1
769: -1
770: -1
771: -1
772: -1
773: -1
774: -1
775: -1
776: -1
777: -1
778: 2994 -1
779: -1
780: -1
781: -1
782: -1
783: -1
784: -1
785: 694 707 2671 19 2585 757 -1
786: -1
787: -1
788: -1
789: -1
790: -1
791: -1
792: -1
793: -1
794: -1
795: -1
796: -1
797: -1
798: -1
799: -1
800: -1
801: -1
802: 3082 -1
803: -1
804: 182 807 -1
805: -1
806: -1
807: -1
808: 1122 -1
809: -1
810: 1276 -1
811: 2329 -1
812: -1
813: -1
814: -1
815: 694 3221 -1
816: -1
817: -1
818: -1
819: 3 -1
820: -1
821: -1
822: -1
823: -1
824: -1
825: -1
826: -1
827: 1871 -1
828: -1
829: -1
830: -1
831: -1
832: -1
833: 49 -1
834: 182 -1
835: -1
836: 414 -1
837: -1
838: -1
839: -1
840: -1
841: -1
842: -1
843: -1
844: -1
845: -1
846: -1
847: -1
848: -1
849: -1
850: -1
851: -1
852: -1
853: -1
854: 1042 -1
855: -1
856: -1
857: -1
858: -1
859: -1
860: -1
861: 2107 -1
862: -1
863: -1
864: -1
865: -1
866: -1
867: -1
868: -1
869: -1
870: 871 872 -1
871: -1
872: -1
873: 1965 860 20 359 -1
874: 871 872 -1
875: 20 -1
876: 20 -1
877: 213 -1
878: 3221 21 -1
879: 814 2844 2 373 385 860 101 21 -1
880: -1
881: -1
882: -1
883: -1
884: -1
885: 884 954 955 -1
886: -1
887: 884 886 954 955 -1
888: 884 886 954 955 -1
889: 884 886 954 955 -1
890: 884 886 954 955 -1
891: 884 886 954 955 -1
892: 884 886 954 955 -1
893: 884 886 954 955 -1
894: 884 886 954 955 -1
895: 884 886 954 955 -1
896: 884 886 954 955 -1
897: 884 886 954 955 -1
898: 884 886 954 955 -1
899: 884 886 954 955 -1
900: 884 886 954 955 -1
901: 884 886 954 955 -1
902: 884 886 954 955 -1
903: 884 886 954 955 -1
904: 884 886 954 955 -1
905: 884 886 954 955 -1
906: 884 886 954 955 -1
907: 884 886 954 955 -1
908: 884 886 954 955 -1
909: 884 886 954 955 -1
910: 884 886 954 955 -1
911: 884 886 954 955 -1
912: 884 886 954 955 -1
913: 884 886 954 955 -1
914: 884 886 954 955 -1
915: 884 886 954 955 -1
916: 884 886 954 955 -1
917: 884 886 954 955 -1
918: 884 886 954 955 -1
919: 884 886 954 955 -1
920: 884 886 954 955 -1
921: 884 886 954 955 -1
922: 884 886 954 955 -1
923: 884 886 954 955 -1
924: 884 886 954 955 -1
925: 884 886 954 955 -1
926: 884 886 954 955 -1
927: 884 886 954 955 -1
928: 884 886 954 955 -1
929: 884 886 954 955 -1
930: 884 886 954 955 -1
931: 884 886 954 955 -1
932: 884 886 954 955 -1
933: 884 886 954 955 -1
934: 884 886 954 955 -1
935: 884 886 954 955 -1
936: 884 886 954 955 -1
937: 884 886 954 955 -1
938: 884 886 954 955 -1
939: 884 886 954 955 -1
940: 884 886 954 955 -1
941: 884 886 954 955 -1
942: 884 886 954 955 -1
943: 884 886 954 955 -1
944: 884 886 954 955 -1
945: 884 886 954 955 -1
946: 884 886 954 955 -1
947: 884 886 954 955 -1
948: 884 886 954 955 -1
949: 884 886 954 955 -1
950: 884 886 954 955 -1
951: 884 886 954 955 -1
952: 884 954 -1
953: 884 886 954 955 -1
954: -1
955: 885 -1
956: 807 -1
957: 2467 2468 2413 -1
958: 2107 960 2431 1063 -1
959: 3249 1910 2457 1580 2413 103 2444 2477 2463 1875 2467 204 2470 1871 2479 2481 1872 2458 1874 753 960 182 183 2285 1467 -1
960: 2107 -1
961: 26 24 183 2285 -1
962: 2412 213 2435 5 2390 810 2406 2455 1470 2285 500 473 1464 2158 380 2457 1093 2477 1874 2463 1875 2408 2413 2467 2459 204 2470 24 2476 1871 2478 2481 1872 35 4 2384 183 1 2402 834 2333 492 12 3 2444 46 2445 2446 2448 2483 2451 2450 2133 1165 2409 -1
963: -1
964: -1
965: -1
966: 963 -1
967: 963 40 69 10 379 49 2 15 34 13 77 42 8 -1
968: 963 -1
969: 963 117 1870 792 20 2448 132 15 136 -1
970: 963 2447 2446 505 2844 -1
971: 963 26 2377 832 49 2451 77 -1
972: 963 2986 2287 2985 26 -1
973: 963 1905 40 1968 93 58 2027 2008 73 -1
974: 963 2020 719 2012 834 2092 -1
975: 963 3 1173 792 46 49 70 91 35 30 -1
976: 963 807 3192 834 3199 474 3181 -1
977: 963 20 112 2451 -1
978: 963 2447 2287 182 1254 -1
979: 963 13 964 77 2 55 20 73 -1
980: 963 2072 2413 2408 2843 -1
981: 963 20 -1
982: 963 807 2483 -1
983: 963 -1
984: 963 2902 473 -1
985: 963 97 119 98 -1
986: 963 -1
987: 963 77 -1
988: 963 -1
989: 963 98 20 -1
990: 963 -1
991: 963 -1
992: -1
993: -1
994: -1
995: 218 -1
996: 26 -1
997: 792 2746 26 -1
998: 26 2737 -1
999: 26 -1
1000: 26 2107 -1
1001: 26 49 -1
1002: 26 -1
1003: 707 407 -1
1004: 26 -1
1005: 27 993 994 992 -1
1006: 26 2744 -1
1007: 737 2024 2929 2940 1145 26 814 384 807 115 792 3 -1
1008: 213 2024 385 26 -1
1009: 26 1881 1196 -1
1010: 694 26 -1
1011: 26 998 -1
1012: 26 -1
1013: 26 -1
1014: 789 707 693 378 800 1244 599 1880 3212 1710 1145 26 792 1034 807 1684 1246 2654 131 -1
1015: 26 2133 -1
1016: 26 2133 -1
1017: 1960 26 2133 3078 1063 1276 2305 -1
1018: 707 407 -1
1019: 998 2744 2748 2739 792 2746 2747 26 2284 -1
1020: 26 2740 792 2355 1684 -1
1021: 26 694 3129 792 378 2658 -1
1022: 26 3219 -1
1023: 26 3 -1
1024: 26 3221 385 -1
1025: 26 -1
1026: 27 26 1034 3088 3212 707 -1
1027: 694 26 -1
1028: -1
1029: 27 2862 1870 2844 720 35 2863 2937 1960 2929 385 860 373 1278 1225 1781 -1
1030: 27 993 994 992 -1
1031: 27 993 994 992 -1
1032: 3069 -1
1033: 707 407 1880 -1
1034: -1
1035: 1037 1036 -1
1036: 1035 1037 1038 -1
1037: 1036 1038 -1
1038: 1036 -1
1039: 1042 -1
1040: 2373 2200 -1
1041: 2373 2200 -1
1042: -1
1043: 1042 -1
1044: 1042 -1
1045: 1042 -1
1046: 1042 -1
1047: 2211 1685 807 3168 1684 2107 58 1034 3206 30 -1
1048: 2 2899 30 -1
1049: 2084 807 2169 1121 697 30 2303 -1
1050: 797 -1
1051: 3240 1684 1685 1034 1710 58 30 1695 173 2133 -1
1052: -1
1053: -1
1054: -1
1055: -1
1056: -1
1057: -1
1058: -1
1059: -1
1060: -1
1061: -1
1062: -1
1063: -1
1064: 1052 1053 1054 1055 1056 -1
1065: 1052 1053 1054 1055 1056 -1
1066: 1052 1053 1054 1055 1056 -1
1067: 1052 1053 1054 1055 1056 807 -1
1068: 1052 1053 1054 1055 1056 797 -1
1069: 1052 1053 1054 1055 1056 -1
1070: 1052 1053 1054 1055 1056 1062 -1
1071: 1052 1053 1054 1055 1056 2413 -1
1072: 1052 1053 1054 1055 1056 -1
1073: 1052 1053 1054 1055 1056 -1
1074: 1052 1053 1054 1055 1056 -1
1075: 1052 1053 1054 1055 1056 -1
1076: 1052 1053 1054 1055 1056 -1
1077: 1052 1053 1054 1055 1056 -1
1078: 1052 1053 1054 1055 1056 -1
1079: 1052 1053 1054 1055 1056 -1
1080: 1052 1053 1054 1055 1056 2427 -1
1081: 1052 1053 1054 1055 1056 -1
1082: 1052 1053 1054 1055 1056 -1
1083: 1052 1053 1054 1055 1056 1060 -1
1084: 1052 1053 1054 1055 1056 2169 -1
1085: 1052 1053 1054 1055 1056 -1
1086: 1052 1053 1054 1055 1056 -1
1087: 1052 1053 1054 1055 1056 2303 2080 -1
1088: 1052 1053 1054 1055 1056 -1
1089: 1052 1053 1054 1055 1056 1063 -1
1090: 1052 1053 1054 1055 1056 2206 -1
1091: 1052 1053 1054 1055 1056 3249 -1
1092: -1
1093: 1092 1109 1097 1117 1118 -1
1094: 1097 1110 -1
1095: 1097 -1
1096: 1093 1094 1095 1100 1101 1102 1103 1104 1105 1106 1107 -1
1097: 1093 1095 2902 1094 -1
1098: 1093 1094 1095 -1
1099: -1
1100: -1
1101: 1097 -1
1102: 1097 -1
1103: 1097 -1
1104: 1097 -1
1105: 1097 -1
1106: 1097 -1
1107: 1097 -1
1108: 1097 -1
1109: -1
1110: -1
1111: 1093 1094 1095 -1
1112: 1092 2902 1094 1093 1097 1117 1118 -1
1113: -1
1114: -1
1115: 1093 1094 1095 -1
1116: 1093 1094 1095 1100 1101 1102 1103 1104 1105 1106 1107 1108 1110 1112 1113 1114 -1
1117: 1095 -1
1118: -1
1119: 33 1689 -1
1120: 33 1119 -1
1121: -1
1122: -1
1123: 59 182 1781 2133 834 379 35 496 1877 2287 2510 1778 -1
1124: 3190 -1
1125: 2451 2483 2133 3240 2382 1781 1255 35 501 828 834 -1
1126: 786 1243 1244 35 82 1245 1276 797 799 1880 3082 803 2216 805 1695 811 813 1246 1685 822 3176 1247 3180 2233 791 794 3 800 807 2115 2213 3185 808 2240 1684 2285 3187 812 1704 1816 2024 816 817 3189 2879 3191 3372 407 1686 2787 3192 825 692 1871 3197 715 2354 495 1864 1568 1164 502 798 1248 801 2435 3201 710 3202 504 3205 2441 46 505 2837 2448 2263 3088 713 3207 1185 1063 3209 2154 3212 -1
1127: 3221 2 1197 621 2902 814 860 1028 3252 2682 1225 694 385 35 1459 373 1677 -1
1128: 502 -1
1129: 3176 -1
1130: 2402 35 2483 49 -1
1131: 2169 2133 -1
1132: 1781 720 496 379 2446 834 -1
1133: 1145 -1
1134: 786 1243 1244 35 82 1245 1276 797 799 1880 3082 803 2216 805 1695 811 813 1246 1685 822 3176 1247 3180 2233 791 794 3 800 807 2115 2213 3185 808 2240 1684 2285 3187 812 1704 1816 2024 816 817 3189 2879 3191 3372 407 1686 2787 3192 825 692 1871 3197 715 2354 495 1864 2443 1568 1164 502 798 1248 801 2435 3201 710 3202 504 3205 2441 46 505 2837 2448 2263 3088 713 3207 1185 1063 3209 2154 3212 -1
1135: 2133 218 2863 2080 35 1781 1871 2349 3240 2107 2 -1
1136: 35 694 -1
1137: 1706 -1
1138: 1814 -1
1139: 3192 -1
1140: 1864 -1
1141: 26 -1
1142: 3194 -1
1143: 786 1243 1244 35 82 1245 1276 797 799 1880 3082 803 2216 805 1695 811 813 1246 1685 822 3176 744 1247 3180 2233 791 794 3 800 807 2115 2213 3185 808 2240 1684 2285 3187 812 1704 1816 2024 816 817 3189 2879 3191 3372 407 1686 2787 3192 825 692 1871 3197 715 2354 495 1864 1568 1164 502 798 1248 801 2435 3201 710 3202 504 3205 2441 46 505 2837 2448 2263 3088 713 3207 1185 1063 3209 2154 3212 -1
1144: -1
1145: -1
1146: -1
1147: -1
1148: -1
1149: -1
1150: -1
1151: -1
1152: -1
1153: -1
1154: 1157 -1
1155: -1
1156: -1
1157: -1
1158: 1154 36 1153 -1
1159: 1144 1155 1156 1157 -1
1160: 1144 1155 1156 1157 -1
1161: 1144 1155 1156 1157 -1
1162: 1144 1155 1156 1157 -1
1163: -1
1164: -1
1165: 1164 0 157 2349 174 -1
1166: -1
1167: -1
1168: -1
1169: 0 1 2 3 4 5 6 7 8 9 -1
1170: 5 1 0 379 4 2 3 10 -1
1171: -1
1172: -1
1173: 1 -1
1174: 1034 1685 2186 807 1684 39 1960 2084 -1
1175: 1121 2353 39 -1
1176: -1
1177: 1963 41 2169 -1
1178: 2413 42 -1
1179: -1
1180: -1
1181: -1
1182: 1179 1180 1181 1187 1188 1189 1190 1191 -1
1183: -1
1184: -1
1185: -1
1186: -1
1187: -1
1188: -1
1189: -1
1190: -1
1191: -1
1192: 1179 1180 1181 1186 1187 1188 1189 1190 1191 -1
1193: 1179 1180 1181 2108 1186 1187 1188 1189 1190 1191 -1
1194: 1179 1180 1181 1191 1186 -1
1195: 2902 2133 44 737 2413 -1
1196: 1197 -1
1197: -1
1198: 1196 -1
1199: 1196 -1
1200: 1196 -1
1201: 373 379 46 505 -1
1202: 2787 -1
1203: 2710 3240 3078 373 860 46 1149 1246 3081 2240 2080 2172 2084 -1
1204: 58 2232 817 3192 3195 378 3129 786 3203 -1
1205: 466 2165 0 469 2349 157 512 -1
1206: 505 -1
1207: 2024 1881 46 385 860 373 -1
1208: 3164 -1
1209: 3197 818 791 -1
1210: 2329 -1
1211: 2070 2071 2081 2073 2074 2075 2076 2077 2080 2127 2136 2086 754 2090 2094 2096 2115 2101 2106 2114 2119 2121 2123 2126 2129 2130 2135 2137 2146 2149 2154 -1
1212: 373 46 505 -1
1213: 2014 385 46 505 -1
1214: 46 -1
1215: 2329 -1
1216: 860 215 46 505 373 1225 -1
1217: -1
1218: 2435 49 379 2445 2447 2413 46 1123 834 -1
1219: 1220 1223 1224 1225 1226 1236 3182 1228 694 -1
1220: 1222 1219 1227 -1
1221: 1220 1223 1224 1225 1226 -1
1222: -1
1223: -1
1224: -1
1225: -1
1226: -1
1227: 1220 1223 1224 1225 1226 1228 1229 1230 1231 1232 1233 1234 1235 1236 1237 1238 1239 1240 1241 1242 -1
1228: 1222 1219 1227 -1
1229: 1222 1219 -1
1230: 1222 1219 1227 -1
1231: 1222 1219 1227 -1
1232: 1222 1219 1227 -1
1233: 1222 1219 1227 -1
1234: 1222 1219 1227 -1
1235: 1222 1219 1227 -1
1236: 1222 1219 1227 -1
1237: 1222 1219 1227 -1
1238: 1222 1219 1227 -1
1239: 1222 1219 1227 -1
1240: 1222 1219 1227 -1
1241: 1222 1219 1227 -1
1242: -1
1243: -1
1244: -1
1245: -1
1246: -1
1247: -1
1248: -1
1249: 27 -1
1250: 707 -1
1251: 793 2179 3166 3171 1247 1816 816 2402 2510 496 2435 49 1781 -1
1252: 2455 2830 778 49 -1
1253: 800 -1
1254: -1
1255: 2435 82 379 49 496 182 -1
1256: 3 -1
1257: 3081 -1
1258: 3098 -1
1259: 49 -1
1260: 792 -1
1261: 26 -1
1262: 2402 778 3139 2169 2435 49 2897 707 1969 800 3197 2301 2824 -1
1263: 1781 830 499 49 3 26 694 2839 2844 1870 3129 3087 818 3252 3290 -1
1264: 3192 49 -1
1265: 2451 2435 49 2841 496 2483 2169 -1
1266: 1684 -1
1267: 502 -1
1268: 2483 2894 2169 2510 2413 499 1469 3078 3240 501 2491 496 2080 2287 49 2386 2392 2683 486 3238 1781 1467 1555 2447 2899 2909 -1
1269: 2744 49 2413 2483 3240 -1
1270: 2169 49 -1
1271: -1
1272: -1
1273: -1
1274: -1
1275: -1
1276: -1
1277: -1
1278: -1
1279: -1
1280: -1
1281: -1
1282: -1
1283: -1
1284: -1
1285: -1
1286: -1
1287: -1
1288: 1271 3194 -1
1289: 2899 2092 2206 -1
1290: 1271 -1
1291: 1271 -1
1292: 1283 1285 2902 3176 1277 1284 1276 2236 2585 1273 2303 2169 1282 173 368 2080 2899 744 3069 1281 2670 789 502 2092 3098 -1
1293: 1271 3176 -1
1294: 1271 1276 -1
1295: 1271 -1
1296: -1
1297: -1
1298: 2585 58 -1
1299: 721 757 -1
1300: 3406 2240 807 3 -1
1301: 1437 -1
1302: 1437 -1
1303: 1437 -1
1304: 1437 -1
1305: 1437 -1
1306: 1437 -1
1307: 1437 -1
1308: 1437 -1
1309: 1437 -1
1310: 1437 -1
1311: 1437 -1
1312: 1437 -1
1313: 1437 -1
1314: 1437 -1
1315: 1437 -1
1316: 1437 -1
1317: 1437 -1
1318: 1437 -1
1319: 1437 -1
1320: 1437 -1
1321: 1437 -1
1322: 1437 -1
1323: 1437 -1
1324: 1437 -1
1325: 1437 -1
1326: 1437 -1
1327: 1437 -1
1328: 1437 -1
1329: 1437 -1
1330: 1437 -1
1331: 1437 -1
1332: 1437 -1
1333: 1437 -1
1334: 1437 -1
1335: 1437 -1
1336: 1437 -1
1337: 1437 -1
1338: 1437 -1
1339: 1437 -1
1340: 1437 -1
1341: 1437 -1
1342: 1437 -1
1343: 1437 -1
1344: 1437 -1
1345: 1437 -1
1346: 1437 -1
1347: 1437 -1
1348: 1437 -1
1349: 1437 -1
1350: 1437 -1
1351: 1437 -1
1352: 1437 -1
1353: 1437 -1
1354: 1437 -1
1355: 1437 -1
1356: 1437 -1
1357: 1437 -1
1358: 1437 -1
1359: 1437 -1
1360: 1437 -1
1361: 1437 -1
1362: 1437 -1
1363: 1437 -1
1364: 1437 -1
1365: 1437 -1
1366: 1437 -1
1367: 1437 -1
1368: 1437 -1
1369: 1437 -1
1370: 1437 -1
1371: 1437 -1
1372: 1437 -1
1373: 1437 -1
1374: 1437 -1
1375: 1437 -1
1376: 1437 -1
1377: 1437 -1
1378: 1437 -1
1379: 1437 -1
1380: 1437 -1
1381: 1437 -1
1382: 1437 -1
1383: 1437 -1
1384: 1437 -1
1385: 1437 -1
1386: 1437 -1
1387: 1437 -1
1388: 1437 -1
1389: 1437 -1
1390: 1437 -1
1391: 1437 -1
1392: 1437 -1
1393: 1437 -1
1394: 1437 -1
1395: 1437 -1
1396: 1437 -1
1397: 1437 -1
1398: 1437 -1
1399: 1437 -1
1400: 1437 -1
1401: 1437 -1
1402: 1437 -1
1403: 1437 -1
1404: 1437 -1
1405: 1437 -1
1406: 1437 -1
1407: 1437 -1
1408: 1437 -1
1409: 1437 -1
1410: 1437 -1
1411: 1437 -1
1412: 1437 -1
1413: 1437 -1
1414: 1437 -1
1415: 1437 -1
1416: 1437 -1
1417: 1437 -1
1418: 1437 -1
1419: 1437 -1
1420: 1437 -1
1421: 1437 -1
1422: 1437 -1
1423: 1437 -1
1424: 1437 -1
1425: 1437 -1
1426: 1437 -1
1427: 1437 -1
1428: 1437 -1
1429: 1437 -1
1430: 1437 -1
1431: 1437 -1
1432: 1437 -1
1433: 1437 -1
1434: 1437 -1
1435: 1437 -1
1436: 1437 -1
1437: -1
1438: 1437 -1
1439: 1437 -1
1440: 1437 -1
1441: 1437 -1
1442: -1
1443: 1454 1455 -1
1444: 1449 1454 1455 -1
1445: 1454 1455 -1
1446: 1453 -1
1447: 1453 -1
1448: 1453 -1
1449: 1452 -1
1450: 1455 -1
1451: 1454 1455 -1
1452: -1
1453: 1454 1455 -1
1454: 1453 -1
1455: 1453 -1
1456: -1
1457: -1
1458: -1
1459: -1
1460: -1
1461: 2863 1459 -1
1462: 2863 1459 -1
1463: 59 -1
1464: -1
1465: -1
1466: -1
1467: -1
1468: -1
1469: -1
1470: -1
1471: 58 26 810 1874 3363 1034 1685 804 807 1684 707 812 1145 792 789 502 3203 3 1905 -1
1472: 1473 -1
1473: -1
1474: -1
1475: -1
1476: -1
1477: 2 214 215 217 218 -1
1478: 1479 -1
1479: -1
1480: 1487 1492 1493 1497 1499 1501 -1
1481: 1487 1492 1493 1497 1499 1501 -1
1482: 1487 1492 1493 1497 1499 1501 -1
1483: 1487 1492 1493 1497 1499 1501 2303 -1
1484: 1487 1492 1493 1497 1499 1501 -1
1485: 1487 1492 1493 1497 1499 1501 -1
1486: 1487 1492 1493 1497 1499 1501 -1
1487: -1
1488: 1487 1492 1493 1497 1499 1501 -1
1489: 1487 1492 1493 1497 1499 1501 -1
1490: 1487 1492 1493 1497 1499 1501 -1
1491: 1487 1492 1493 1497 1499 1501 -1
1492: 1515 1489 1493 1494 1499 -1
1493: -1
1494: 1487 1492 1493 1497 1499 1501 -1
1495: 1487 1492 1493 1497 1499 1501 -1
1496: 1487 1492 1493 1497 1499 1501 -1
1497: -1
1498: 1487 1492 1493 1497 1499 1501 -1
1499: 1515 1480 1485 1511 1489 -1
1500: 1487 1492 1493 1497 1499 1501 -1
1501: 1480 1481 1482 1483 1484 1485 1486 1487 1488 1489 1490 1491 1492 1494 1495 1496 1497 1498 1499 1500 1502 1503 1504 1505 1506 1507 1508 1509 1510 1511 1512 1513 1514 1515 1516 1517 -1
1502: -1
1503: -1
1504: -1
1505: -1
1506: -1
1507: 1487 1492 1493 1497 1499 1501 -1
1508: 1487 1492 1493 1497 1499 1501 -1
1509: 1487 1492 1493 1497 1499 1501 -1
1510: 1487 1492 1493 1497 1499 1501 -1
1511: 1487 1492 1493 1497 1499 1501 -1
1512: 1487 1492 1493 1497 1499 1501 -1
1513: 1487 1492 1493 1497 1499 1501 -1
1514: 1487 1492 1493 1497 1499 1501 -1
1515: 1487 1492 1493 1497 1499 1501 -1
1516: -1
1517: -1
1518: 1487 1492 1493 1497 1499 1501 -1
1519: 1487 1492 1493 1497 1499 1501 -1
1520: 1487 1492 1493 1497 1499 1501 -1
1521: 1487 1492 1493 1497 1499 1501 -1
1522: 1487 1492 1493 1497 1499 1501 -1
1523: 1487 1492 1493 1497 1499 1501 -1
1524: 1487 1492 1493 1497 1499 1501 -1
1525: 1487 1492 1493 1497 1499 1501 -1
1526: 1487 1492 1493 1497 1499 1501 -1
1527: 1487 1492 1493 1497 1499 1501 -1
1528: 1487 1492 1493 1497 1499 1501 -1
1529: 1487 1492 1493 1497 1499 1501 -1
1530: 1487 1492 1493 1497 1499 1501 -1
1531: 1487 1492 1493 1497 1499 1501 -1
1532: 1487 1492 1493 1497 1499 1501 -1
1533: 1487 1492 1493 1497 1499 1501 -1
1534: 1487 1492 1493 1497 1499 1501 -1
1535: 1487 1492 1493 1497 1499 1501 -1
1536: -1
1537: 3219 58 757 707 694 1287 -1
1538: 58 755 -1
1539: 2205 694 707 757 1816 721 378 58 717 2092 3203 -1
1540: 58 -1
1541: 58 -1
1542: 58 2134 -1
1543: 58 115 -1
1544: 58 -1
1545: 1551 58 -1
1546: 2585 58 -1
1547: 58 -1
1548: 58 -1
1549: 3129 58 806 -1
1550: 58 -1
1551: -1
1552: 801 58 -1
1553: 757 58 814 2024 775 3129 1176 -1
1554: 1273 58 -1
1555: -1
1556: 2833 3372 2080 58 1551 407 1960 737 -1
1557: 58 2024 2298 378 3129 2232 3195 -1
1558: 58 -1
1559: 2675 58 2024 3286 -1
1560: 58 -1
1561: 58 817 3372 -1
1562: 378 58 -1
1563: 58 -1
1564: 3078 814 3129 1278 58 861 373 -1
1565: 58 -1
1566: 741 173 3069 58 -1
1567: -1
1568: 59 -1
1569: 59 -1
1570: 496 501 59 2453 2287 2909 49 1469 1689 -1
1571: 2287 49 830 2435 59 2897 -1
1572: 59 -1
1573: 59 793 -1
1574: 59 -1
1575: 59 82 -1
1576: 59 -1
1577: 182 1781 2381 2402 2510 2133 1555 59 2430 834 2435 3240 2897 49 -1
1578: 182 1781 2381 2402 2510 2133 1555 59 2430 834 2435 3240 2897 49 -1
1579: 707 -1
1580: 182 59 -1
1581: 2909 1469 59 501 496 2287 2451 49 2453 1570 -1
1582: 59 82 -1
1583: 59 -1
1584: -1
1585: -1
1586: -1
1587: 1584 1585 1586 -1
1588: 1584 1585 1586 -1
1589: 1584 1585 1586 -1
1590: 1584 1585 1586 -1
1591: 1584 1585 1586 -1
1592: 1584 1585 1586 -1
1593: 1584 1585 1586 -1
1594: 1584 1585 1586 -1
1595: 1584 1585 1586 -1
1596: 1584 1585 1586 -1
1597: 1584 1585 1586 -1
1598: -1
1599: 1667 1675 1677 1678 1679 -1
1600: 1667 1675 1677 1678 1679 -1
1601: 1667 1675 1677 1678 1679 -1
1602: 1667 1675 1677 1678 1679 -1
1603: 1667 1675 1677 1678 1679 -1
1604: 1667 1675 1677 1678 1679 -1
1605: 1667 1675 1677 1678 1679 -1
1606: 1667 1675 1677 1678 1679 -1
1607: 1667 1675 1677 1678 1679 -1
1608: 1667 1675 1677 1678 1679 -1
1609: 1667 1675 1677 1678 1679 -1
1610: 1667 1675 1677 1678 1679 -1
1611: 1667 1675 1677 1678 1679 -1
1612: 1667 1675 1677 1678 1679 -1
1613: 1667 1675 1677 1678 1679 -1
1614: 1667 1675 1677 1678 1679 -1
1615: 1667 1675 1677 1678 1679 -1
1616: 1667 1675 1677 1678 1679 -1
1617: 1667 1675 1677 1678 1679 -1
1618: 1667 1675 1677 1678 1679 -1
1619: 1667 1675 1677 1678 1679 -1
1620: 1667 1675 1677 1678 1679 -1
1621: 1667 1675 1677 1678 1679 -1
1622: 1667 1675 1677 1678 1679 -1
1623: 1667 1675 1677 1678 1679 -1
1624: 1667 1675 1677 1678 1679 -1
1625: 1667 1675 1677 1678 1679 -1
1626: 1667 1675 1677 1678 1679 -1
1627: 1667 1675 1677 1678 1679 -1
1628: 1667 1675 1677 1678 1679 -1
1629: 1667 1675 1677 1678 1679 -1
1630: 1667 1675 1677 1678 1679 -1
1631: 1667 1675 1677 1678 1679 -1
1632: 1667 1675 1677 1678 1679 -1
1633: 1667 1675 1677 1678 1679 -1
1634: 1667 1675 1677 1678 1679 -1
1635: 1667 1675 1677 1678 1679 -1
1636: 1667 1675 1677 1678 1679 -1
1637: 1667 1675 1677 1678 1679 -1
1638: 1667 1675 1677 1678 1679 -1
1639: 1667 1675 1677 1678 1679 -1
1640: 1667 1675 1677 1678 1679 -1
1641: 1667 1675 1677 1678 1679 -1
1642: 1667 1675 1677 1678 1679 -1
1643: 1667 1675 1677 1678 1679 -1
1644: 1667 1675 1677 1678 1679 -1
1645: 1667 1675 1677 1678 1679 -1
1646: 1667 1675 1677 1678 1679 -1
1647: 1667 1675 1677 1678 1679 -1
1648: 1667 1675 1677 1678 1679 -1
1649: 1667 1675 1677 1678 1679 -1
1650: 1667 1675 1677 1678 1679 -1
1651: 1667 1675 1677 1678 1679 -1
1652: 1667 1675 1677 1678 1679 -1
1653: 1667 1675 1677 1678 1679 -1
1654: 1667 1675 1677 1678 1679 -1
1655: 1667 1675 1677 1678 1679 -1
1656: 1667 1675 1677 1678 1679 -1
1657: 1667 1675 1677 1678 1679 -1
1658: 1667 1675 1677 1678 1679 -1
1659: 1667 1675 1677 1678 1679 -1
1660: 1667 1675 1677 1678 1679 -1
1661: 1667 1675 1677 1678 1679 -1
1662: 1667 1675 1677 1678 1679 -1
1663: 1667 1675 1677 1678 1679 -1
1664: 1667 1675 1677 1678 1679 -1
1665: 1667 1675 1677 1678 1679 -1
1666: 1677 1678 1679 -1
1667: 1678 1679 -1
1668: 1677 1678 1675 1679 -1
1669: 1667 -1
1670: 1675 1677 1678 1679 -1
1671: 1675 1677 1678 1679 -1
1672: 1675 1678 1677 1679 -1
1673: 1675 1678 1677 1679 -1
1674: 1677 1678 1675 1679 -1
1675: 1599 1668 1669 1674 1677 1678 1679 -1
1676: 1677 1678 1093 1675 1679 -1
1677: 1678 1679 1599 -1
1678: 1677 1599 -1
1679: -1
1680: 596 -1
1681: 596 -1
1682: 1689 -1
1683: 1689 -1
1684: -1
1685: -1
1686: -1
1687: -1
1688: -1
1689: -1
1690: 1691 -1
1691: 1690 -1
1692: -1
1693: -1
1694: -1
1695: -1
1696: -1
1697: -1
1698: -1
1699: -1
1700: -1
1701: -1
1702: -1
1703: -1
1704: -1
1705: -1
1706: -1
1707: -1
1708: 2024 -1
1709: -1
1710: -1
1711: -1
1712: -1
1713: -1
1714: 1691 1713 414 -1
1715: 1691 1713 414 -1
1716: 1691 1713 414 -1
1717: 1691 1713 414 -1
1718: 1691 1713 414 -1
1719: 1691 1713 414 -1
1720: 1691 1713 414 -1
1721: 1691 1713 414 -1
1722: 1691 1713 414 -1
1723: 1691 1713 414 -1
1724: 1691 1713 414 -1
1725: 1691 1713 414 -1
1726: 1691 1713 414 -1
1727: 1691 1713 414 -1
1728: 1691 1713 414 -1
1729: 1691 1713 414 -1
1730: 1691 1713 414 -1
1731: 1691 1713 414 -1
1732: 1691 1713 414 -1
1733: 1691 1713 414 -1
1734: 1691 1713 414 -1
1735: 1691 1713 414 -1
1736: 1691 1713 414 -1
1737: 1691 1713 414 -1
1738: 1691 1713 414 -1
1739: 1691 1713 414 -1
1740: 1691 1713 414 -1
1741: 1691 1713 414 -1
1742: 1691 1713 414 -1
1743: 1691 1713 414 -1
1744: 1691 1713 414 -1
1745: 1691 1713 414 -1
1746: 1691 1713 414 -1
1747: 1691 1713 414 -1
1748: 1691 1713 414 -1
1749: 1691 1713 414 -1
1750: 1692 1694 1691 1713 414 -1
1751: 1691 1713 414 -1
1752: 1691 1713 414 -1
1753: 1691 1713 414 -1
1754: 1713 414 -1
1755: 1691 1713 414 -1
1756: 1691 1713 414 -1
1757: 1691 1713 414 -1
1758: 1691 1713 414 -1
1759: 1691 1713 414 -1
1760: -1
1761: 1760 -1
1762: 1760 -1
1763: 1760 -1
1764: 1760 -1
1765: 1760 -1
1766: 1760 -1
1767: 1760 -1
1768: 1760 -1
1769: 1760 -1
1770: 1760 -1
1771: 1760 -1
1772: 1760 -1
1773: 1760 -1
1774: 1760 -1
1775: 1760 -1
1776: 1760 -1
1777: 1771 1778 -1
1778: 325 326 327 -1
1779: 2084 807 1499 2080 1061 26 3 -1
1780: 807 -1
1781: 0 -1
1782: -1
1783: 325 326 327 328 329 -1
1784: 325 326 327 -1
1785: -1
1786: -1
1787: -1
1788: 1787 -1
1789: 1787 -1
1790: 1787 -1
1791: 1787 -1
1792: 1787 -1
1793: 1787 -1
1794: 2024 -1
1795: 1787 -1
1796: 1787 -1
1797: 1787 -1
1798: 1787 -1
1799: 1787 -1
1800: 1787 -1
1801: 1787 -1
1802: 1787 -1
1803: 69 -1
1804: 69 -1
1805: -1
1806: 69 -1
1807: 2483 69 -1
1808: -1
1809: 1808 1042 -1
1810: 1808 1042 -1
1811: 1808 1042 -1
1812: 1808 1042 -1
1813: -1
1814: -1
1815: 360 2863 1122 -1
1816: -1
1817: 757 58 1819 1820 -1
1818: -1
1819: -1
1820: -1
1821: 1819 1820 -1
1822: 72 -1
1823: -1
1824: -1
1825: -1
1826: 794 -1
1827: 806 -1
1828: 806 2092 -1
1829: 3078 -1
1830: 2092 -1
1831: 1824 -1
1832: -1
1833: -1
1834: -1
1835: -1
1836: -1
1837: -1
1838: -1
1839: -1
1840: -1
1841: -1
1842: -1
1843: -1
1844: -1
1845: -1
1846: -1
1847: -1
1848: -1
1849: -1
1850: 1840 1842 1832 1838 1843 1844 1845 1849 1846 1847 1848 -1
1851: 1840 1841 1842 1843 1838 1832 1844 1845 1846 1847 1848 1849 -1
1852: 1840 1841 1842 1843 1838 1832 1844 1845 1846 1847 1848 1849 -1
1853: 1840 1841 1842 1843 1838 1832 1844 1845 1846 1847 1848 1849 -1
1854: 1840 1841 1842 1843 1838 1832 1844 1845 1846 1847 1848 1849 -1
1855: 1840 1841 1842 1843 1838 1832 1844 1845 1846 1847 1848 1849 -1
1856: 1840 1841 1842 1843 1838 1832 1844 1845 1846 1847 1848 1849 -1
1857: 1840 1841 1842 1843 1838 1832 1844 1845 1846 1847 1848 1849 -1
1858: 1808 1042 -1
1859: 1808 1042 -1
1860: 1808 1042 -1
1861: 1867 1866 -1
1862: -1
1863: -1
1864: -1
1865: -1
1866: -1
1867: -1
1868: 1866 1867 -1
1869: 2169 1866 1867 -1
1870: 2844 -1
1871: -1
1872: -1
1873: -1
1874: -1
1875: 1871 1893 1870 3 -1
1876: -1
1877: 49 834 -1
1878: 414 3240 -1
1879: -1
1880: -1
1881: -1
1882: -1
1883: -1
1884: -1
1885: -1
1886: -1
1887: -1
1888: -1
1889: -1
1890: -1
1891: -1
1892: -1
1893: 1895 1897 1875 2430 -1
1894: -1
1895: -1
1896: -1
1897: -1
1898: -1
1899: 1122 -1
1900: -1
1901: -1
1902: 0 -1
1903: -1
1904: -1
1905: -1
1906: -1
1907: -1
1908: 1286 2844 2854 2852 2837 696 2839 2835 3134 701 2862 2861 2855 700 706 3151 1885 2107 820 818 3139 2841 1815 2842 2860 -1
1909: 3129 818 694 3132 -1
1910: -1
1911: 2844 -1
1912: 213 3132 3361 -1
1913: 1472 379 473 1874 3214 1870 1908 77 -1
1914: 373 2 77 385 860 1225 -1
1915: 1442 -1
1916: -1
1917: -1
1918: -1
1919: 1916 1917 1918 -1
1920: 1916 1917 1918 -1
1921: 1916 1917 1918 -1
1922: 1916 1917 1918 -1
1923: 1916 1917 1918 -1
1924: 1916 1917 1918 -1
1925: 1916 1917 1918 -1
1926: 1916 1917 1918 -1
1927: 1916 1917 1918 -1
1928: 1916 1917 1918 -1
1929: 1916 1917 1918 -1
1930: 1916 1917 1918 -1
1931: 1916 1917 1918 -1
1932: 1196 -1
1933: 1196 -1
1934: 218 -1
1935: 218 -1
1936: 218 -1
1937: 218 -1
1938: 218 -1
1939: 1940 1944 1943 -1
1940: 1939 1944 1943 -1
1941: -1
1942: -1
1943: 1939 1944 -1
1944: 1939 1940 1943 -1
1945: -1
1946: -1
1947: -1
1948: 0 466 -1
1949: -1
1950: -1
1951: -1
1952: -1
1953: -1
1954: -1
1955: -1
1956: -1
1957: -1
1958: -1
1959: -1
1960: -1
1961: -1
1962: -1
1963: -1
1964: -1
1965: -1
1966: -1
1967: -1
1968: -1
1969: -1
1970: -1
1971: -1
1972: -1
1973: -1
1974: -1
1975: -1
1976: -1
1977: 0 -1
1978: -1
1979: -1
1980: -1
1981: -1
1982: -1
1983: -1
1984: -1
1985: -1
1986: -1
1987: -1
1988: -1
1989: -1
1990: -1
1991: -1
1992: -1
1993: -1
1994: -1
1995: -1
1996: -1
1997: -1
1998: -1
1999: -1
2000: 0 466 2046 -1
2001: -1
2002: -1
2003: -1
2004: -1
2005: -1
2006: -1
2007: -1
2008: -1
2009: -1
2010: -1
2011: -1
2012: -1
2013: -1
2014: -1
2015: -1
2016: -1
2017: -1
2018: 0 -1
2019: -1
2020: -1
2021: 2340 -1
2022: -1
2023: -1
2024: -1
2025: -1
2026: -1
2027: -1
2028: -1
2029: -1
2030: -1
2031: -1
2032: -1
2033: -1
2034: -1
2035: -1
2036: -1
2037: -1
2038: -1
2039: -1
2040: -1
2041: -1
2042: -1
2043: -1
2044: -1
2045: -1
2046: -1
2047: -1
2048: -1
2049: -1
2050: -1
2051: -1
2052: -1
2053: 800 -1
2054: -1
2055: -1
2056: 82 1035 2420 2057 1991 2065 -1
2057: -1
2058: -1
2059: -1
2060: -1
2061: -1
2062: -1
2063: -1
2064: 82 2420 1093 -1
2065: -1
2066: -1
2067: -1
2068: -1
2069: -1
2070: -1
2071: -1
2072: -1
2073: -1
2074: -1
2075: -1
2076: -1
2077: -1
2078: -1
2079: -1
2080: -1
2081: -1
2082: -1
2083: -1
2084: -1
2085: -1
2086: -1
2087: -1
2088: -1
2089: -1
2090: -1
2091: -1
2092: -1
2093: -1
2094: -1
2095: -1
2096: -1
2097: -1
2098: -1
2099: -1
2100: -1
2101: -1
2102: -1
2103: -1
2104: -1
2105: -1
2106: -1
2107: -1
2108: 157 2311 -1
2109: -1
2110: 2349 -1
2111: -1
2112: -1
2113: -1
2114: -1
2115: -1
2116: -1
2117: -1
2118: -1
2119: -1
2120: -1
2121: 2713 -1
2122: -1
2123: -1
2124: -1
2125: 157 -1
2126: -1
2127: -1
2128: 157 1965 -1
2129: -1
2130: -1
2131: -1
2132: -1
2133: -1
2134: 157 -1
2135: -1
2136: -1
2137: 157 -1
2138: -1
2139: -1
2140: 3221 -1
2141: -1
2142: -1
2143: -1
2144: -1
2145: -1
2146: -1
2147: -1
2148: 2090 -1
2149: -1
2150: -1
2151: -1
2152: -1
2153: -1
2154: -1
2155: 2710 -1
2156: 360 2160 -1
2157: -1
2158: 1466 182 2478 26 787 3082 812 1864 693 3044 -1
2159: -1
2160: 2156 -1
2161: -1
2162: -1
2163: -1
2164: -1
2165: -1
2166: -1
2167: 407 -1
2168: 2179 -1
2169: -1
2170: -1
2171: 2165 0 -1
2172: -1
2173: -1
2174: -1
2175: -1
2176: -1
2177: -1
2178: -1
2179: 2168 -1
2180: -1
2181: -1
2182: -1
2183: -1
2184: -1
2185: -1
2186: -1
2187: -1
2188: -1
2189: -1
2190: -1
2191: -1
2192: 157 -1
2193: -1
2194: -1
2195: -1
2196: -1
2197: -1
2198: -1
2199: -1
2200: -1
2201: -1
2202: -1
2203: -1
2204: -1
2205: -1
2206: -1
2207: -1
2208: -1
2209: -1
2210: -1
2211: -1
2212: -1
2213: -1
2214: -1
2215: -1
2216: -1
2217: -1
2218: -1
2219: 3069 -1
2220: -1
2221: -1
2222: -1
2223: -1
2224: -1
2225: -1
2226: -1
2227: -1
2228: -1
2229: -1
2230: -1
2231: 2994 -1
2232: -1
2233: -1
2234: -1
2235: -1
2236: -1
2237: -1
2238: -1
2239: -1
2240: -1
2241: -1
2242: -1
2243: -1
2244: -1
2245: -1
2246: 173 -1
2247: -1
2248: -1
2249: -1
2250: -1
2251: -1
2252: -1
2253: 2180 -1
2254: -1
2255: -1
2256: -1
2257: -1
2258: -1
2259: -1
2260: -1
2261: -1
2262: -1
2263: -1
2264: -1
2265: -1
2266: -1
2267: -1
2268: -1
2269: -1
2270: -1
2271: -1
2272: -1
2273: -1
2274: -1
2275: -1
2276: -1
2277: -1
2278: -1
2279: -1
2280: -1
2281: -1
2282: -1
2283: -1
2284: -1
2285: -1
2286: -1
2287: -1
2288: -1
2289: -1
2290: -1
2291: -1
2292: -1
2293: -1
2294: -1
2295: -1
2296: -1
2297: -1
2298: -1
2299: -1
2300: -1
2301: -1
2302: -1
2303: -1
2304: -1
2305: -1
2306: -1
2307: -1
2308: -1
2309: -1
2310: 0 1781 380 -1
2311: -1
2312: -1
2313: -1
2314: 0 466 157 512 -1
2315: 2333 -1
2316: -1
2317: -1
2318: -1
2319: -1
2320: -1
2321: -1
2322: -1
2323: -1
2324: -1
2325: -1
2326: -1
2327: -1
2328: -1
2329: 0 -1
2330: -1
2331: 2169 -1
2332: -1
2333: 2315 0 -1
2334: -1
2335: -1
2336: -1
2337: -1
2338: -1
2339: -1
2340: -1
2341: -1
2342: -1
2343: -1
2344: -1
2345: -1
2346: -1
2347: -1
2348: -1
2349: -1
2350: -1
2351: 2311 2092 2132 157 511 2024 2027 2169 1905 -1
2352: -1
2353: 2337 2311 157 -1
2354: -1
2355: -1
2356: 2349 466 0 -1
2357: -1
2358: -1
2359: -1
2360: -1
2361: -1
2362: -1
2363: -1
2364: -1
2365: -1
2366: -1
2367: -1
2368: -1
2369: -1
2370: -1
2371: -1
2372: -1
2373: 2994 2377 1781 -1
2374: -1
2375: -1
2376: -1
2377: -1
2378: -1
2379: -1
2380: -1
2381: -1
2382: 82 -1
2383: -1
2384: -1
2385: -1
2386: -1
2387: -1
2388: -1
2389: 380 473 213 379 502 2155 -1
2390: -1
2391: -1
2392: 182 1781 -1
2393: -1
2394: -1
2395: 1760 -1
2396: -1
2397: -1
2398: -1
2399: -1
2400: -1
2401: -1
2402: -1
2403: 2146 2046 2090 2094 2096 2115 2137 2141 -1
2404: -1
2405: -1
2406: -1
2407: 2456 -1
2408: -1
2409: -1
2410: -1
2411: 3 -1
2412: -1
2413: -1
2414: -1
2415: -1
2416: -1
2417: -1
2418: -1
2419: -1
2420: 2154 2076 2081 2143 2144 2124 173 -1
2421: -1
2422: -1
2423: -1
2424: -1
2425: -1
2426: 26 2739 2740 792 2741 2746 2747 -1
2427: 2841 -1
2428: -1
2429: -1
2430: -1
2431: -1
2432: -1
2433: -1
2434: -1
2435: 830 -1
2436: -1
2437: -1
2438: -1
2439: -1
2440: -1
2441: -1
2442: 2102 2124 -1
2443: -1
2444: -1
2445: -1
2446: -1
2447: -1
2448: 3 -1
2449: -1
2450: -1
2451: -1
2452: 2411 -1
2453: -1
2454: -1
2455: -1
2456: -1
2457: -1
2458: -1
2459: -1
2460: -1
2461: -1
2462: 182 -1
2463: 2466 -1
2464: 1 -1
2465: 1871 1893 1870 3 -1
2466: 2463 -1
2467: -1
2468: -1
2469: 753 2461 1 -1
2470: -1
2471: -1
2472: -1
2473: 2435 82 49 496 182 -1
2474: 2446 -1
2475: -1
2476: -1
2477: 379 -1
2478: -1
2479: -1
2480: -1
2481: 502 -1
2482: -1
2483: -1
2484: -1
2485: 182 2435 82 379 49 496 -1
2486: 82 10 -1
2487: 2146 2046 2090 2094 2096 2115 2137 2141 -1
2488: 2446 -1
2489: 2843 789 502 496 1781 2333 1276 1877 2446 2451 834 82 2435 2315 -1
2490: 1164 500 2985 4 807 3180 3081 1145 800 3082 735 1034 26 2787 3168 1246 707 1816 502 812 3203 3088 0 1986 2035 2052 2003 794 1985 511 2020 2032 2024 2046 1905 1948 2146 1467 1781 720 2510 834 186 2359 496 3240 822 860 373 -1
2491: 26 -1
2492: 82 379 -1
2493: 2790 1950 1905 1961 1955 1967 1971 1981 1983 1986 1988 1991 1990 2000 2001 2004 2007 2008 2009 1958 2012 2018 2020 2025 500 2024 2032 2039 2014 2047 2051 2052 2407 2404 1035 2410 2414 2430 2447 82 2316 2439 2027 2028 2030 2046 511 -1
2494: 2430 1995 2451 2402 1905 2012 2025 2051 2008 1247 2339 82 2407 2028 12 183 1 49 473 1957 2014 2161 2160 2435 2410 2404 500 2450 2047 1968 1967 1955 1986 1997 2423 2399 2420 1035 2408 -1
2495: 3261 3166 2413 2179 2833 3253 82 2107 3078 3246 2169 2375 2483 473 2401 755 2899 2939 1276 2080 2458 -1
2496: 3081 26 1034 1685 800 3 1781 -1
2497: 812 2435 82 379 49 496 182 -1
2498: 0 213 82 3001 2435 720 1781 1165 -1
2499: 1781 2137 2008 1967 1685 807 3240 182 2063 2413 2894 1093 -1
2500: 3164 1244 465 58 599 3081 3096 755 3165 1276 3167 2413 3168 799 3082 803 474 3169 26 2894 1695 3170 810 2739 2107 105 3172 3174 1246 1034 1685 3176 1697 3179 3180 2508 3182 1699 800 807 804 3184 1701 2213 507 3186 1684 707 3097 1879 1880 3187 812 2497 1183 487 1704 2741 2024 3190 1824 407 1686 3192 1706 3193 3194 3195 1145 789 115 792 2491 1864 3200 3199 502 798 3201 3202 3203 3 2744 2503 2483 2169 1255 2745 378 3088 3206 3207 1185 3209 3210 3212 2448 2747 786 2746 2240 3406 1708 3099 3100 3362 1281 801 3101 2150 1243 3211 826 787 3198 793 2430 3171 2354 816 3197 822 2787 3189 811 375 818 820 3129 3131 3133 2830 3134 3136 3139 2832 701 3144 702 3145 706 3146 3148 3149 2842 2849 3151 3153 3158 3160 3162 1885 -1
2501: 35 82 379 2483 2402 2107 3240 1469 1 778 2467 2412 2179 501 2425 496 2287 2435 2446 2133 2451 49 380 1871 2510 834 1781 1467 2169 2447 466 1891 0 2337 2349 157 2311 2315 2333 468 1948 1905 2863 1958 2115 1965 1967 1968 1970 1976 1980 1986 1990 1906 1992 1999 2001 2004 2019 2020 2025 2027 2024 2039 2032 2046 511 2051 2052 793 3166 3171 2354 1816 816 3197 811 818 822 3189 823 2787 2373 3164 1244 599 3081 3096 3165 755 2214 1276 794 3167 3168 799 1880 3082 803 474 3169 26 3170 2739 3172 1286 479 3363 3174 1246 1034 2740 1685 3176 2227 1697 3 3179 1699 3180 3182 3183 800 807 3184 1701 2213 3185 507 3186 1684 707 3188 3187 812 487 1183 1704 2741 3190 3191 1824 407 1686 3192 1708 1706 2237 3193 3194 3195 692 787 1145 789 115 1695 3198 3199 2245 3208 1864 2248 3200 502 1248 798 3201 58 3202 3203 2654 1825 2651 1710 693 3098 1184 2656 2252 2301 3204 378 3088 3206 3207 1185 3209 3210 3212 3213 3196 3178 820 1243 3211 3175 -1
2502: 82 1035 2420 2057 1991 2065 -1
2503: 2435 82 379 49 496 182 -1
2504: 82 -1
2505: 82 0 380 379 512 2435 -1
2506: 4 2024 1993 2033 2051 1965 1986 1975 157 466 469 0 2337 2360 2094 2115 2119 2144 2154 2097 2078 2089 2072 2322 1891 82 1781 379 834 1164 2311 -1
2507: 82 2133 -1
2508: 3180 2435 82 379 49 496 182 -1
2509: 26 2510 834 3183 3201 807 1034 1684 800 792 115 3082 3 502 810 3088 3202 3171 816 822 3189 1781 0 380 827 828 82 720 1778 379 58 830 2020 2019 2321 473 -1
2510: 1781 1122 -1
2511: 2413 2430 82 379 58 26 1 1286 4 3183 807 496 3087 49 804 1870 832 479 117 12 35 2844 2985 2024 -1
2512: -1
2513: 58 -1
2514: 58 -1
2515: 1816 -1
2516: 58 -1
2517: 1684 -1
2518: 801 -1
2519: 800 -1
2520: -1
2521: 2520 -1
2522: 2520 -1
2523: 2520 -1
2524: 173 -1
2525: 173 -1
2526: 3069 -1
2527: 2524 2525 -1
2528: 2524 2525 -1
2529: 2524 2525 -1
2530: 860 2524 2525 -1
2531: 473 2524 2525 -1
2532: 2524 2525 -1
2533: 3240 2524 2525 -1
2534: 2524 2525 -1
2535: 2524 2525 -1
2536: 2524 2525 -1
2537: 2524 2525 -1
2538: 2524 2525 -1
2539: 2524 2525 -1
2540: 2413 2524 2525 -1
2541: 2524 2525 -1
2542: 2524 2525 -1
2543: 2524 2525 -1
2544: 2524 2525 -1
2545: 1276 2524 2525 -1
2546: 2524 2525 -1
2547: 2524 2525 -1
2548: 2524 2525 -1
2549: 2524 2525 -1
2550: 2524 2525 -1
2551: 2524 2525 -1
2552: 2524 2525 -1
2553: 2524 2525 -1
2554: 2524 2525 -1
2555: 2524 2525 -1
2556: 2524 2525 -1
2557: 2524 2525 -1
2558: 2524 2525 -1
2559: 2524 2525 -1
2560: 2524 2525 -1
2561: 2524 2525 -1
2562: 2524 2525 -1
2563: 2524 2525 -1
2564: 2896 767 2024 407 2524 2525 -1
2565: 2524 2525 -1
2566: 2524 2525 -1
2567: 2524 2525 -1
2568: 2524 2525 -1
2569: 2524 2525 -1
2570: 1960 2524 2525 -1
2571: 2375 2524 2525 -1
2572: 2524 2525 -1
2573: 2024 2524 2525 -1
2574: 2024 2524 2525 -1
2575: 2524 2525 -1
2576: -1
2577: 2589 -1
2578: 2589 -1
2579: 2589 -1
2580: 2589 -1
2581: 2588 2589 2590 2591 2592 2593 2594 -1
2582: 2581 2589 -1
2583: 2589 -1
2584: 1867 -1
2585: -1
2586: -1
2587: -1
2588: 2589 -1
2589: -1
2590: -1
2591: -1
2592: -1
2593: -1
2594: -1
2595: -1
2596: -1
2597: -1
2598: -1
2599: -1
2600: -1
2601: -1
2602: -1
2603: -1
2604: -1
2605: -1
2606: -1
2607: 2595 2604 2605 2606 -1
2608: -1
2609: 88 834 -1
2610: 2608 834 -1
2611: 2608 -1
2612: 2609 -1
2613: 2608 -1
2614: 2608 -1
2615: 2639 -1
2616: 2639 -1
2617: 2639 -1
2618: 2639 -1
2619: 2639 -1
2620: 2639 -1
2621: 2639 -1
2622: 2639 -1
2623: 2639 -1
2624: 2639 -1
2625: 2639 -1
2626: 2639 -1
2627: 2639 -1
2628: 2639 -1
2629: 2639 -1
2630: 2639 -1
2631: 2639 -1
2632: 2639 -1
2633: 2639 -1
2634: 2639 -1
2635: 2639 -1
2636: 2639 -1
2637: 2639 -1
2638: 2639 -1
2639: -1
2640: 2641 -1
2641: -1
2642: -1
2643: 2642 -1
2644: 2642 -1
2645: 2657 -1
2646: 2658 -1
2647: 2658 -1
2648: 2658 -1
2649: 2658 -1
2650: 3202 2658 -1
2651: -1
2652: -1
2653: -1
2654: -1
2655: -1
2656: -1
2657: 2645 -1
2658: 2657 -1
2659: -1
2660: 2662 -1
2661: 2662 -1
2662: -1
2663: 2662 -1
2664: 2662 -1
2665: 2660 2666 93 -1
2666: 2662 -1
2667: -1
2668: -1
2669: -1
2670: -1
2671: -1
2672: -1
2673: 2676 2677 2678 -1
2674: 2676 2677 2678 -1
2675: -1
2676: -1
2677: -1
2678: -1
2679: 373 -1
2680: 1808 1042 -1
2681: 1808 1042 -1
2682: -1
2683: -1
2684: 2686 2687 2688 2689 2690 2691 2692 2693 2694 2695 2696 2697 2698 2699 2700 2701 2702 2703 2704 2705 2707 2708 2710 -1
2685: 2686 2687 2688 2689 2690 2691 2692 2693 2694 2695 2696 2697 2698 2699 2700 2701 2702 2703 2704 2705 2706 2707 2708 -1
2686: 173 -1
2687: 173 -1
2688: 173 -1
2689: 173 -1
2690: 173 -1
2691: 173 -1
2692: 173 -1
2693: 173 -1
2694: 173 -1
2695: 173 -1
2696: 173 -1
2697: 173 -1
2698: 173 -1
2699: 173 -1
2700: 173 -1
2701: 173 -1
2702: 173 -1
2703: 173 -1
2704: 173 -1
2705: 173 -1
2706: 173 -1
2707: 173 -1
2708: 173 -1
2709: 2710 694 3221 2714 -1
2710: -1
2711: 2686 2687 2688 2689 2690 2691 2692 2693 2694 2695 2696 2697 2698 2699 2700 2701 2702 2703 2704 2705 2706 2707 2708 2710 2713 2714 -1
2712: 2686 2687 2688 2689 2690 2691 2692 2693 2694 2695 2696 2697 2698 2699 2700 2701 2702 2703 2704 2705 2706 2707 2708 2710 2713 2714 -1
2713: -1
2714: -1
2715: 2727 2729 -1
2716: 2710 -1
2717: 761 2169 -1
2718: 800 -1
2719: 3221 694 -1
2720: 2119 -1
2721: 2894 2169 -1
2722: 2713 -1
2723: 2727 2331 -1
2724: 2169 -1
2725: 694 -1
2726: 2729 -1
2727: 2331 2731 -1
2728: 2729 -1
2729: -1
2730: 2727 2729 -1
2731: 2727 2729 -1
2732: 2727 2729 -1
2733: -1
2734: 2179 2824 168 -1
2735: 100 -1
2736: 1971 512 -1
2737: -1
2738: -1
2739: -1
2740: -1
2741: -1
2742: -1
2743: -1
2744: -1
2745: -1
2746: -1
2747: -1
2748: -1
2749: 2737 2738 -1
2750: 2737 2738 -1
2751: 2737 2738 -1
2752: -1
2753: -1
2754: -1
2755: -1
2756: -1
2757: -1
2758: -1
2759: -1
2760: -1
2761: -1
2762: -1
2763: -1
2764: -1
2765: -1
2766: -1
2767: -1
2768: -1
2769: -1
2770: -1
2771: -1
2772: -1
2773: -1
2774: -1
2775: -1
2776: -1
2777: -1
2778: -1
2779: -1
2780: -1
2781: -1
2782: 2753 2754 2755 2756 2757 2758 2759 2760 2761 2762 2763 2764 2765 2766 2767 2768 2769 2773 2777 2778 2779 2780 2781 -1
2783: -1
2784: 3194 -1
2785: -1
2786: 103 2785 2413 -1
2787: -1
2788: 2787 -1
2789: 2787 -1
2790: -1
2791: 2787 -1
2792: 2787 -1
2793: 105 368 -1
2794: 105 -1
2795: 469 2206 2236 2303 1960 1121 1685 1063 3206 2084 3069 797 807 105 1034 58 2306 2186 3240 2169 1684 -1
2796: 786 1243 1244 793 3081 3165 2214 3166 1276 3167 58 3168 799 3082 474 26 3164 3170 2107 105 694 818 820 3129 3174 3171 3175 1246 1034 1685 822 3176 3 1247 3180 791 800 807 3184 507 1684 707 1880 3188 3187 812 1183 487 1816 2024 816 3189 3190 3191 1824 407 2787 3192 1706 3193 3194 787 1145 789 115 792 3044 3197 715 3199 1281 3200 757 502 801 3201 3203 3202 2301 2169 378 3088 3206 3207 1185 717 2150 3211 3212 -1
2797: 3169 2448 3190 789 1277 502 3 2373 735 474 814 707 1816 692 715 487 812 1864 3192 58 3195 378 1183 1185 3203 3186 1248 800 3184 1244 599 3174 3180 2213 182 407 1880 3088 3202 3212 3164 794 3082 798 803 1695 1699 1701 507 1704 1706 3204 3170 3081 3172 1824 3201 3182 1145 26 2739 792 3205 3176 3194 105 807 3206 1685 1684 3209 3168 1034 2237 1246 2024 3185 3207 3210 3187 115 3179 3208 799 3200 3181 787 -1
2798: -1
2799: 2413 1244 599 3081 2214 473 3167 58 3082 26 1695 2739 105 3174 1246 1034 1699 2237 1685 800 3184 807 812 2024 407 3192 792 3 3088 1185 3209 3212 2373 474 3169 3170 694 3176 755 3185 707 3187 487 693 3194 692 3210 1093 -1
2800: 58 173 26 1034 1685 807 115 1706 3 -1
2801: 105 1684 -1
2802: 105 2084 -1
2803: 2107 105 3209 1684 -1
2804: 105 -1
2805: 2806 2807 2808 2809 2810 2811 2812 -1
2806: -1
2807: -1
2808: -1
2809: -1
2810: -1
2811: 2805 -1
2812: 2805 -1
2813: 2658 -1
2814: 2658 -1
2815: 2658 -1
2816: 2658 -1
2817: 3202 2658 -1
2818: -1
2819: -1
2820: 2863 1097 -1
2821: 2710 -1
2822: -1
2823: -1
2824: -1
2825: -1
2826: -1
2827: 693 -1
2828: 814 694 2841 2844 -1
2829: -1
2830: 706 -1
2831: -1
2832: -1
2833: -1
2834: -1
2835: 2841 3154 -1
2836: -1
2837: 1122 -1
2838: 2841 694 -1
2839: -1
2840: -1
2841: -1
2842: -1
2843: -1
2844: 2710 814 -1
2845: -1
2846: 2872 2841 -1
2847: -1
2848: -1
2849: -1
2850: -1
2851: -1
2852: 814 -1
2853: -1
2854: -1
2855: -1
2856: -1
2857: -1
2858: -1
2859: -1
2860: 694 360 2303 -1
2861: -1
2862: 814 -1
2863: -1
2864: -1
2865: -1
2866: -1
2867: 814 -1
2868: -1
2869: -1
2870: -1
2871: 218 -1
2872: -1
2873: -1
2874: -1
2875: 711 712 2879 2880 2876 474 2244 -1
2876: -1
2877: -1
2878: -1
2879: -1
2880: -1
2881: -1
2882: -1
2883: -1
2884: -1
2885: 2281 -1
2886: -1
2887: -1
2888: -1
2889: 2276 -1
2890: -1
2891: -1
2892: -1
2893: -1
2894: -1
2895: -1
2896: -1
2897: -1
2898: -1
2899: -1
2900: -1
2901: -1
2902: -1
2903: -1
2904: -1
2905: -1
2906: -1
2907: -1
2908: -1
2909: -1
2910: 3101 368 474 710 -1
2911: 692 1281 3 378 2373 694 707 717 1816 -1
2912: 2966 1280 -1
2913: -1
2914: -1
2915: -1
2916: -1
2917: -1
2918: -1
2919: -1
2920: -1
2921: -1
2922: -1
2923: -1
2924: 2375 -1
2925: -1
2926: -1
2927: -1
2928: 2927 -1
2929: -1
2930: -1
2931: -1
2932: -1
2933: -1
2934: -1
2935: 2929 2937 -1
2936: 2937 2929 2940 2931 -1
2937: -1
2938: -1
2939: -1
2940: -1
2941: 3069 1093 469 794 2107 2458 2483 3182 2303 2375 407 368 -1
2942: 2169 1281 794 2349 -1
2943: 2169 407 -1
2944: 407 105 3078 2107 794 1280 812 2748 473 -1
2945: 744 2145 1960 2150 1278 3182 469 2863 2236 2084 1276 368 2349 407 2303 2899 2092 719 2896 3069 105 1280 -1
2946: 755 469 2863 368 1280 3240 2107 2172 2413 173 -1
2947: 3078 -1
2948: 1093 2262 2169 2024 2458 2107 473 2748 2133 737 -1
2949: 407 2169 1280 3182 -1
2950: 2107 2349 2375 2096 3203 1960 -1
2951: 2375 1276 469 -1
2952: 2080 2483 3078 -1
2953: 2349 2107 -1
2954: 1960 2899 3182 -1
2955: 1121 3210 1093 368 109 -1
2956: 109 -1
2957: 2902 -1
2958: 368 2896 2899 755 2200 2361 2338 105 1276 2236 744 2349 2133 2092 -1
2959: 2279 1280 1960 2096 105 2092 2899 2080 -1
2960: 685 3240 2331 697 755 2236 2306 2084 2413 2133 -1
2961: 694 3129 1280 2107 2899 1276 407 2287 2133 -1
2962: 407 794 2084 2458 2236 469 -1
2963: 469 2205 1276 -1
2964: 721 109 -1
2965: 1280 3263 2906 368 -1
2966: -1
2967: 3240 2375 2863 473 2349 2133 407 105 2084 469 1960 -1
2968: 2092 -1
2969: 2331 109 -1
2970: 1785 1287 707 741 733 690 109 -1
2971: 1121 3210 1093 368 109 -1
2972: -1
2973: -1
2974: -1
2975: -1
2976: -1
2977: -1
2978: -1
2979: -1
2980: -1
2981: -1
2982: -1
2983: -1
2984: -1
2985: -1
2986: -1
2987: -1
2988: -1
2989: -1
2990: -1
2991: -1
2992: -1
2993: 2349 -1
2994: -1
2995: -1
2996: -1
2997: -1
2998: 2992 2993 2994 2995 2996 2997 -1
2999: 2992 2993 2994 2995 2996 2997 -1
3000: 2992 2993 2994 2995 2996 2997 -1
3001: -1
3002: -1
3003: -1
3004: -1
3005: -1
3006: 3015 3013 3092 4 500 720 -1
3007: -1
3008: -1
3009: -1
3010: -1
3011: -1
3012: -1
3013: -1
3014: 2985 -1
3015: -1
3016: 3009 2986 720 -1
3017: 1463 35 379 213 5 473 1464 1465 1466 500 1467 1468 1469 720 1470 1471 1472 1473 1474 1475 1476 1477 1479 -1
3018: 720 -1
3019: 120 3015 40 500 720 379 -1
3020: -1
3021: 2913 -1
3022: 113 -1
3023: 113 -1
3024: 3034 3035 3037 -1
3025: 3037 3035 -1
3026: 3037 3035 -1
3027: 3037 3035 -1
3028: 3037 3035 -1
3029: 3037 3035 -1
3030: 3037 3035 -1
3031: 3037 3035 -1
3032: 3037 3035 -1
3033: 3035 3037 -1
3034: 3024 3037 -1
3035: -1
3036: 3035 3037 -1
3037: -1
3038: 3024 3025 3026 3027 3028 3029 3030 3031 3032 3033 3036 3037 -1
3039: 3024 3025 3026 3027 3028 3029 3030 3031 3032 3033 3036 3037 -1
3040: 3024 3025 3026 3027 3028 3029 3030 3031 3032 3033 3036 3037 -1
3041: 3024 3025 3026 3027 3028 3029 3030 3031 3032 3033 3036 3037 -1
3042: 3024 3025 3026 3027 3028 3029 3030 3031 3032 3033 3036 3037 -1
3043: 1442 -1
3044: -1
3045: 115 -1
3046: 1145 115 -1
3047: 115 -1
3048: 115 -1
3049: 58 115 -1
3050: 2682 115 -1
3051: 2112 3182 1499 -1
3052: 115 58 -1
3053: 173 115 -1
3054: 3207 2654 2651 2656 3098 115 3194 1145 1184 2169 789 3192 1710 1706 -1
3055: 115 2603 -1
3056: 115 2080 1544 -1
3057: 115 -1
3058: 115 1685 1710 -1
3059: 115 -1
3060: 794 58 115 -1
3061: 115 -1
3062: 115 -1
3063: 115 1184 807 -1
3064: 473 2024 814 115 2205 -1
3065: 115 -1
3066: 115 1093 -1
3067: 3069 3070 3076 3071 3072 3073 3074 -1
3068: -1
3069: 3070 3076 3071 3072 3073 3074 -1
3070: -1
3071: -1
3072: -1
3073: -1
3074: -1
3075: -1
3076: -1
3077: 3069 3070 3071 3072 3073 3074 3076 -1
3078: -1
3079: -1
3080: 2806 2807 2808 2809 2810 2811 2812 -1
3081: -1
3082: -1
3083: -1
3084: -1
3085: -1
3086: -1
3087: -1
3088: -1
3089: -1
3090: 3089 -1
3091: 3089 -1
3092: -1
3093: -1
3094: 4 120 3015 -1
3095: 1278 1179 2352 -1
3096: 2107 -1
3097: -1
3098: -1
3099: -1
3100: -1
3101: -1
3102: -1
3103: -1
3104: -1
3105: -1
3106: -1
3107: -1
3108: -1
3109: -1
3110: -1
3111: -1
3112: -1
3113: -1
3114: -1
3115: -1
3116: -1
3117: -1
3118: -1
3119: -1
3120: -1
3121: -1
3122: -1
3123: -1
3124: -1
3125: -1
3126: -1
3127: -1
3128: -1
3129: -1
3130: -1
3131: 2446 2833 3249 -1
3132: 814 -1
3133: 492 -1
3134: 375 1908 1476 2841 -1
3135: -1
3136: 814 -1
3137: 814 414 -1
3138: -1
3139: -1
3140: -1
3141: -1
3142: -1
3143: -1
3144: -1
3145: -1
3146: 697 414 -1
3147: -1
3148: 414 492 697 814 -1
3149: -1
3150: -1
3151: -1
3152: -1
3153: -1
3154: -1
3155: 814 -1
3156: -1
3157: 2844 -1
3158: 2839 -1
3159: -1
3160: 3129 -1
3161: -1
3162: -1
3163: -1
3164: -1
3165: -1
3166: -1
3167: -1
3168: -1
3169: -1
3170: -1
3171: -1
3172: -1
3173: -1
3174: -1
3175: -1
3176: -1
3177: -1
3178: -1
3179: -1
3180: -1
3181: -1
3182: -1
3183: -1
3184: -1
3185: -1
3186: -1
3187: -1
3188: -1
3189: -1
3190: -1
3191: -1
3192: -1
3193: -1
3194: -1
3195: -1
3196: -1
3197: -1
3198: -1
3199: -1
3200: -1
3201: -1
3202: -1
3203: -1
3204: -1
3205: -1
3206: -1
3207: -1
3208: -1
3209: -1
3210: -1
3211: -1
3212: -1
3213: -1
3214: -1
3215: -1
3216: -1
3217: -1
3218: -1
3219: -1
3220: -1
3221: -1
3222: 3228 3232 -1
3223: -1
3224: -1
3225: 3378 3379 3380 -1
3226: 3374 3378 3379 3380 -1
3227: 3378 -1
3228: 3374 3378 3379 3380 -1
3229: 3378 3379 3380 -1
3230: 3374 3378 3379 3380 -1
3231: 3374 3378 3379 3380 -1
3232: 3222 3078 -1
3233: 3223 3226 3228 3230 3229 3232 -1
3234: 3228 3232 -1
3235: 3230 3232 -1
3236: 2160 -1
3237: -1
3238: -1
3239: -1
3240: -1
3241: -1
3242: -1
3243: -1
3244: -1
3245: -1
3246: -1
3247: -1
3248: -1
3249: 847 2107 -1
3250: -1
3251: -1
3252: -1
3253: -1
3254: -1
3255: -1
3256: -1
3257: -1
3258: -1
3259: -1
3260: -1
3261: -1
3262: -1
3263: -1
3264: -1
3265: -1
3266: -1
3267: -1
3268: -1
3269: -1
3270: -1
3271: -1
3272: -1
3273: -1
3274: -1
3275: -1
3276: -1
3277: -1
3278: -1
3279: -1
3280: 3078 2413 2833 2169 2080 469 2446 407 1093 1960 1499 2375 2092 2107 2137 753 2303 3408 2893 3240 3249 -1
3281: -1
3282: -1
3283: -1
3284: 3286 -1
3285: -1
3286: 3288 -1
3287: -1
3288: 3286 -1
3289: -1
3290: -1
3291: -1
3292: -1
3293: -1
3294: -1
3295: 3271 3270 3254 3255 3256 3257 3258 3259 3260 3261 3262 3263 3264 3265 3266 3267 3268 3269 3272 3273 3274 3275 2446 3253 3276 3277 3278 3279 3280 3281 3282 3283 3284 3285 3286 3252 3287 3288 3289 3290 3291 3292 3293 3294 -1
3296: 3301 -1
3297: 3301 -1
3298: 3301 -1
3299: 3301 -1
3300: 3301 -1
3301: -1
3302: 3365 3366 3308 -1
3303: 3365 3366 3308 -1
3304: 2349 -1
3305: 3365 3366 3308 -1
3306: -1
3307: -1
3308: -1
3309: 2992 3304 2994 3306 3307 3308 -1
3310: 2992 3304 2994 3306 3307 3308 -1
3311: 2992 3304 2994 3306 3307 3308 -1
3312: 3314 -1
3313: 3314 -1
3314: 1122 -1
3315: -1
3316: 1122 3314 3315 -1
3317: 1122 3314 3315 -1
3318: 1122 3314 3315 -1
3319: 1122 3314 3315 -1
3320: 3314 -1
3321: 1122 3314 3315 -1
3322: 1122 3314 3315 -1
3323: 2656 787 -1
3324: 131 3190 -1
3325: 3240 2413 -1
3326: 131 -1
3327: 2656 -1
3328: 218 -1
3329: 2058 2656 2654 2651 839 840 -1
3330: 694 2089 131 -1
3331: 2654 131 -1
3332: 2024 131 -1
3333: 1093 2654 131 -1
3334: 325 326 327 -1
3335: 864 131 -1
3336: 605 131 -1
3337: 131 3182 -1
3338: 1224 2058 843 839 840 3210 131 605 3207 3185 801 -1
3339: 2058 2349 2656 1946 -1
3340: 131 -1
3341: 131 605 2084 -1
3342: 2656 -1
3343: 1196 -1
3344: 1978 2863 2654 2651 2656 801 3207 2058 1224 1110 2024 839 843 840 2305 2000 373 -1
3345: 2217 131 -1
3346: 2907 2671 2744 2747 605 131 -1
3347: 2020 2656 -1
3348: 2656 -1
3349: 131 801 -1
3350: 131 605 801 -1
3351: 3221 853 865 864 856 58 792 1246 1814 -1
3352: 2656 -1
3353: 2656 -1
3354: 2656 -1
3355: 131 -1
3356: 131 801 -1
3357: 373 2655 2656 2058 742 -1
3358: 131 -1
3359: 2656 -1
3360: -1
3361: -1
3362: -1
3363: -1
3364: 2349 -1
3365: -1
3366: -1
3367: 2992 3364 2994 3365 3366 3308 -1
3368: 2992 3364 2994 3365 3366 3308 -1
3369: 2992 3364 2994 3365 3366 3308 -1
3370: -1
3371: 3374 3377 3378 3379 3380 -1
3372: -1
3373: -1
3374: -1
3375: 3377 3374 3378 3379 3380 -1
3376: 3377 3374 3378 3379 3380 -1
3377: -1
3378: -1
3379: -1
3380: -1
3381: 3374 3377 3378 3379 3380 -1
3382: -1
3383: -1
3384: 4 2860 0 378 2321 2330 2038 1906 1969 360 1948 1956 1905 1960 2863 1958 1976 1980 1990 2001 2019 2020 2025 1907 2032 2035 2047 2051 -1
3385: -1
3386: -1
3387: 2710 -1
3388: 136 2444 3203 -1
3389: 3405 3406 3408 3409 3069 -1
3390: 3405 2233 3406 3407 3408 3069 -1
3391: 2206 -1
3392: 3164 -1
3393: 3408 -1
3394: 3408 -1
3395: 3408 3069 -1
3396: 694 -1
3397: 3408 3409 2024 -1
3398: 3409 -1
3399: 3409 -1
3400: 694 -1
3401: 3409 -1
3402: 694 -1
3403: 3405 3406 -1
3404: 694 -1
3405: -1
3406: -1
3407: -1
3408: -1
3409: -1
