0: 174 175 177 -1
1: -1
2: -1
3: 108 262 263 -1
4: -1
5: -1
6: 283 284 285 286 287 288 289 -1
7: 360 -1
8: -1
9: 415 416 417 418 419 420 421 422 423 424 425 -1
10: 473 484 487 488 489 490 491 492 495 54 497 498 499 500 410 501 502 503 504 505 506 507 508 509 510 511 120 512 513 514 515 516 517 518 519 520 521 522 523 524 4 525 526 0 527 528 529 530 531 532 533 534 535 536 537 538 539 540 541 542 543 544 545 546 547 548 549 550 551 552 553 554 555 556 557 558 559 560 561 9 562 563 564 565 566 567 568 569 570 571 572 573 574 575 576 -1
11: 620 621 622 -1
12: -1
13: 73 -1
14: 695 696 697 698 699 700 701 702 703 704 705 706 707 708 709 710 711 712 713 714 715 716 717 718 719 720 721 722 723 724 725 726 727 728 729 730 731 732 733 734 735 736 737 738 739 740 741 742 743 744 745 746 747 748 749 750 751 752 753 754 755 756 757 758 759 760 761 762 763 764 765 766 767 768 769 770 771 772 774 775 776 777 778 779 780 781 782 783 226 784 685 785 786 787 788 789 790 791 792 793 794 795 796 797 798 799 800 801 802 803 804 805 806 807 808 809 810 811 812 813 814 1912 815 816 817 818 819 820 821 822 823 824 825 826 827 -1
15: 849 -1
16: 851 852 -1
17: 888 889 27 890 891 892 893 894 10 66 895 896 897 898 899 96 557 38 4 900 901 528 902 903 904 905 906 907 908 909 910 490 911 912 913 914 915 916 917 918 919 920 921 922 923 924 925 926 927 928 55 929 31 930 931 -1
18: -1
19: -1
20: -1
21: 1027 1028 718 -1
22: -1
23: 1107 1108 1109 1110 1111 1112 1113 1114 1115 1116 1117 1020 1118 1119 1120 1121 1122 1123 1124 1125 1126 1127 1128 1129 1130 1131 1132 1133 1134 1135 1136 1137 1138 1139 1140 751 1141 1142 1143 2 1144 1145 1146 1147 1148 1149 1150 1151 1152 1153 1154 1155 1156 1157 1158 1159 1160 1161 1162 1163 1164 1165 1166 1167 1168 1169 1170 1171 1172 1173 1174 1175 1176 1177 1178 1179 1180 788 1181 1182 1183 1184 1185 1186 1187 1188 1189 1190 1191 1192 1193 1194 1195 1196 1197 1198 1199 1200 1201 1202 1203 1204 1205 699 1206 1207 1208 1209 1210 1211 1212 1213 1214 1215 1216 1217 1218 1219 1220 1221 1222 1223 1224 1225 1226 1227 1228 1229 1230 1231 1232 1233 1234 1235 1236 1237 1238 1239 753 1240 1241 1242 1243 1244 1245 1246 1247 1248 1249 1250 1251 1252 1253 1254 1255 1256 1257 1258 1259 1260 1261 1262 1263 1264 1265 1266 1267 1268 1269 1270 1271 1272 1273 1274 1275 1276 1277 -1
24: -1
25: 1339 1340 1341 1342 -1
26: -1
27: -1
28: 1393 -1
29: -1
30: -1
31: -1
32: 1437 1455 1456 1457 1458 1459 1460 1462 -1
33: 1515 1516 1520 1521 1523 1524 1525 1526 1527 1528 1529 594 1530 1531 -1
34: 1543 1544 1545 1155 1546 1547 1548 1549 -1
35: -1
36: -1
37: 1615 -1
38: -1
39: 1658 1659 1660 1661 1662 1663 1664 1665 1666 1667 1668 1669 1670 1671 1672 1673 1674 1675 1676 1677 1678 1679 263 0 1680 902 1681 564 513 1682 1683 1684 1685 2 1686 1687 1688 1689 1690 1691 1692 1693 1694 116 1695 1696 1697 1698 1699 -1
40: -1
41: 1726 -1
42: 1735 1736 1737 1738 1739 1740 28 1741 1742 1743 -1
43: 564 3424 526 1745 1746 1684 1747 1687 1748 1749 1750 1751 38 1752 52 495 54 1753 15 573 1754 1755 1756 1757 1758 1759 1760 1761 1762 1763 1764 -1
44: -1
45: -1
46: 1774 732 65 2 89 1776 1777 1778 1779 1781 1782 1784 1785 1787 -1
47: -1
48: -1
49: 1850 1851 1040 1035 1852 132 1853 1854 1855 815 21 1856 1857 1858 1859 1860 1861 1862 1061 153 149 1863 1864 1866 1867 1030 1868 1869 1872 1728 1873 1874 1875 717 718 1876 1877 1878 1879 1880 1881 1882 732 1883 1884 1885 1886 1887 1889 1890 1891 1892 1893 1894 1895 1047 765 1896 1897 1898 1899 1900 1901 1902 792 1903 1905 1906 1907 1908 1909 1910 1911 1912 1913 817 1914 1915 1039 1916 1917 1059 1918 1729 1919 1920 -1
50: 1931 1932 1936 1937 1938 1939 1940 1941 1943 1944 1945 1946 1947 1948 1949 1950 1951 -1
51: -1
52: -1
53: -1
54: -1
55: 1988 899 38 1989 1990 -1
56: 89 2011 2012 2013 2014 2015 1138 2016 2017 2018 2019 2020 2021 94 2022 2023 2024 2025 2026 2027 2028 2029 2030 2031 2032 2033 2034 2035 2036 2037 13 2038 2039 2040 2041 2042 2043 2044 2045 2046 2047 2048 2049 2050 2051 2052 2053 15 2 2054 2055 2056 2057 2058 2059 2060 2061 2062 2063 2064 34 1564 1559 2065 2066 2067 262 2068 2069 2070 -1
57: -1
58: -1
59: 6 2093 2094 2095 2096 -1
60: 2104 -1
61: 2110 2111 -1
62: -1
63: -1
64: 2161 -1
65: 1027 2167 2168 2169 2032 2 2054 2056 114 2170 -1
66: 2179 55 2182 2183 2184 2185 -1
67: 2196 1 2197 -1
68: 2199 867 2200 2201 2202 2203 2204 2205 2206 2207 2208 2209 2210 2211 2212 2213 2214 2215 2216 2217 2218 2219 2220 2221 2222 2223 2224 2225 2226 2227 2228 2229 2230 2231 2232 2233 2234 2235 2236 2237 2238 55 2239 886 2240 10 2241 2242 2243 2244 2245 2246 2247 495 2248 2249 2250 2251 2252 2253 2254 2255 2256 2257 2258 2259 2260 562 2261 2262 2263 2264 2265 2266 2267 2268 2269 2270 2271 2272 2273 2274 2275 2276 2277 2278 2279 2280 2281 14 2282 2283 2284 2285 2286 2287 2288 2289 2290 2291 2292 2293 2294 2295 2296 2297 2298 2299 2300 2301 2302 2303 2304 2305 2306 2307 2308 2309 2310 2311 2312 2313 926 2314 2315 2316 2317 2318 2319 2320 2321 2322 2323 2324 2325 2326 2327 2328 2329 2330 2331 2332 2333 -1
69: 2343 2344 2345 -1
70: -1
71: 2356 2357 2358 -1
72: 2386 -1
73: -1
74: -1
75: -1
76: 1427 1428 -1
77: -1
78: -1
79: 2434 2456 2459 2460 2461 2473 2474 2475 2476 2477 2478 2479 2480 2481 2482 2483 2484 2485 2486 2487 2488 2489 2490 2491 2492 2493 2494 2502 2503 2504 2505 2506 2507 2508 2509 2510 2511 2512 2513 2517 2520 2526 2527 2528 -1
80: 2529 -1
81: -1
82: 2546 2547 2548 2549 2550 2551 2552 2555 -1
83: 2564 -1
84: -1
85: -1
86: 2578 -1
87: 729 2585 2587 2014 -1
88: -1
89: 2599 2030 696 2600 739 2601 65 2 1776 2602 2603 2604 2605 2606 2607 2608 2609 2610 2611 2612 2613 765 771 2586 704 782 2614 2615 2616 2617 2618 2619 2620 2621 -1
90: 2627 -1
91: 2640 2641 2642 -1
92: 2647 -1
93: -1
94: 2651 2652 -1
95: 2665 2667 2668 2669 2670 2671 -1
96: 1397 895 2689 1770 564 6 1684 2690 0 526 2320 2691 2693 -1
97: 2697 2698 419 2699 2700 2702 2703 2704 2707 2708 2709 2710 2711 2712 2713 -1
98: 65 -1
99: 2715 2716 2717 2718 2719 2720 -1
100: 2732 2733 2734 2735 2736 2737 2738 512 2739 -1
101: 2741 2742 -1
102: -1
103: 2765 2766 2767 2768 2769 2770 2771 2772 2773 2774 -1
104: 174 175 177 -1
105: 2356 1680 -1
106: 2785 -1
107: 2788 2789 902 1738 1740 28 2790 2791 565 2792 516 0 2793 2794 10 1739 505 2795 2796 2797 1397 2798 2799 205 2800 2801 502 522 2802 1741 2803 2804 2805 2806 2807 2808 2809 2810 2811 2812 2813 1682 2814 2815 2816 2817 514 2818 2819 2820 2821 2822 2823 2824 2825 -1
108: 2828 2829 26 -1
109: -1
110: -1
111: -1
112: -1
113: -1
114: 2032 2872 2873 2874 2875 2876 2877 2878 2879 2880 2881 2883 2884 -1
115: 2896 -1
116: 2909 2910 2911 2912 2913 2914 2915 2916 2917 2918 2919 2920 2921 2922 2923 2924 2925 2926 2927 2928 2929 2930 2931 2932 2933 2934 2935 2936 2937 2938 2939 2940 2941 2942 2943 2944 2945 2946 2947 2948 2949 2950 2951 -1
117: 2962 2963 -1
118: 2966 2967 1687 -1
119: 2972 2973 2974 -1
120: -1
121: 2981 2982 2983 -1
122: 2989 -1
123: 2992 2993 2960 2994 2231 2995 2996 2997 564 38 2998 -1
124: -1
125: -1
126: 3016 3017 3018 3019 3020 3021 -1
127: 3024 -1
128: -1
129: 3027 -1
130: 3028 564 924 3029 0 3030 3031 3032 3033 3034 -1
131: 3036 3037 -1
132: -1
133: -1
134: -1
135: 3052 3053 3054 3055 3056 3057 3058 3059 3060 3061 3062 3063 -1
136: -1
137: 3071 3072 3073 3074 3075 3076 3077 3078 3079 3080 3081 3082 3083 3084 3085 3086 -1
138: 3087 -1
139: -1
140: 699 2 3103 -1
141: 3105 -1
142: -1
143: 2434 3125 3126 2459 2460 2461 2473 2474 2475 2476 2477 2478 2479 2480 2481 2482 2483 2484 2485 2486 2487 2488 2489 3129 3130 3131 3132 3133 2494 3144 3145 3146 3147 3148 3149 3150 3151 3152 3153 3154 3157 3158 3159 2526 2527 2528 -1
144: 3162 -1
145: -1
146: 3179 3182 1108 3184 3186 3187 3190 3193 3194 798 3195 3197 3198 3199 3201 3204 3205 3207 -1
147: 3217 -1
148: 3231 3232 3233 3234 3235 3236 3237 3238 -1
149: -1
150: 3253 3254 3255 3256 3257 3258 3259 3260 3261 3262 3263 3264 3265 3266 3267 3268 3269 3270 3271 3272 3273 3274 564 3275 52 5 18 10 2251 17 2092 3276 109 2327 3277 -1
151: 3281 1360 3282 -1
152: 2665 2667 2668 2669 2670 2671 -1
153: 116 849 -1
154: 3356 -1
155: 3361 2094 3362 3363 10 9 133 3364 564 3365 3366 3367 3368 3369 526 525 3370 55 38 2190 2180 557 5 3371 3372 -1
156: -1
157: 5 1611 311 -1
158: -1
159: -1
160: 3392 3393 3394 3395 3396 3397 3398 3399 3400 3403 -1
161: -1
162: -1
163: 3415 -1
164: -1
165: 3421 3422 564 526 9 1684 1747 3423 45 43 35 3424 1745 1746 1687 3425 10 3426 3427 3428 3429 558 3430 1770 2960 495 1752 54 1753 15 155 52 1749 1750 1751 38 -1
166: 3433 3434 3435 3436 3437 -1
167: 1671 3451 3455 3463 -1
168: -1
169: 3472 -1
170: 3479 174 -1
171: 3483 15 3484 3485 3486 3487 3488 3489 3490 3491 -1
172: 3493 3494 3495 3496 -1
173: 3510 3512 3513 -1
174: -1
175: -1
176: 174 175 177 -1
177: -1
178: 0 -1
179: 2027 2066 -1
180: 1694 8 0 2043 -1
181: 2570 2041 2046 -1
182: 174 175 177 -1
183: 174 175 177 -1
184: 174 175 177 -1
185: 174 175 177 -1
186: 174 175 177 -1
187: 0 -1
188: 2036 1694 0 2043 -1
189: 0 2268 1695 -1
190: 0 -1
191: 2094 1762 564 2052 1663 -1
192: 3282 -1
193: 174 175 177 -1
194: 0 2268 9 -1
195: 174 175 177 -1
196: 174 175 177 -1
197: 174 175 177 -1
198: 174 175 177 -1
199: 174 175 177 -1
200: 174 175 177 -1
201: 174 175 177 -1
202: 2036 -1
203: 0 -1
204: 2665 2667 2668 2669 2670 2671 -1
205: 902 564 -1
206: 564 1684 22 1745 526 8 525 -1
207: 0 1155 2054 2570 -1
208: 2028 262 2030 2060 2066 2268 2062 3434 564 65 2412 77 1917 2015 154 89 2036 1155 2034 1776 2038 2 3051 2050 2286 2056 3435 2026 1150 1129 11 2031 1171 649 640 621 2651 1684 526 22 1087 1610 3494 1751 1750 36 525 3363 1759 177 3466 9 2311 357 522 410 1559 57 2017 1127 1165 1220 2595 2052 1663 -1
209: 2036 2 2041 2044 2046 -1
210: 0 7 -1
211: 174 175 177 -1
212: 174 175 177 -1
213: 174 175 177 -1
214: 174 175 177 -1
215: 174 175 177 -1
216: 174 175 177 -1
217: 417 8 0 -1
218: 2570 -1
219: 0 -1
220: 0 -1
221: 174 175 177 -1
222: 174 175 177 -1
223: 1108 2286 -1
224: 2662 2663 2664 2665 2666 2667 0 2668 2669 2670 2671 2672 2673 2674 -1
225: 174 175 177 -1
226: 1150 2 -1
227: 2028 2 -1
228: 699 707 2060 2076 2 2175 2873 -1
229: 1157 1665 2 1544 -1
230: 2027 2039 3 2041 2044 2038 2042 2036 2 679 1150 1151 14 1220 2060 2028 262 1164 20 1168 1166 2655 1725 1225 2015 2031 1155 1176 2056 2076 1159 -1
231: 2027 262 2 1155 1159 -1
232: 2 -1
233: 1547 2027 2 2062 -1
234: 1665 1155 2 1663 3051 1163 2655 -1
235: 2 2016 30 -1
236: 2 2655 1138 2013 26 94 1426 30 2012 2019 56 1656 -1
237: 2 -1
238: 2 2043 2046 -1
239: 1665 2048 2049 1157 2655 3355 -1
240: 37 1663 1155 2052 2050 2 3051 -1
241: 2 -1
242: 2053 2048 1546 2588 2030 2060 2984 2062 1543 2071 2028 2 2016 2014 2020 1138 2175 262 2027 1547 2066 1 2039 2041 2044 2046 2036 2038 2042 -1
243: -1
244: 2054 2038 1155 2015 1141 2 1124 2655 2027 2601 2066 262 1159 2034 1150 1546 -1
245: 1155 2 2060 -1
246: 2 788 806 -1
247: 2039 2 2652 -1
248: 1151 1140 2 20 2052 2060 -1
249: 2175 2041 2044 2039 2 -1
250: -1
251: 2027 2066 1160 2054 1155 1161 1165 2017 2 -1
252: 3051 2021 1663 1876 2768 2618 732 2586 745 1241 1191 1897 729 262 1665 12 89 2 1863 2043 -1
253: -1
254: 1546 2 2060 262 2027 2028 1221 1220 -1
255: 791 2028 2 -1
256: 2 1225 124 1143 2020 -1
257: 802 1238 1544 -1
258: 1665 2655 1143 2595 2 154 20 1016 46 2060 1020 1165 23 1220 2038 2043 -1
259: 2052 1665 2036 2 1155 2651 -1
260: 2651 2044 2 2030 1155 1140 2015 2013 1129 1663 -1
261: 2058 2050 2056 2 1159 2066 -1
262: -1
263: -1
264: 3 -1
265: 2027 3 1863 -1
266: 2039 3 -1
267: 3 -1
268: 3 2043 -1
269: 26 3 -1
270: 1155 3 -1
271: 3 -1
272: 3 -1
273: 4 3 -1
274: 26 -1
275: 2041 3 -1
276: 0 2 3 2043 262 2027 2411 2021 -1
277: 2041 2564 -1
278: 3 -1
279: 3 2043 -1
280: 262 8 1 3 2070 2043 2046 -1
281: 2036 2038 2 2039 2041 3 2044 2043 2046 -1
282: 2651 -1
283: -1
284: -1
285: -1
286: -1
287: -1
288: -1
289: -1
290: 4 -1
291: 4 569 564 -1
292: 4 564 -1
293: 4 -1
294: 4 564 -1
295: 4 564 -1
296: 4 -1
297: 4 -1
298: 568 4 -1
299: 2 13 4 -1
300: 2 13 4 -1
301: 4 3370 -1
302: 2651 4 0 1 2 3050 2070 2043 2046 -1
303: 4 -1
304: 2341 71 4 -1
305: 4 -1
306: 564 4 -1
307: 564 4 -1
308: 71 4 -1
309: 4 13 2 -1
310: 2319 157 1611 311 -1
311: 5 344 -1
312: 2231 564 526 5 1037 -1
313: 5 -1
314: 5 36 2995 2319 -1
315: 5 36 -1
316: 5 36 -1
317: 5 36 -1
318: 526 5 -1
319: 5 -1
320: 5 -1
321: 528 5 -1
322: 2319 9 5 15 58 526 564 485 106 -1
323: 1694 177 1611 311 -1
324: 5 -1
325: 5 36 177 1611 311 -1
326: 5 36 115 177 2319 1611 311 -1
327: 594 1533 46 1897 700 1027 1663 1665 5 -1
328: 10 9 5 45 55 526 564 -1
329: 5 36 321 2315 115 177 2319 1611 311 -1
330: 5 36 2319 1611 311 -1
331: 5 36 -1
332: 5 36 1611 177 2319 311 -1
333: 5 36 321 513 115 177 1611 311 -1
334: 526 564 853 5 -1
335: 1663 5 564 1665 3051 2858 -1
336: 5 -1
337: 5 -1
338: 5 36 321 115 177 1611 311 -1
339: 5 36 -1
340: 5 36 513 177 1611 311 -1
341: 5 -1
342: 2319 157 1611 311 -1
343: 5 36 62 1611 311 -1
344: 5 -1
345: 3051 564 526 5 3370 -1
346: 700 1663 1665 5 -1
347: 5 36 1694 1611 311 -1
348: 5 36 177 1611 311 -1
349: 5 36 0 2319 1611 311 -1
350: 5 36 321 513 177 2319 1611 311 -1
351: 5 36 -1
352: 5 36 2319 1611 311 -1
353: 5 36 321 177 2319 1611 311 -1
354: 5 -1
355: 5 525 1750 8 177 421 924 1755 1684 853 22 1405 1680 28 2344 505 42 990 526 564 45 1687 902 3371 1985 570 1693 955 1700 -1
356: 594 5 -1
357: 1693 6 2094 2283 -1
358: 6 -1
359: 360 -1
360: 108 262 263 -1
361: 7 2043 -1
362: 7 -1
363: 7 -1
364: 7 -1
365: 1784 1 7 2046 2043 -1
366: 0 7 2043 2050 -1
367: 1149 7 2043 -1
368: 7 -1
369: 7 -1
370: 7 -1
371: 1 7 2043 -1
372: 0 1 7 2046 -1
373: 7 2043 -1
374: 7 -1
375: 7 -1
376: 7 -1
377: 7 -1
378: 7 -1
379: 7 -1
380: 7 -1
381: 1 7 2043 -1
382: 2570 2564 7 -1
383: 7 85 -1
384: 7 -1
385: 1 2046 -1
386: 7 -1
387: 1784 0 7 2043 -1
388: 7 -1
389: 2027 1784 1 2570 2038 3232 7 2042 2046 -1
390: 7 -1
391: 8 3024 -1
392: 8 -1
393: 8 1 2042 7 2046 -1
394: 2570 237 564 2036 1694 8 0 1 2038 2 1863 2792 2043 2046 2564 -1
395: 8 2 -1
396: 8 7 2043 -1
397: 8 2564 -1
398: 8 13 1 -1
399: 8 -1
400: 8 0 525 -1
401: 8 2027 -1
402: 8 0 -1
403: 2792 8 -1
404: 8 0 2 7 -1
405: 1751 8 1749 1750 -1
406: 8 -1
407: 8 5 38 2792 2319 288 2564 -1
408: 8 1750 -1
409: 2036 8 0 2038 2 2792 2039 2041 2042 2046 2044 2050 -1
410: 3030 296 116 1763 1969 526 1687 1738 1747 15 1759 564 718 924 525 8 -1
411: 1751 8 2039 2044 1694 -1
412: 2027 8 -1
413: 8 0 2043 -1
414: 8 -1
415: -1
416: -1
417: -1
418: -1
419: -1
420: -1
421: -1
422: -1
423: -1
424: -1
425: -1
426: 9 -1
427: 9 410 -1
428: 9 177 -1
429: 2268 853 564 2331 55 9 1694 570 1693 -1
430: 9 443 -1
431: 2232 -1
432: -1
433: 3401 2803 109 919 2655 2310 901 159 490 100 3393 -1
434: -1
435: 9 888 515 902 -1
436: 9 -1
437: 902 526 525 38 2258 9 2327 -1
438: 570 177 9 2270 -1
439: 9 1745 570 1143 564 1761 1758 1108 1156 6 2792 1693 2331 2789 -1
440: 2562 1401 9 519 1685 895 -1
441: 9 902 1610 -1
442: 420 -1
443: -1
444: 569 1758 9 902 -1
445: 3044 177 2218 9 2321 2222 1762 2231 -1
446: 177 564 9 -1
447: 9 -1
448: 3044 177 2218 9 2321 2222 2231 417 1759 -1
449: 2276 2277 2274 2275 9 -1
450: 9 2293 -1
451: 9 -1
452: 9 -1
453: 321 924 296 9 1663 -1
454: 9 -1
455: 9 -1
456: 2662 2663 2664 2665 2666 2667 0 2668 2669 2670 2671 2672 2673 2674 -1
457: 522 9 410 15 1693 2283 557 2093 2229 -1
458: 9 -1
459: 1741 -1
460: 2562 564 9 2054 902 2027 2792 -1
461: 2662 2663 2664 2665 2666 2667 0 2668 2669 2670 2671 2672 2673 2674 -1
462: 564 52 107 54 109 10 17 58 944 156 1985 9 1456 1700 -1
463: 525 5 19 564 526 9 1684 853 505 125 1687 -1
464: -1
465: 473 484 -1
466: 473 484 -1
467: 473 484 487 -1
468: 473 484 -1
469: -1
470: 473 484 -1
471: 473 484 -1
472: 473 484 -1
473: 465 466 467 468 469 464 486 578 487 482 479 494 577 579 580 581 582 -1
474: 473 484 -1
475: 473 484 -1
476: 473 484 487 -1
477: 473 484 2027 -1
478: 473 484 487 -1
479: 473 484 -1
480: -1
481: -1
482: 473 484 -1
483: 473 484 -1
484: 471 472 474 475 476 477 478 479 480 481 482 483 485 486 464 465 466 467 468 469 577 578 579 580 581 582 -1
485: 473 484 487 -1
486: 473 484 -1
487: 464 465 466 467 468 469 470 471 472 473 474 475 476 477 478 479 480 481 482 483 484 485 486 494 493 577 578 579 580 581 582 -1
488: -1
489: -1
490: -1
491: -1
492: -1
493: -1
494: 487 473 -1
495: -1
496: 487 484 -1
497: -1
498: -1
499: -1
500: -1
501: -1
502: -1
503: -1
504: 564 -1
505: 888 889 27 890 891 892 893 894 10 66 895 896 897 898 899 96 557 38 4 900 901 528 902 903 904 905 906 907 908 909 910 490 911 912 913 914 915 916 917 918 919 920 921 922 923 924 925 926 927 928 55 929 31 930 931 -1
506: -1
507: -1
508: -1
509: -1
510: -1
511: -1
512: 902 562 2315 2273 564 -1
513: -1
514: -1
515: -1
516: -1
517: -1
518: -1
519: 3276 -1
520: -1
521: -1
522: 457 -1
523: 2665 2667 2668 2669 2670 2671 -1
524: -1
525: -1
526: 525 -1
527: -1
528: -1
529: -1
530: -1
531: -1
532: -1
533: -1
534: -1
535: -1
536: -1
537: -1
538: -1
539: -1
540: -1
541: -1
542: -1
543: -1
544: -1
545: -1
546: -1
547: -1
548: -1
549: -1
550: -1
551: -1
552: -1
553: -1
554: -1
555: -1
556: -1
557: 2319 -1
558: 2665 2667 2668 2669 2670 2671 -1
559: -1
560: -1
561: -1
562: -1
563: -1
564: -1
565: -1
566: 2630 -1
567: -1
568: -1
569: -1
570: 1762 853 564 1969 2330 -1
571: -1
572: -1
573: -1
574: -1
575: 177 -1
576: -1
577: 473 484 -1
578: 473 484 -1
579: 473 484 -1
580: 473 484 -1
581: 473 484 -1
582: 473 484 -1
583: 560 2315 2189 10 894 17 2325 3371 -1
584: 10 564 -1
585: 1682 564 10 1694 1155 1665 1664 3051 -1
586: 564 558 1405 10 2094 570 2281 177 1969 3043 -1
587: 10 -1
588: 498 4 410 10 526 -1
589: 848 52 853 16 105 525 522 2235 1965 10 -1
590: 1965 10 52 -1
591: 2912 28 564 2240 10 128 -1
592: 10 -1
593: 10 2710 22 2092 59 86 -1
594: 1779 -1
595: 564 899 19 -1
596: 557 55 564 2093 522 562 1753 -1
597: 473 484 -1
598: 485 471 10 38 2189 902 3087 -1
599: 2124 570 10 2873 1663 2056 2788 2052 -1
600: 902 520 10 2811 -1
601: 10 -1
602: 2630 355 10 -1
603: 2662 2663 2664 2665 2666 2667 0 2668 2669 2670 2671 2672 2673 2674 -1
604: 564 10 -1
605: 42 28 2687 895 902 45 263 2681 2328 528 1402 10 116 848 15 2036 1982 2 38 924 -1
606: 473 484 -1
607: 895 -1
608: 10 -1
609: 10 -1
610: 2211 2286 262 1693 1165 2788 1663 2200 2213 10 -1
611: 5 10 -1
612: 564 512 1746 526 10 1143 2094 562 2249 1759 1762 -1
613: 2662 2663 2664 2665 2666 2667 0 2668 2669 2670 2671 2672 2673 2674 -1
614: 1779 594 2218 1758 5 10 2641 2739 2086 102 2858 1671 1674 1678 2458 1663 2570 -1
615: 1747 1684 853 848 10 58 526 3428 564 1687 -1
616: 2327 2710 2087 2092 86 2094 503 1976 10 109 159 0 -1
617: 55 10 -1
618: 869 2712 4 10 565 564 -1
619: 419 514 410 3423 10 9 0 177 2222 445 417 3044 570 1693 490 2092 556 -1
620: -1
621: -1
622: -1
623: 775 11 -1
624: 11 -1
625: 2034 1165 56 2015 1138 2655 1108 20 23 2017 3242 2060 1164 2984 2024 1179 11 1202 2020 2074 1220 699 738 1241 1163 1191 1260 809 645 825 1547 1564 1559 2065 2027 2066 2030 262 2056 1155 1665 1159 1160 1158 3479 2077 1157 679 409 2038 2 2041 2026 2046 2651 1150 1663 1109 1778 1161 -1
626: 3061 -1
627: 11 -1
628: 11 1876 2717 3051 1171 2222 3487 -1
629: 685 1269 11 1176 -1
630: 1197 11 1172 -1
631: 11 -1
632: 1171 2717 3204 11 1876 -1
633: 40 11 2315 649 -1
634: 2015 1845 1016 1426 1202 2031 2018 2025 1165 2596 1161 11 2043 2044 3050 -1
635: 1171 11 2031 648 649 640 2 2056 -1
636: 3204 718 11 40 -1
637: 11 -1
638: 2578 11 1201 -1
639: 3050 11 262 -1
640: 11 624 -1
641: 3051 2595 2655 -1
642: 1108 11 2060 826 1165 2050 2022 1665 262 -1
643: 3051 2717 11 1171 3487 -1
644: 1171 11 -1
645: 621 -1
646: 788 3204 2408 1897 2017 2016 2981 718 2984 2024 11 1663 1683 564 3434 2021 262 1155 3051 2595 1665 -1
647: 11 -1
648: 3051 2717 11 1171 3487 -1
649: 645 11 621 2651 1216 -1
650: 2717 11 -1
651: 2742 -1
652: 262 3051 2030 11 -1
653: 1622 11 2595 2270 1387 1665 1155 1163 1165 1694 570 573 3051 1693 3024 -1
654: 2028 262 2030 2060 2066 3434 564 2175 1917 2015 1693 154 2036 1155 2034 2038 2 3051 2050 2286 2052 2056 2026 1150 1129 11 2031 621 2651 177 1759 1684 1750 9 357 3363 22 525 1751 526 522 1087 1559 2017 1127 1220 1663 -1
655: 7 -1
656: 12 -1
657: 12 2043 -1
658: 2043 -1
659: 2655 2015 1220 2042 1863 1665 1155 48 2599 1160 2331 1223 1200 3183 1241 1163 1249 1191 788 1261 2984 2030 3176 1143 2 2060 2027 3050 1161 1165 1663 -1
660: 2036 0 12 2043 -1
661: 1155 485 2052 2570 2021 2050 12 262 -1
662: 12 2036 2044 3282 -1
663: 2570 7 -1
664: 2043 -1
665: 2564 12 -1
666: 2043 2046 2564 -1
667: 85 262 1693 2066 3426 -1
668: 12 -1
669: 806 12 -1
670: 7 -1
671: 3282 2036 12 2044 -1
672: 1901 1272 2028 2060 2038 2 2041 2043 2026 1 2046 2034 1150 -1
673: 12 -1
674: 12 -1
675: 7 -1
676: 2595 830 1693 2027 2036 13 -1
677: 2036 13 -1
678: 13 7 693 -1
679: 2036 2038 2039 2044 13 262 2196 2651 -1
680: 2036 13 2038 2 2039 2043 1863 621 2196 288 2651 826 1114 1129 -1
681: 13 -1
682: 2553 1149 2655 -1
683: 2655 13 -1
684: 13 2038 1220 -1
685: 2 1912 748 794 13 756 784 798 2030 2041 -1
686: 13 2039 2041 2044 -1
687: 1863 13 2043 -1
688: 2268 2175 13 2 1693 -1
689: 2051 13 2039 2041 2564 2647 1863 -1
690: 2601 13 2029 2792 1547 2039 360 2046 2043 -1
691: 13 -1
692: 1149 2655 13 -1
693: 13 7 -1
694: 724 748 -1
695: -1
696: 2 2060 -1
697: -1
698: -1
699: -1
700: 2050 2651 2052 1195 1248 1175 2066 262 2070 3037 1108 934 1203 415 2834 2108 -1
701: 2 -1
702: -1
703: -1
704: -1
705: 3232 -1
706: -1
707: -1
708: -1
709: 806 -1
710: -1
711: -1
712: -1
713: -1
714: -1
715: 3231 2 809 2060 -1
716: -1
717: 2692 -1
718: 1876 -1
719: 2036 2619 -1
720: -1
721: 2 1665 -1
722: -1
723: -1
724: -1
725: -1
726: -1
727: 806 -1
728: -1
729: 3231 -1
730: -1
731: -1
732: 46 65 2060 2036 -1
733: -1
734: -1
735: 2028 2 -1
736: -1
737: 2060 2043 2038 -1
738: -1
739: 2039 2042 2026 2032 2616 2175 -1
740: 1663 -1
741: -1
742: 2742 -1
743: 771 2044 2039 -1
744: -1
745: 696 782 704 756 784 798 738 764 778 2605 -1
746: 1065 -1
747: 1220 -1
748: -1
749: -1
750: 2606 -1
751: 2652 -1
752: -1
753: -1
754: -1
755: -1
756: -1
757: 2 2601 2031 -1
758: 778 2601 -1
759: -1
760: -1
761: -1
762: -1
763: -1
764: -1
765: 2032 -1
766: -1
767: 754 1880 -1
768: -1
769: 2742 -1
770: -1
771: -1
772: -1
773: 1544 1547 -1
774: -1
775: 1218 791 -1
776: -1
777: -1
778: -1
779: 2052 1220 -1
780: -1
781: 228 -1
782: -1
783: -1
784: -1
785: -1
786: -1
787: -1
788: -1
789: -1
790: 2 3204 -1
791: -1
792: -1
793: -1
794: 2 -1
795: 65 2013 -1
796: -1
797: 1784 -1
798: 2038 2030 -1
799: -1
800: -1
801: -1
802: -1
803: 1155 2052 2 -1
804: 3232 3231 -1
805: -1
806: 2 709 -1
807: -1
808: 2 2175 -1
809: -1
810: -1
811: -1
812: -1
813: -1
814: -1
815: 2069 49 1919 -1
816: -1
817: 1874 2062 1328 771 774 823 1220 -1
818: -1
819: 1665 3051 -1
820: -1
821: -1
822: -1
823: -1
824: 77 791 -1
825: 2057 2 1150 -1
826: 1113 700 1301 716 1210 1297 1218 1223 1227 1232 1234 1188 776 1253 1255 784 1273 1111 645 820 1176 -1
827: -1
828: 262 2286 2 2834 1149 2015 2030 2060 2028 1546 679 2036 2038 1693 2054 2056 1155 2051 1160 1016 1202 826 14 -1
829: 826 1290 14 1149 2 2036 -1
830: 14 1290 826 847 3051 3050 1155 1665 -1
831: 2 14 779 -1
832: 2060 2 14 -1
833: 1663 2167 14 1150 2014 1220 2060 -1
834: 826 827 -1
835: 2027 -1
836: 1016 2 14 -1
837: 2030 2197 2031 140 2 1665 2057 707 704 745 756 782 784 685 798 818 14 1150 89 1127 262 1161 288 2651 -1
838: 1663 1776 2031 2655 3051 262 3407 14 2 2041 1 1665 1155 162 1674 -1
839: 2599 1750 1 2038 2 7 2043 2046 1157 1155 2570 1150 14 2052 -1
840: 1150 14 -1
841: 1155 1665 2 1150 14 2060 2984 2167 2873 -1
842: 95 556 14 1150 2 2293 570 2800 1108 2742 -1
843: 2031 1016 1572 775 2328 14 2060 1155 2058 2056 564 3231 3045 2043 3479 262 2027 2601 2066 2 2076 2594 1161 1165 2020 2017 3024 -1
844: 2052 2056 1693 1668 253 121 132 2031 153 41 1138 2013 1165 2015 2034 644 2655 3051 2076 2032 2175 2039 2060 2068 2066 14 1315 2017 1108 1220 -1
845: 2052 2050 1663 2 629 89 1263 23 1110 3051 826 14 827 1202 679 1784 2053 -1
846: 699 704 1225 2600 1237 758 1180 762 778 1175 779 781 1260 799 1262 2981 806 1268 809 825 824 14 1546 2742 -1
847: 1546 14 2057 699 3045 1873 729 1199 1241 762 764 3181 1191 1261 1262 2981 2024 3407 1268 1272 818 645 -1
848: -1
849: -1
850: 66 564 2094 2687 572 15 526 902 1745 -1
851: -1
852: -1
853: -1
854: -1
855: -1
856: -1
857: 16 -1
858: 2249 16 848 851 564 -1
859: 16 880 -1
860: 16 862 880 -1
861: 445 16 564 1763 -1
862: 851 -1
863: 3365 573 564 2321 1683 852 16 848 849 177 -1
864: 2554 2268 177 514 1763 2799 902 1904 2792 2651 570 564 1759 1758 2812 517 1682 28 2066 2249 565 1762 2218 418 1969 526 3363 1687 10 2791 5 42 504 1693 1393 3282 3050 16 852 848 849 1683 2321 573 3479 1663 2331 2224 2704 -1
865: 177 410 852 862 16 -1
866: 16 -1
867: 16 -1
868: 880 16 -1
869: 851 573 564 -1
870: 16 564 -1
871: 851 16 -1
872: 16 -1
873: 3423 -1
874: 594 16 2324 -1
875: 16 -1
876: 573 564 2321 1683 852 16 848 849 177 -1
877: 16 -1
878: 856 564 851 16 -1
879: 851 573 -1
880: 16 -1
881: 856 854 2249 5 853 564 16 -1
882: 570 -1
883: 1665 1155 2027 16 851 -1
884: 16 2692 1663 1456 -1
885: 16 851 -1
886: 16 2240 2321 3363 1610 2219 853 526 1684 21 177 564 9 1759 560 -1
887: 1694 729 1897 2617 1763 3426 16 573 2651 2054 -1
888: -1
889: -1
890: -1
891: -1
892: -1
893: -1
894: -1
895: -1
896: 564 1969 902 28 76 568 565 1763 2699 573 55 2249 -1
897: 2562 2090 5 10 15 564 526 76 895 1746 914 915 1694 2792 0 1751 -1
898: -1
899: -1
900: -1
901: -1
902: -1
903: -1
904: -1
905: -1
906: -1
907: -1
908: -1
909: -1
910: -1
911: -1
912: -1
913: 895 -1
914: -1
915: -1
916: -1
917: -1
918: -1
919: -1
920: -1
921: -1
922: -1
923: -1
924: -1
925: -1
926: -1
927: 10 924 2966 775 160 3396 501 1761 2919 -1
928: 564 -1
929: 38 526 560 2325 17 1694 -1
930: -1
931: 1456 -1
932: 918 931 -1
933: 1739 931 -1
934: 931 -1
935: 906 931 -1
936: 955 2027 2562 505 902 889 -1
937: 526 525 52 498 564 100 2733 417 3068 -1
938: 1681 2339 1739 564 2966 17 -1
939: 3478 2315 2327 2246 -1
940: 903 848 931 -1
941: 931 -1
942: 55 10 -1
943: 946 954 2096 355 605 939 929 947 896 953 897 583 936 950 938 937 942 463 945 948 150 600 951 949 952 107 10 -1
944: 2998 931 -1
945: 891 2219 505 -1
946: -1
947: 17 902 -1
948: 17 895 -1
949: 1663 17 941 935 -1
950: 2338 9 22 859 1680 2685 2687 924 -1
951: 505 2812 -1
952: 2096 0 15 557 1693 -1
953: 902 1684 10 526 38 525 17 564 1759 2222 3044 573 1758 2699 570 853 16 2690 1694 556 90 2320 2257 557 523 62 2093 2211 -1
954: 2319 2094 902 512 38 10 923 526 564 -1
955: 931 -1
956: 18 -1
957: 18 -1
958: 18 573 564 -1
959: 18 -1
960: 18 2094 -1
961: 18 -1
962: 2283 18 987 -1
963: 1663 1163 3030 1763 573 560 564 177 3024 1693 902 -1
964: 1221 2717 18 1160 1149 2094 2060 3434 2286 1964 3051 262 2070 1118 -1
965: 22 18 564 562 2730 -1
966: 18 -1
967: 3366 419 -1
968: 18 -1
969: 648 2717 2315 18 1160 1149 2050 22 2094 2060 3434 1964 2286 1165 3051 262 2070 1118 -1
970: 288 -1
971: 990 526 564 3370 18 445 575 2857 419 45 3051 -1
972: 2323 2796 177 1759 2218 3365 2281 2321 2234 557 1636 1610 564 899 22 1684 526 55 18 556 5 876 3050 4 1751 1750 38 2324 522 3364 718 2052 10 902 -1
973: 177 2323 2796 1759 2218 1763 2321 557 564 22 1684 526 55 18 556 3050 1751 1750 38 522 718 10 902 -1
974: 262 2286 1221 2717 18 1160 1149 2094 2060 3434 1964 1165 3051 2070 1118 -1
975: 2717 18 -1
976: 18 1755 65 -1
977: 18 2093 -1
978: 177 9 417 18 556 -1
979: 564 18 -1
980: 18 -1
981: 18 301 -1
982: 2717 -1
983: 2295 1693 1684 86 2092 1968 2283 3051 18 2284 2260 -1
984: 564 263 1682 -1
985: 2717 3051 2595 18 2268 3050 -1
986: 18 564 3051 262 -1
987: 2283 18 -1
988: 18 2594 -1
989: 18 -1
990: -1
991: 19 38 2693 -1
992: 19 -1
993: 19 38 192 -1
994: 19 -1
995: 19 -1
996: 19 -1
997: 19 2733 -1
998: 19 -1
999: 19 0 -1
1000: 19 38 192 -1
1001: 19 38 -1
1002: 19 422 -1
1003: 1143 1142 20 2051 288 2651 1149 -1
1004: 1143 20 1108 -1
1005: 1975 2655 2013 2060 570 1108 819 20 1141 1129 1166 1165 1143 -1
1006: 20 2060 3176 2038 2039 1164 262 -1
1007: 20 1683 -1
1008: 1674 3051 20 2031 1016 1237 2 2052 2022 2034 1426 -1
1009: 1108 1143 20 -1
1010: 2028 2030 2655 20 1665 1155 2 1663 1165 -1
1011: 262 20 1108 1168 1166 2651 288 700 -1
1012: 1114 1161 1131 20 -1
1013: 1144 1143 2655 751 1016 1120 1108 3106 1151 2060 1156 -1
1014: 1108 1210 1426 2052 1129 1143 2796 1131 1170 1166 1119 1020 1260 20 2553 3050 3107 1155 1127 1165 2031 1016 2564 -1
1015: 2027 1665 20 2028 1546 -1
1016: 146 20 2015 -1
1017: 20 -1
1018: 2056 2054 2052 20 2655 2 1663 2060 2027 2028 2066 1150 -1
1019: 2060 1020 1165 23 1220 2 2655 154 1665 20 1016 2036 2038 2043 1663 -1
1020: 1119 1108 20 1143 -1
1021: 1108 1143 2848 1013 3106 1156 1160 20 1155 2060 2 2553 1237 1274 1225 1166 2655 700 2984 2028 2056 1151 1241 819 1236 1165 262 1149 2031 1164 2015 -1
1022: 20 1108 -1
1023: 2655 20 1165 -1
1024: 20 -1
1025: 20 1140 1665 -1
1026: 1155 2056 3050 1161 2031 1172 2655 2027 1559 1016 2044 2038 2015 20 2 1108 1127 1123 3178 1852 1261 1694 -1
1027: 1919 1029 -1
1028: -1
1029: 718 1028 -1
1030: 718 -1
1031: -1
1032: 21 2554 -1
1033: -1
1034: -1
1035: 21 1027 41 149 -1
1036: 21 718 -1
1037: 21 815 3370 -1
1038: 21 -1
1039: 21 1029 -1
1040: 1919 1027 1029 41 149 815 21 -1
1041: 1663 2052 1682 2021 1693 21 3051 718 3370 792 815 2061 564 3037 -1
1042: 645 21 -1
1043: 21 -1
1044: 21 902 2017 -1
1045: 718 294 306 21 815 -1
1046: -1
1047: 1910 815 21 -1
1048: 1693 570 21 902 -1
1049: 2066 21 -1
1050: 21 -1
1051: 21 718 -1
1052: 21 -1
1053: 815 21 41 149 1908 -1
1054: 1029 21 -1
1055: 2069 21 621 2800 -1
1056: -1
1057: 21 -1
1058: 21 -1
1059: 815 21 41 149 1908 -1
1060: 1663 3304 1674 1694 1893 21 -1
1061: -1
1062: 1691 -1
1063: 815 1047 1031 21 1040 49 1061 -1
1064: 2 1138 1140 21 2027 2030 -1
1065: 2043 1910 815 21 -1
1066: 21 -1
1067: 21 -1
1068: 21 -1
1069: 21 1143 -1
1070: 2562 21 2076 1694 1743 1108 1665 2054 2818 1904 2027 2066 1658 3050 262 417 -1
1071: 262 21 2094 2060 1755 1118 718 570 2800 1108 1693 2315 -1
1072: 22 2094 -1
1073: 22 2094 564 -1
1074: 2094 22 1693 -1
1075: 0 22 90 2094 853 2313 526 564 513 -1
1076: 1750 0 38 1684 22 1610 899 526 3364 902 564 513 1693 9 1694 3282 2232 -1
1077: 22 1747 1693 564 -1
1078: 2685 2730 22 2699 -1
1079: 22 -1
1080: 22 -1
1081: 5 1610 69 3364 9 1750 0 38 1684 22 526 902 564 513 1693 1694 3282 2232 -1
1082: 22 -1
1083: 22 -1
1084: 2594 564 2555 1785 2162 2692 1938 1951 1683 -1
1085: 22 -1
1086: 22 -1
1087: 22 2094 -1
1088: 1726 2295 1746 22 2094 521 2992 2630 -1
1089: 22 -1
1090: 22 -1
1091: 22 3497 -1
1092: 22 -1
1093: 2094 22 564 3434 2690 1684 1785 853 3231 3045 1693 643 557 5 262 522 35 775 288 -1
1094: 22 -1
1095: 1693 2315 1747 1684 2221 22 2094 2283 3434 2313 564 557 0 1160 -1
1096: 10 902 2094 22 1685 564 513 5 -1
1097: 22 -1
1098: 22 -1
1099: 1693 2094 22 1074 -1
1100: 2094 522 564 2221 1693 22 -1
1101: 22 -1
1102: 2315 1684 2221 22 2094 2283 3434 564 557 571 3370 853 -1
1103: 22 2094 -1
1104: 22 -1
1105: 22 -1
1106: 22 -1
1107: -1
1108: -1
1109: -1
1110: 1108 2179 -1
1111: 1693 826 1149 262 -1
1112: -1
1113: 1951 -1
1114: -1
1115: -1
1116: -1
1117: -1
1118: 1188 -1
1119: 1020 -1
1120: -1
1121: -1
1122: -1
1123: 1126 1124 1125 2555 -1
1124: 1127 1128 1123 -1
1125: -1
1126: -1
1127: -1
1128: -1
1129: 2655 1166 1132 699 1237 1210 -1
1130: -1
1131: 1165 1426 1223 -1
1132: 1129 -1
1133: -1
1134: -1
1135: -1
1136: -1
1137: -1
1138: 699 1198 751 2655 734 806 -1
1139: -1
1140: -1
1141: -1
1142: -1
1143: -1
1144: 1248 23 1165 -1
1145: -1
1146: -1
1147: -1
1148: -1
1149: -1
1150: -1
1151: -1
1152: -1
1153: -1
1154: -1
1155: -1
1156: -1
1157: 2036 -1
1158: -1
1159: 1547 1560 2039 2036 2038 1160 -1
1160: -1
1161: -1
1162: -1
1163: -1
1164: -1
1165: -1
1166: -1
1167: -1
1168: -1
1169: 1178 -1
1170: -1
1171: -1
1172: 1288 23 -1
1173: 3162 -1
1174: -1
1175: -1
1176: 1218 -1
1177: 1016 644 699 768 707 722 751 260 1233 1254 1172 753 132 788 1269 809 825 124 1225 734 1180 2981 704 738 805 1234 1260 645 -1
1178: 1220 -1
1179: -1
1180: -1
1181: -1
1182: -1
1183: -1
1184: -1
1185: -1
1186: -1
1187: -1
1188: -1
1189: 1190 -1
1190: -1
1191: -1
1192: -1
1193: -1
1194: -1
1195: -1
1196: -1
1197: -1
1198: -1
1199: -1
1200: -1
1201: 1174 -1
1202: 1016 644 699 768 707 722 751 260 1233 1254 1172 753 132 788 1269 809 825 124 1225 734 1180 2981 704 738 805 1234 1260 645 -1
1203: 1204 700 1195 1218 1120 -1
1204: -1
1205: -1
1206: -1
1207: 3204 1663 3194 -1
1208: 2038 1665 -1
1209: -1
1210: 2060 2027 2028 262 1841 2036 1 2038 2 1665 3051 14 1150 1151 1290 2015 23 844 1308 1011 1111 1663 -1
1211: -1
1212: -1
1213: -1
1214: -1
1215: -1
1216: -1
1217: -1
1218: 2555 -1
1219: -1
1220: -1
1221: 1219 1220 262 -1
1222: -1
1223: -1
1224: -1
1225: -1
1226: -1
1227: 1149 262 2050 1663 2570 2021 1876 1546 1307 1107 2594 -1
1228: 2655 1575 -1
1229: -1
1230: -1
1231: -1
1232: 1220 -1
1233: -1
1234: 2028 2655 262 2060 3434 2070 2 -1
1235: -1
1236: -1
1237: 1663 2054 1665 -1
1238: -1
1239: 1147 -1
1240: -1
1241: 22 2060 1663 1665 -1
1242: -1
1243: -1
1244: -1
1245: 1938 -1
1246: -1
1247: 2041 -1
1248: -1
1249: 2061 -1
1250: -1
1251: -1
1252: -1
1253: -1
1254: -1
1255: -1
1256: -1
1257: -1
1258: -1
1259: -1
1260: -1
1261: -1
1262: -1
1263: -1
1264: -1
1265: -1
1266: -1
1267: -1
1268: -1
1269: 2038 -1
1270: -1
1271: -1
1272: -1
1273: 2030 -1
1274: 3232 3233 3234 3235 -1
1275: -1
1276: 1129 1141 -1
1277: -1
1278: 1108 1547 -1
1279: 2200 2283 1163 1220 2315 23 -1
1280: 1308 1169 2655 2038 1220 1253 1118 1020 -1
1281: 1171 1020 1124 1123 1290 1308 23 -1
1282: 23 2 1161 -1
1283: 1663 3051 262 1149 2050 2286 23 649 632 3050 3024 1163 -1
1284: 1233 1265 1254 1172 -1
1285: 1226 1250 1176 1290 2038 2 2052 1155 -1
1286: 1663 1984 1388 2858 1124 23 3282 1220 2873 102 -1
1287: 1141 23 1220 2041 1065 1031 -1
1288: 1108 1547 -1
1289: 718 1020 23 1131 -1
1290: 1113 1204 1205 699 1206 2596 2595 1207 1208 1301 1209 716 1178 1210 1132 1212 1020 1116 1216 1217 1278 1218 2553 1219 1220 1221 1222 1214 1223 1224 1137 1227 1226 1228 1229 1230 1231 1232 1199 1233 1234 1200 1166 751 2655 1237 1239 1240 1241 1163 1243 1245 1247 2773 1169 1249 1952 1161 1188 776 1131 1129 1189 1215 1251 1253 1145 1254 1255 1264 1115 1263 1269 1118 1111 645 -1
1291: 3051 2038 2717 23 3050 1163 3204 2015 1165 -1
1292: 1118 1148 1122 23 1131 1020 1145 1142 1119 1141 1295 -1
1293: 2060 23 2 -1
1294: 2052 2058 23 -1
1295: 1118 1129 1131 1020 1141 1119 23 1148 1142 1145 1122 -1
1296: 23 3051 -1
1297: 1220 1150 2655 1290 23 -1
1298: 3176 2027 2 1108 262 1155 23 1663 -1
1299: 3061 -1
1300: 2200 2283 1163 1220 2315 23 -1
1301: 23 1220 -1
1302: 1665 1668 2060 51 23 1165 1166 2281 1129 1144 1020 2022 1143 2038 -1
1303: 1020 1136 23 1131 -1
1304: 718 1663 1020 23 -1
1305: 2200 2283 1163 1220 2315 23 -1
1306: 23 -1
1307: 2060 1118 1020 23 1145 1119 1112 1115 1114 -1
1308: 1161 23 1123 1020 1129 1307 -1
1309: 1665 23 1145 -1
1310: 1165 23 2015 2595 1663 2742 -1
1311: 1226 1250 1176 1290 1784 2038 2 2052 1155 -1
1312: 2041 1863 67 2039 2601 1157 2036 2 2056 2054 1665 1158 827 2028 1155 564 262 2030 2060 2066 2015 1165 1016 23 1220 3051 2268 -1
1313: 2044 -1
1314: 1916 -1
1315: -1
1316: 24 -1
1317: 2036 0 2038 2039 2042 2044 2050 2 2054 3051 2052 1140 2028 262 1155 1220 -1
1318: 26 2829 108 2050 262 1149 1663 -1
1319: 2612 1329 1321 823 -1
1320: 24 -1
1321: 24 -1
1322: 24 -1
1323: 24 -1
1324: 24 -1
1325: 24 1324 -1
1326: 1332 1336 24 -1
1327: 2015 24 108 2034 -1
1328: 26 -1
1329: 24 -1
1330: 2834 -1
1331: 710 1874 1329 775 1901 1321 -1
1332: -1
1333: 2016 2044 -1
1334: 2175 2060 2551 -1
1335: 2032 2044 2033 1694 2175 -1
1336: 1321 -1
1337: 24 -1
1338: 2651 -1
1339: -1
1340: 65 3169 1343 25 -1
1341: 3297 151 -1
1342: -1
1343: -1
1344: -1
1345: 151 25 -1
1346: 25 -1
1347: 25 -1
1348: 25 -1
1349: 29 1416 1407 2964 117 1412 25 1340 1663 -1
1350: 3168 2331 1759 -1
1351: 1340 -1
1352: 25 -1
1353: 1663 25 1350 288 3282 -1
1354: 1344 3301 25 28 2315 410 -1
1355: 25 1350 -1
1356: 25 -1
1357: 25 -1
1358: 25 594 -1
1359: 1693 -1
1360: 3168 25 3167 -1
1361: 25 1387 -1
1362: 25 1344 -1
1363: 2799 25 -1
1364: 1366 25 3281 1339 145 -1
1365: 2238 25 2799 902 -1
1366: 3281 25 145 1360 -1
1367: 2964 117 1412 25 1340 1663 -1
1368: 25 -1
1369: 25 -1
1370: 1663 25 -1
1371: 1360 1350 25 145 1366 1364 -1
1372: 1340 -1
1373: 25 -1
1374: 2238 1363 25 3168 -1
1375: 26 2356 -1
1376: 2356 26 -1
1377: 1385 26 1220 -1
1378: 26 108 2829 2017 1155 -1
1379: 26 -1
1380: 26 -1
1381: 56 2013 2655 94 30 2019 2012 2 1656 26 1138 1426 236 -1
1382: 26 -1
1383: 26 -1
1384: 1663 26 -1
1385: 1377 26 108 1220 -1
1386: 27 -1
1387: -1
1388: -1
1389: 517 27 902 -1
1390: -1
1391: -1
1392: 27 -1
1393: 3370 2804 1391 2 573 1682 902 564 570 2730 -1
1394: 82 902 28 -1
1395: 28 -1
1396: 2315 9 1678 -1
1397: -1
1398: 1762 1759 445 2264 570 2265 177 1761 2699 9 2222 2281 1393 28 2791 3044 876 -1
1399: 1405 9 10 63 75 1393 28 2319 1680 -1
1400: 894 28 160 902 -1
1401: 1761 177 575 1738 1762 2956 2265 76 2799 1739 564 42 28 1758 191 3044 3042 2952 2218 -1
1402: -1
1403: 1663 3282 28 1763 564 9 -1
1404: 2343 497 2327 0 596 2710 16 97 76 895 28 605 10 1402 355 410 66 -1
1405: 1665 3420 9 3504 1748 10 434 586 853 564 2960 2231 1684 0 886 28 570 1398 3370 776 -1
1406: 573 564 575 28 -1
1407: -1
1408: 564 -1
1409: 29 -1
1410: 29 -1
1411: 29 1710 -1
1412: -1
1413: 2998 65 29 -1
1414: 29 -1
1415: 29 -1
1416: -1
1417: 2268 29 410 1037 74 295 -1
1418: 29 -1
1419: 564 526 1750 -1
1420: 29 -1
1421: 2240 29 2233 3175 895 1387 3422 924 2812 -1
1422: 1665 29 -1
1423: 30 2016 2 235 -1
1424: 3304 2034 30 -1
1425: 2016 30 1426 799 1665 1663 -1
1426: 3051 1776 1165 30 2655 1143 1131 2 1155 2052 645 46 -1
1427: -1
1428: 2017 799 -1
1429: 1458 1459 1460 1437 -1
1430: -1
1431: -1
1432: -1
1433: -1
1434: -1
1435: -1
1436: -1
1437: 1430 1431 1434 1435 1433 1436 1432 1429 1443 1461 1444 1442 -1
1438: 1437 -1
1439: 1437 -1
1440: 1437 -1
1441: 1437 -1
1442: 1437 -1
1443: 1437 -1
1444: 1437 -1
1445: 1437 -1
1446: 1437 -1
1447: 1437 -1
1448: 1437 -1
1449: 1437 -1
1450: 1437 -1
1451: 1437 -1
1452: 1437 -1
1453: 1437 -1
1454: 1437 -1
1455: -1
1456: -1
1457: -1
1458: -1
1459: -1
1460: -1
1461: 1437 1458 1459 1460 -1
1462: -1
1463: 1437 1458 1459 1460 1462 -1
1464: 1437 1458 1459 1460 1462 -1
1465: 1437 1458 1459 1460 1462 -1
1466: 1437 1458 1459 1460 1462 -1
1467: 1437 1458 1459 1460 1462 -1
1468: 1437 1458 1459 1460 1462 -1
1469: 1437 1458 1459 1460 1462 -1
1470: 1437 1458 1459 1460 1462 -1
1471: 1437 1458 1459 1460 1462 -1
1472: 32 -1
1473: 1437 1458 1459 1460 1462 -1
1474: 1437 1458 1459 1460 1462 -1
1475: 1437 1458 1459 1460 1462 -1
1476: 1437 1458 1459 1460 1462 -1
1477: 1437 1458 1459 1460 1462 -1
1478: 1437 1458 1459 1460 1462 -1
1479: 1437 1458 1459 1460 1462 -1
1480: 1437 1458 1459 1460 1462 -1
1481: 1437 1458 1459 1460 1462 -1
1482: 32 1502 -1
1483: 1437 1458 1459 1460 1462 -1
1484: 1437 1458 1459 1460 1462 -1
1485: 1437 -1
1486: 1437 1458 1459 1460 1462 -1
1487: 1437 1458 1459 1460 1462 -1
1488: 1437 1458 1459 1460 1462 -1
1489: 1437 1458 1459 1460 1462 -1
1490: 1437 1458 1459 1460 1462 -1
1491: 1437 1458 1459 1460 1462 -1
1492: 1437 1458 1459 1460 1462 -1
1493: 1437 1458 1459 1460 1462 -1
1494: 1437 1458 1459 1460 1462 -1
1495: 1437 1458 1459 1460 1462 -1
1496: 1437 1458 1459 1460 1462 -1
1497: 1437 1458 1459 1460 1462 -1
1498: 1437 1458 1459 1460 1462 -1
1499: 1437 1458 1459 1460 1462 -1
1500: 1437 1458 1459 1460 1462 -1
1501: 32 2858 -1
1502: 32 -1
1503: 1437 1458 1459 1460 1462 -1
1504: 1437 1458 1459 1460 1462 -1
1505: 1437 1458 1459 1460 1462 -1
1506: 1437 -1
1507: 1437 1458 1459 1460 1462 -1
1508: 1437 1458 1459 1460 1462 -1
1509: 1437 1458 1459 1460 1462 -1
1510: 1437 1458 1459 1460 1462 -1
1511: 1437 1458 1459 1460 1462 -1
1512: 1437 1458 1459 1460 1462 -1
1513: 1520 1521 -1
1514: 1530 1542 1534 1537 1516 1520 1523 594 2858 -1
1515: 1523 -1
1516: 1542 33 -1
1517: 1523 1537 -1
1518: 1528 1529 594 1530 1531 -1
1519: 1523 1527 -1
1520: -1
1521: 1522 33 -1
1522: -1
1523: 1537 33 -1
1524: -1
1525: 33 -1
1526: -1
1527: -1
1528: -1
1529: 1520 594 33 1535 1534 1516 1526 -1
1530: 33 1540 1523 -1
1531: 1537 1534 33 1536 -1
1532: 1537 33 594 -1
1533: 1535 1537 1530 1515 33 -1
1534: 1535 33 1533 1523 1531 1537 1515 1532 1514 -1
1535: 1523 1516 33 1540 1537 1530 1533 1542 -1
1536: 1531 33 1537 1539 1530 1542 1779 -1
1537: 1535 1534 1542 1520 1540 1533 1530 33 2858 -1
1538: 1535 1533 -1
1539: -1
1540: 1531 -1
1541: 1523 -1
1542: -1
1543: -1
1544: -1
1545: -1
1546: -1
1547: -1
1548: -1
1549: -1
1550: 1108 1020 1977 -1
1551: 1547 2066 1031 2060 2984 3232 3231 -1
1552: 696 704 709 712 732 738 741 742 745 1163 756 784 685 798 2775 1150 2 2055 1155 1665 2032 1 2038 2039 2041 2044 2046 94 1190 2023 2028 1547 34 2068 2030 1663 3051 -1
1553: 2028 2016 2 1546 2053 262 2027 2030 1547 2066 2175 1 2039 2041 2044 2046 2036 2038 2042 2014 2020 1138 2588 2060 2984 2062 1543 2071 -1
1554: 1547 2651 1549 2027 2066 1579 -1
1555: 2027 262 108 1031 2029 34 2063 2196 288 2651 3426 2035 2036 2026 -1
1556: 1564 34 -1
1557: 2027 2066 2 34 1155 2053 2054 -1
1558: -1
1559: 1547 1150 1155 2053 2027 2066 2029 262 2026 -1
1560: 34 1576 -1
1561: 1564 -1
1562: 1547 2651 1549 2027 2066 1579 -1
1563: 700 262 1220 2028 1150 2026 2060 2029 1559 2015 1108 2027 2059 1547 -1
1564: 1559 2065 1547 -1
1565: 1544 -1
1566: -1
1567: 2027 1547 1559 -1
1568: 1547 1564 1558 1559 34 2065 1573 -1
1569: 1863 67 2601 1157 2036 2 2028 1155 262 2030 2060 2066 1165 1016 1220 -1
1570: 34 2 2595 -1
1571: 2 2013 34 2029 -1
1572: 1784 34 2655 2018 1584 1159 -1
1573: 1547 2587 2065 -1
1574: 1564 1558 2065 34 1573 -1
1575: 2028 827 1159 1290 1157 2036 2038 2601 2054 2 2041 1158 2039 1863 67 2268 1155 262 2066 2030 2060 1020 1161 2015 1165 1016 1220 -1
1576: -1
1577: 724 748 -1
1578: 2015 720 2025 -1
1579: 2027 2028 2066 1547 262 -1
1580: 2057 1622 2060 1108 1546 1149 2 2039 2601 -1
1581: 2027 2066 2047 2 2196 262 2060 1547 34 2043 -1
1582: 2028 1546 1155 2054 2047 2595 -1
1583: 2016 2068 2 2036 679 2065 1543 2071 1546 -1
1584: 1547 1546 1155 2053 2027 2066 2029 262 2026 -1
1585: 1564 1558 34 2065 1573 -1
1586: 34 2 1776 -1
1587: 1665 1065 762 1249 2052 2062 3282 2030 243 2060 250 1155 2651 2027 2028 1725 2048 2049 2 2026 1663 564 1969 1758 1761 2029 2042 -1
1588: 827 1157 2030 1031 2060 -1
1589: 2148 1160 115 2069 35 3434 62 -1
1590: 35 -1
1591: 35 -1
1592: 35 -1
1593: 35 -1
1594: 35 -1
1595: 35 -1
1596: 35 2742 -1
1597: 1779 36 -1
1598: 321 115 177 1611 311 -1
1599: 321 513 1694 1998 115 177 1611 311 -1
1600: 5 36 -1
1601: 5 36 177 2319 1611 311 -1
1602: 5 36 1674 321 115 177 2319 1611 311 -1
1603: 5 36 1694 1611 311 -1
1604: 5 36 2319 1611 311 -1
1605: 36 -1
1606: 5 36 1611 311 -1
1607: 5 36 321 115 177 2319 1611 311 -1
1608: 5 36 321 115 177 1611 311 -1
1609: 5 36 1694 177 1611 311 -1
1610: -1
1611: 5 36 -1
1612: 557 5 36 -1
1613: 1611 311 -1
1614: 1611 311 -1
1615: -1
1616: 114 48 3204 1623 -1
1617: 564 -1
1618: -1
1619: -1
1620: 2066 37 -1
1621: 1618 3282 -1
1622: 796 1665 2017 2742 -1
1623: 3204 114 48 -1
1624: 1619 -1
1625: 2273 38 2458 895 -1
1626: 38 -1
1627: 38 2093 1684 564 1680 -1
1628: 38 -1
1629: 853 1682 1684 0 1680 2 1685 1751 38 1750 564 1665 3045 570 1663 -1
1630: 38 -1
1631: 38 594 -1
1632: 38 -1
1633: 902 9 38 1683 564 1685 1746 1684 2094 3425 -1
1634: 564 526 1745 52 1750 38 1656 -1
1635: 0 38 564 526 1747 9 3204 177 -1
1636: -1
1637: 564 9 899 38 69 -1
1638: 564 9 3364 899 38 69 -1
1639: 38 -1
1640: 1747 38 3080 2085 5 2327 526 564 2319 2254 -1
1641: 2189 10 38 564 -1
1642: 38 -1
1643: 899 38 1990 66 -1
1644: 38 -1
1645: 570 564 853 1682 1684 0 1680 2 1685 1751 38 1750 1665 3045 1663 -1
1646: 2327 2085 5 2254 38 3080 1747 526 564 2319 -1
1647: 1753 3363 9 899 38 3364 410 -1
1648: 1269 1200 1249 1191 1258 3192 818 250 2 2038 2792 1155 2056 2054 3423 526 855 16 410 177 9 0 1758 38 570 1140 53 1126 1114 1118 1115 1161 1128 2268 2066 2651 2356 2799 1744 1165 -1
1649: 3080 -1
1650: 1990 38 -1
1651: 38 -1
1652: 2693 38 -1
1653: 1663 38 2858 -1
1654: 10 2240 1747 2086 66 38 55 526 3363 564 -1
1655: 1695 -1
1656: 849 -1
1657: -1
1658: -1
1659: -1
1660: -1
1661: -1
1662: -1
1663: -1
1664: -1
1665: -1
1666: -1
1667: -1
1668: -1
1669: -1
1670: -1
1671: 3441 3463 -1
1672: -1
1673: -1
1674: -1
1675: -1
1676: -1
1677: -1
1678: -1
1679: -1
1680: 2665 2667 2668 2669 2670 2671 -1
1681: -1
1682: -1
1683: -1
1684: -1
1685: -1
1686: 1693 1056 513 -1
1687: 560 923 55 899 564 526 1684 -1
1688: -1
1689: -1
1690: -1
1691: 1027 1028 718 -1
1692: -1
1693: -1
1694: -1
1695: -1
1696: -1
1697: -1
1698: 2665 2667 2668 2669 2670 2671 -1
1699: 3479 174 -1
1700: 564 2306 2298 -1
1701: 15 -1
1702: 1405 15 564 0 2328 2998 2594 -1
1703: 1700 564 -1
1704: 1700 564 -1
1705: 504 116 1680 1108 902 1694 1657 1762 -1
1706: 0 177 525 1687 1685 -1
1707: 149 1876 174 2562 822 1920 41 1874 1878 2069 1925 1883 1884 1888 1893 1919 1927 1027 815 1029 1895 1065 3244 1928 1904 1910 1033 1061 1034 1056 1913 -1
1708: 177 564 -1
1709: 1405 15 564 0 2328 2998 2594 -1
1710: -1
1711: -1
1712: -1
1713: 2651 -1
1714: 1665 2031 2562 1711 40 2655 -1
1715: 162 40 -1
1716: 1663 2788 1665 2027 2066 1155 2030 2036 2599 2044 1150 2586 40 735 2717 128 262 902 3024 -1
1717: 40 3102 -1
1718: 40 -1
1719: 2031 1725 40 -1
1720: -1
1721: 2 1665 1155 140 3024 -1
1722: 40 -1
1723: 40 2 -1
1724: 40 2655 -1
1725: 40 738 645 124 -1
1726: 1848 1849 1850 1851 1040 1035 1852 132 1853 1854 1855 815 21 1856 1857 1858 1859 1860 1861 1862 1061 153 149 1863 1865 1866 1867 1030 1868 1869 1870 1871 1872 1728 1873 1874 1875 717 718 1876 1877 1878 1879 1880 1881 1882 732 1883 1884 1885 1886 1887 1888 1889 1890 1891 1892 1893 1894 1895 1047 765 1896 1897 1898 1899 1900 1901 1902 792 1903 1904 1905 1906 1907 1908 1909 1910 1911 1912 1913 817 1914 1915 1039 1916 1917 1059 1918 1729 1919 1920 -1
1727: 1694 2027 2268 1035 41 1663 1665 -1
1728: 41 1155 2052 -1
1729: 41 -1
1730: 1920 3248 -1
1731: 2564 41 -1
1732: 770 2768 3051 1108 1897 570 1290 1249 720 1210 1787 2553 806 1191 1873 745 715 732 2014 729 2586 41 778 1912 1720 718 704 756 685 1895 1200 2655 1874 739 2027 2030 2 2041 1155 1665 -1
1733: 1027 1061 41 149 1850 -1
1734: 1741 -1
1735: -1
1736: -1
1737: 1736 -1
1738: -1
1739: -1
1740: -1
1741: 430 -1
1742: -1
1743: -1
1744: -1
1745: -1
1746: -1
1747: -1
1748: -1
1749: 174 175 177 -1
1750: -1
1751: -1
1752: -1
1753: -1
1754: -1
1755: 177 -1
1756: -1
1757: -1
1758: 177 -1
1759: -1
1760: -1
1761: 177 -1
1762: 564 570 1969 -1
1763: 3365 -1
1764: -1
1765: 102 44 -1
1766: 44 -1
1767: 1531 102 -1
1768: 44 102 -1
1769: 2690 1750 1680 1747 1685 45 902 564 2325 1746 1745 -1
1770: -1
1771: 1747 1750 1680 2344 1685 45 1746 1745 -1
1772: 1747 1750 1680 2344 1685 45 1746 1745 -1
1773: 1747 1750 1680 2344 1685 45 1746 1745 -1
1774: 46 -1
1775: 1774 732 65 2 89 1776 1777 1778 1779 -1
1776: -1
1777: -1
1778: -1
1779: -1
1780: -1
1781: -1
1782: -1
1783: 1774 732 65 2 89 1776 1777 1778 1779 -1
1784: -1
1785: 1663 -1
1786: 1774 732 65 2 89 1776 1777 1778 1779 -1
1787: 779 -1
1788: 594 1678 1663 46 -1
1789: 1774 732 65 2 89 1776 1777 1778 1779 -1
1790: 594 46 2742 -1
1791: 594 46 2742 -1
1792: 594 46 2742 -1
1793: 594 46 2742 -1
1794: 1795 1780 46 -1
1795: 594 3014 46 -1
1796: 594 46 2742 -1
1797: 594 46 2742 -1
1798: 594 46 2742 -1
1799: 594 46 2742 -1
1800: 594 46 2742 -1
1801: 1663 46 -1
1802: 1663 46 -1
1803: 594 65 3014 46 1779 -1
1804: 594 -1
1805: 46 594 -1
1806: 594 46 2742 -1
1807: 594 46 2742 -1
1808: 594 46 2742 -1
1809: 594 1663 46 2742 -1
1810: 594 46 2742 -1
1811: 1663 46 -1
1812: 1833 1663 -1
1813: 594 -1
1814: 594 1456 1780 46 1779 -1
1815: 2998 1663 46 -1
1816: 1663 46 -1
1817: 594 46 -1
1818: 594 1663 2073 46 2742 -1
1819: 594 46 2742 -1
1820: 594 46 2742 -1
1821: 594 46 2742 -1
1822: 1785 2 2655 3051 2031 1155 2054 1 1665 2043 1776 140 699 1725 732 46 89 1720 1712 806 3194 124 2038 1663 -1
1823: 46 594 -1
1824: 46 1779 1817 1795 -1
1825: 732 46 1779 1817 1795 -1
1826: 1663 46 -1
1827: 46 594 -1
1828: 46 -1
1829: 594 46 2742 -1
1830: 594 46 2742 -1
1831: 594 1663 46 2742 -1
1832: 594 46 2742 -1
1833: -1
1834: 47 -1
1835: 47 1836 -1
1836: -1
1837: 47 -1
1838: 1560 3435 48 114 65 3204 -1
1839: 48 -1
1840: 48 -1
1841: -1
1842: 1663 3051 2595 1776 2027 2 2066 262 2043 2651 2564 2052 1155 48 704 709 712 730 1720 745 747 756 784 685 -1
1843: 2027 57 48 -1
1844: 57 2027 48 -1
1845: 48 649 262 1220 1172 56 2013 1165 1751 2060 -1
1846: 48 -1
1847: 48 -1
1848: -1
1849: -1
1850: 718 815 -1
1851: -1
1852: -1
1853: 149 1876 174 2562 822 1920 41 1874 1878 2069 1925 1883 1884 1888 1893 1919 1927 1027 815 1029 1895 1065 3244 1928 1904 1910 1033 1061 1034 1056 1913 -1
1854: -1
1855: -1
1856: -1
1857: -1
1858: -1
1859: -1
1860: -1
1861: -1
1862: -1
1863: -1
1864: -1
1865: 1866 -1
1866: -1
1867: -1
1868: -1
1869: -1
1870: -1
1871: -1
1872: -1
1873: -1
1874: -1
1875: -1
1876: 718 1874 -1
1877: -1
1878: -1
1879: -1
1880: -1
1881: 149 1876 174 3479 -1
1882: -1
1883: -1
1884: -1
1885: -1
1886: 262 -1
1887: -1
1888: -1
1889: -1
1890: -1
1891: -1
1892: -1
1893: 1029 21 -1
1894: 2 2167 114 1917 -1
1895: -1
1896: -1
1897: -1
1898: -1
1899: -1
1900: -1
1901: -1
1902: -1
1903: -1
1904: 2162 -1
1905: -1
1906: 2356 -1
1907: -1
1908: -1
1909: -1
1910: 1220 -1
1911: -1
1912: -1
1913: -1
1914: 3024 2027 1693 2017 2 1045 1876 2066 1040 1726 1065 2052 815 1155 149 -1
1915: 2742 -1
1916: -1
1917: -1
1918: -1
1919: -1
1920: 1924 -1
1921: -1
1922: 1774 732 65 2 89 1776 1777 1778 1779 49 -1
1923: 2329 2562 2281 1763 1707 1726 42 896 2699 9 570 3248 -1
1924: 1726 -1
1925: 49 -1
1926: 1726 1417 815 -1
1927: 1029 2167 65 1039 262 2070 1027 815 49 149 1884 1930 1904 770 -1
1928: 1726 1707 3248 -1
1929: 21 49 718 149 -1
1930: 1919 1866 1039 -1
1931: 50 -1
1932: -1
1933: 1931 1937 1938 1940 1941 -1
1934: 1943 1932 -1
1935: 1936 1937 1938 2800 876 564 -1
1936: -1
1937: 1938 -1
1938: -1
1939: -1
1940: -1
1941: -1
1942: 1938 -1
1943: 1938 -1
1944: -1
1945: -1
1946: 50 -1
1947: -1
1948: -1
1949: -1
1950: -1
1951: -1
1952: -1
1953: 51 1249 2062 -1
1954: 51 -1
1955: 1559 -1
1956: 260 51 1249 1955 1246 -1
1957: 260 51 1249 1246 -1
1958: 51 2062 1249 -1
1959: 1128 2062 51 1249 -1
1960: 2061 -1
1961: 2027 262 2 1155 1159 -1
1962: 51 -1
1963: 1220 51 2062 -1
1964: -1
1965: -1
1966: 564 -1
1967: 2268 -1
1968: -1
1969: -1
1970: 1129 -1
1971: 1129 -1
1972: 3037 -1
1973: 3037 -1
1974: 53 -1
1975: -1
1976: -1
1977: -1
1978: 2655 53 -1
1979: 53 -1
1980: 53 718 -1
1981: 1236 2060 262 1155 2286 2052 1129 1156 2570 1202 2651 3050 1143 2655 53 1108 1223 1199 1278 1663 -1
1982: -1
1983: 1977 53 2655 1155 -1
1984: 2966 2324 54 -1
1985: 9 497 38 52 500 96 512 2240 54 557 560 562 -1
1986: 54 2691 512 2594 78 562 3371 10 518 55 38 76 924 564 2998 930 -1
1987: 54 -1
1988: -1
1989: -1
1990: -1
1991: 2180 66 55 -1
1992: 55 2268 -1
1993: 2240 1744 55 1969 564 504 -1
1994: 1678 55 -1
1995: 564 2284 55 -1
1996: 55 -1
1997: 55 899 526 -1
1998: 924 55 -1
1999: 902 1390 1681 1687 526 573 1746 564 557 55 2730 1143 1108 -1
2000: 55 -1
2001: 55 562 -1
2002: 55 -1
2003: 55 902 1969 5 512 -1
2004: 55 -1
2005: 55 -1
2006: 55 -1
2007: 55 -1
2008: 560 923 55 899 564 526 1684 -1
2009: 55 -1
2010: 2111 55 2268 -1
2011: -1
2012: -1
2013: 3356 -1
2014: -1
2015: 1845 1163 -1
2016: 717 718 2612 744 2767 1781 -1
2017: -1
2018: -1
2019: 2060 -1
2020: -1
2021: -1
2022: -1
2023: -1
2024: -1
2025: -1
2026: 779 -1
2027: -1
2028: -1
2029: 2030 -1
2030: 2599 -1
2031: 1016 644 699 768 707 722 751 260 1233 1254 1172 753 132 788 1269 809 825 124 1225 734 1180 2981 704 738 805 1234 1260 645 -1
2032: 65 -1
2033: -1
2034: -1
2035: -1
2036: 1785 2587 768 751 730 696 -1
2037: 2027 -1
2038: -1
2039: -1
2040: -1
2041: -1
2042: 2651 -1
2043: -1
2044: -1
2045: 2030 2044 -1
2046: -1
2047: -1
2048: -1
2049: -1
2050: 2651 -1
2051: 262 -1
2052: -1
2053: -1
2054: 2027 2056 -1
2055: 2027 2056 -1
2056: -1
2057: -1
2058: -1
2059: 2062 243 -1
2060: -1
2061: -1
2062: 2061 -1
2063: -1
2064: -1
2065: 1547 -1
2066: -1
2067: -1
2068: -1
2069: -1
2070: -1
2071: -1
2072: -1
2073: -1
2074: -1
2075: 2873 -1
2076: -1
2077: -1
2078: 57 -1
2079: 57 2084 -1
2080: 2858 57 -1
2081: 177 57 -1
2082: 2858 57 2875 -1
2083: 57 -1
2084: 57 -1
2085: -1
2086: -1
2087: 2094 2319 2710 301 2315 2092 2295 1964 -1
2088: 564 2998 1684 2094 2092 1694 1969 52 113 0 1975 262 3051 570 3231 3434 739 28 55 1693 3282 2594 2052 526 895 3204 1745 2017 3430 1664 -1
2089: 174 175 177 -1
2090: 2249 573 574 -1
2091: 177 9 410 2791 564 2249 886 -1
2092: 564 2710 107 -1
2093: -1
2094: 1027 1746 -1
2095: -1
2096: 557 2094 902 512 10 564 1761 -1
2097: -1
2098: 59 -1
2099: 1456 971 3366 1762 2094 3051 421 2641 2998 2159 59 -1
2100: 2710 2306 59 0 306 2094 -1
2101: 59 -1
2102: 59 417 -1
2103: 3362 2710 557 59 -1
2104: -1
2105: 2104 -1
2106: 60 2107 -1
2107: 60 -1
2108: -1
2109: -1
2110: -1
2111: -1
2112: 2086 -1
2113: -1
2114: 2113 -1
2115: 61 -1
2116: 62 -1
2117: 62 2027 -1
2118: 62 -1
2119: 62 -1
2120: 62 -1
2121: 526 62 -1
2122: 62 -1
2123: 62 -1
2124: 1694 1158 1159 -1
2125: 2662 2663 2664 2665 2666 2667 0 2668 2669 2670 2671 2672 2673 2674 -1
2126: 2662 2663 2664 2665 2666 2667 0 2668 2669 2670 2671 2672 2673 2674 -1
2127: 62 -1
2128: 62 -1
2129: 62 -1
2130: 62 -1
2131: 62 -1
2132: 62 -1
2133: 62 3434 -1
2134: 62 71 -1
2135: 2076 1694 62 71 -1
2136: 62 2742 -1
2137: 62 -1
2138: 62 -1
2139: 62 -1
2140: 2662 2663 2664 2665 2666 2667 0 2668 2669 2670 2671 2672 2673 2674 -1
2141: 2027 2066 3204 2124 -1
2142: 62 -1
2143: 2662 2663 2664 2665 2666 2667 0 2668 2669 2670 2671 2672 2673 2674 -1
2144: 2662 2663 2664 2665 2666 2667 0 2668 2669 2670 2671 2672 2673 2674 -1
2145: 62 -1
2146: 62 -1
2147: 62 -1
2148: 62 3434 -1
2149: 62 2054 2058 -1
2150: 62 557 564 1100 36 -1
2151: 62 -1
2152: 62 -1
2153: 62 3364 115 -1
2154: 62 -1
2155: 2662 2663 2664 2665 2666 2667 0 2668 2669 2670 2671 2672 2673 2674 -1
2156: 62 -1
2157: 62 -1
2158: 5 36 321 1674 62 177 2319 1611 311 -1
2159: -1
2160: 594 157 2529 562 10 432 63 -1
2161: 64 -1
2162: -1
2163: 64 -1
2164: 64 -1
2165: 64 -1
2166: 64 2165 -1
2167: 2177 712 1720 738 744 1912 -1
2168: 65 -1
2169: 1237 -1
2170: 1663 -1
2171: 65 -1
2172: 65 -1
2173: 1774 732 65 2 89 1776 1777 1778 1779 806 -1
2174: 65 2030 2167 2 -1
2175: 65 -1
2176: 65 114 2032 -1
2177: -1
2178: 114 2032 -1
2179: -1
2180: 2179 2182 2183 2184 2185 -1
2181: 2179 2183 2182 2184 2185 -1
2182: -1
2183: -1
2184: -1
2185: -1
2186: 66 -1
2187: 66 -1
2188: 2211 66 -1
2189: 38 66 2998 1990 -1
2190: 66 -1
2191: 853 66 1694 296 570 1758 564 2789 1751 526 573 895 -1
2192: 66 -1
2193: 1663 66 924 -1
2194: 66 -1
2195: 2179 2182 2183 2184 2185 -1
2196: -1
2197: 73 1 -1
2198: 1547 -1
2199: 177 -1
2200: -1
2201: -1
2202: 1764 -1
2203: -1
2204: -1
2205: -1
2206: 2578 -1
2207: -1
2208: 9 -1
2209: -1
2210: -1
2211: 1663 -1
2212: -1
2213: -1
2214: 415 -1
2215: -1
2216: -1
2217: -1
2218: 177 -1
2219: -1
2220: -1
2221: -1
2222: -1
2223: -1
2224: -1
2225: -1
2226: -1
2227: -1
2228: -1
2229: -1
2230: -1
2231: 9 -1
2232: -1
2233: -1
2234: -1
2235: -1
2236: -1
2237: -1
2238: -1
2239: -1
2240: -1
2241: -1
2242: -1
2243: -1
2244: -1
2245: -1
2246: -1
2247: -1
2248: 2742 -1
2249: -1
2250: -1
2251: 2693 -1
2252: 2693 -1
2253: -1
2254: -1
2255: -1
2256: -1
2257: -1
2258: -1
2259: -1
2260: -1
2261: -1
2262: -1
2263: 65 -1
2264: -1
2265: -1
2266: -1
2267: -1
2268: -1
2269: -1
2270: -1
2271: -1
2272: -1
2273: -1
2274: -1
2275: -1
2276: -1
2277: -1
2278: -1
2279: -1
2280: -1
2281: -1
2282: -1
2283: -1
2284: -1
2285: 1965 1755 2257 2730 -1
2286: -1
2287: 421 3362 2094 86 2092 -1
2288: 2295 1693 1684 86 2092 1968 2283 3051 18 2284 2260 -1
2289: 421 2200 -1
2290: 2284 2295 457 2730 -1
2291: 1758 -1
2292: 1684 2283 2284 -1
2293: 523 2284 -1
2294: 570 -1
2295: 2094 18 557 -1
2296: -1
2297: -1
2298: -1
2299: -1
2300: -1
2301: -1
2302: -1
2303: -1
2304: -1
2305: -1
2306: -1
2307: -1
2308: -1
2309: 526 3366 564 -1
2310: -1
2311: -1
2312: -1
2313: -1
2314: -1
2315: -1
2316: -1
2317: 560 564 2791 515 -1
2318: -1
2319: -1
2320: -1
2321: -1
2322: 2799 902 564 575 2094 -1
2323: 2851 -1
2324: -1
2325: -1
2326: -1
2327: -1
2328: -1
2329: -1
2330: -1
2331: -1
2332: -1
2333: -1
2334: 925 -1
2335: 2284 -1
2336: 1763 -1
2337: -1
2338: -1
2339: 2206 2216 2212 2214 2217 2344 2247 2254 2228 2318 2327 2919 2208 1694 2309 2234 2267 2311 2233 177 1405 2274 919 2278 2246 80 2261 2280 2322 2275 2277 2250 1680 2301 2319 2215 -1
2340: 3276 -1
2341: -1
2342: 2712 565 564 -1
2343: -1
2344: -1
2345: -1
2346: 69 -1
2347: 0 -1
2348: 69 -1
2349: 69 -1
2350: 69 -1
2351: 2344 -1
2352: 70 -1
2353: 70 -1
2354: 70 2352 -1
2355: 2858 2268 70 -1
2356: -1
2357: -1
2358: -1
2359: 71 -1
2360: 71 -1
2361: 3204 71 848 1663 2324 2651 288 3024 3050 -1
2362: 71 -1
2363: 71 -1
2364: 1763 71 -1
2365: 71 -1
2366: 71 -1
2367: 71 848 1663 2324 288 2651 3024 3050 -1
2368: 71 -1
2369: 177 71 -1
2370: 71 -1
2371: 71 848 2324 2651 3024 3050 -1
2372: 1758 2054 2056 71 2651 525 1751 1749 564 296 1663 1426 -1
2373: 71 -1
2374: 71 -1
2375: 71 -1
2376: 71 2374 -1
2377: 71 -1
2378: 71 -1
2379: 71 -1
2380: 2651 71 848 2324 3050 3024 -1
2381: 71 -1
2382: 557 71 -1
2383: 2665 2667 2668 2669 2670 2671 -1
2384: -1
2385: 2356 1680 -1
2386: -1
2387: 72 -1
2388: 72 -1
2389: 72 -1
2390: 72 -1
2391: 72 -1
2392: 72 -1
2393: 72 -1
2394: -1
2395: 2386 72 -1
2396: 72 -1
2397: 72 -1
2398: 2394 72 2399 -1
2399: 72 2394 -1
2400: 72 -1
2401: 72 -1
2402: 72 -1
2403: 73 2046 -1
2404: 2651 262 288 73 2564 2041 2070 2043 -1
2405: 2651 262 288 73 2564 -1
2406: 73 2038 2 2043 -1
2407: 73 -1
2408: -1
2409: 74 -1
2410: 1037 74 410 1417 -1
2411: 3051 -1
2412: -1
2413: 2032 77 -1
2414: 77 -1
2415: 1566 2032 77 -1
2416: 77 2414 -1
2417: 696 77 -1
2418: 65 -1
2419: 65 422 -1
2420: 78 -1
2421: 1779 1663 78 -1
2422: 78 -1
2423: 2344 78 2424 -1
2424: 2344 78 -1
2425: 78 -1
2426: 78 -1
2427: 2327 562 78 -1
2428: 78 -1
2429: 78 -1
2430: 562 78 -1
2431: 78 -1
2432: 78 -1
2433: 78 1108 -1
2434: -1
2435: 2434 2456 2459 2460 2461 2473 2474 2475 2476 2477 2478 2479 2480 2481 2482 2483 2484 2485 2486 2487 2488 2489 2513 2517 2520 2526 2527 2528 -1
2436: 2434 2456 2459 2460 2461 2473 2474 2475 2476 2477 2478 2479 2480 2481 2482 2483 2484 2485 2486 2487 2488 2489 2513 2517 2520 2526 2527 2528 -1
2437: 2434 2456 2459 2460 2461 2473 2474 2475 2476 2477 2478 2479 2480 2481 2482 2483 2484 2485 2486 2487 2488 2489 2494 2502 2503 2504 2505 2506 2507 2508 2509 2510 2511 2512 3153 3154 2513 2517 2520 2526 2527 2528 -1
2438: 2434 2456 2459 2460 2461 2473 2474 2475 2476 2477 2478 2479 2480 2481 2482 2483 2484 2485 2486 2487 2488 2489 2513 2517 2520 2526 2527 2528 -1
2439: 2434 2456 2459 2460 2461 2473 2474 2475 2476 2477 2478 2479 2480 2481 2482 2483 2484 2485 2486 2487 2488 2489 2494 2502 2503 2504 2505 2506 2507 2508 2509 2510 2511 2512 2513 2517 2520 2526 2527 2528 -1
2440: 2434 2456 2459 2460 2461 2473 2474 2475 2476 2477 2478 2479 2480 2481 2482 2483 2484 2485 2486 2487 2488 2489 2494 2502 2503 2504 2505 2506 2507 2508 2509 2510 2511 2512 2513 2517 2520 2526 2527 2528 -1
2441: 2434 2456 2459 2460 2461 2473 2474 2475 2476 2477 2478 2479 2480 2481 2482 2483 2484 2485 2486 2487 2488 2489 2494 2502 2503 2504 2505 2506 2507 2508 2509 2510 2511 2512 2513 2517 2520 2526 2527 2528 -1
2442: 2434 2456 2459 2460 2461 2473 2474 2475 2476 2477 2478 2479 2480 2481 2482 2483 2484 2485 2486 2487 2488 2489 2494 2502 2503 2504 2505 2506 2507 2508 2509 2510 2511 2512 2513 2517 2520 2526 2527 2528 -1
2443: 2434 2456 2459 2460 2461 2473 2474 2475 2476 2477 2478 2479 2480 2481 2482 2483 2484 2485 2486 2487 2488 2489 2494 2513 2517 2520 2526 2527 2528 -1
2444: 2434 2456 2459 2460 2461 2473 2474 2475 2476 2477 2478 2479 2480 2481 2482 2483 2484 2485 2486 2487 2488 2489 2494 2513 2517 2520 2526 2527 2528 -1
2445: 2434 2456 2459 2460 2461 2473 2474 2475 2476 2477 2478 2479 2480 2481 2482 2483 2484 2485 2486 2487 2488 2489 2494 2513 2517 2520 2526 2527 2528 -1
2446: 2434 2456 2459 2460 2461 2473 2474 2475 2476 2477 2478 2479 2480 2481 2482 2483 2484 2485 2486 2487 2488 2489 2494 2513 2517 2520 2526 2527 2528 -1
2447: 2434 2456 2459 2460 2461 2473 2474 2475 2476 2477 2478 2479 2480 2481 2482 2483 2484 2485 2486 2487 2488 2489 2494 2502 2503 2504 2505 2506 2507 2508 2509 2510 2511 2512 3153 3154 2513 2517 2520 2526 2527 2528 -1
2448: 2434 2456 2459 2460 2461 2473 2474 2475 2476 2477 2478 2479 2480 2481 2482 2483 2484 2485 2486 2487 2488 2489 2494 2502 2503 2504 2505 2506 2507 2508 2509 2510 2511 2512 3153 3154 2513 2517 2520 2526 2527 2528 -1
2449: 2434 2456 2459 2460 2461 2473 2474 2475 2476 2477 2478 2479 2480 2481 2482 2483 2484 2485 2486 2487 2488 2489 2494 2502 2503 2504 2505 2506 2507 2508 2509 2510 2511 2512 3153 3154 2513 2517 2520 2526 2527 2528 -1
2450: 2434 2456 2459 2460 2461 2473 2474 2475 2476 2477 2478 2479 2480 2481 2482 2483 2484 2485 2486 2487 2488 2489 2494 2502 2503 2504 2505 2506 2507 2508 2509 2510 2511 2512 3153 3154 2513 2517 2520 2526 2527 2528 -1
2451: 2434 2456 2459 2460 2461 2473 2474 2475 2476 2477 2478 2479 2480 2481 2482 2483 2484 2485 2486 2487 2488 2489 2494 3126 2502 2503 2504 2505 2506 2507 2508 2509 2510 2511 2512 2513 2517 2520 2526 2527 2528 -1
2452: 2434 2456 2459 2460 2461 2473 2474 2475 2476 2477 2478 2479 2480 2481 2482 2483 2484 2485 2486 2487 2488 2489 2494 2502 2503 2504 2505 2506 2507 2508 2509 2510 2511 2512 3153 3154 2513 2517 2520 2526 2527 2528 -1
2453: 2434 2456 2459 2460 2461 2473 2474 2475 2476 2477 2478 2479 2480 2481 2482 2483 2484 2485 2486 2487 2488 2489 2494 2513 2517 2520 2526 2527 2528 -1
2454: -1
2455: 2434 2513 2517 2526 2527 -1
2456: -1
2457: 2434 2456 2459 2460 2461 2473 2474 2475 2476 2477 2478 2479 2480 2481 2482 2483 2484 2485 2486 2487 2488 2489 2513 2517 2520 2526 2527 2528 -1
2458: 2434 2528 3159 2526 2527 -1
2459: -1
2460: -1
2461: -1
2462: 2434 2456 2459 2460 2461 2473 2474 2475 2476 2477 2478 2479 2480 2481 2482 2483 2484 2485 2486 2487 2488 2489 2494 2513 2517 2520 2526 2527 2528 -1
2463: 2434 2456 2459 2460 2461 2473 2474 2475 2476 2477 2478 2479 2480 2481 2482 2483 2484 2485 2486 2487 2488 2489 2494 2502 2503 2504 2505 2506 2507 2508 2509 2510 2511 2512 2513 2517 2520 2526 2527 2528 -1
2464: 2434 2456 2459 2460 2461 2473 2474 2475 2476 2477 2478 2479 2480 2481 2482 2483 2484 2485 2486 2487 2488 2489 2494 2502 2503 2504 2505 2506 2507 2508 2509 2510 2511 2512 2513 2517 2520 2526 2527 2528 -1
2465: 2434 2456 2459 2460 2461 2473 2474 2475 2476 2477 2478 2479 2480 2481 2482 2483 2484 2485 2486 2487 2488 2489 2494 2502 2503 2504 2505 2506 2507 2508 2509 2510 2511 2512 2513 2517 2520 2526 2527 2528 -1
2466: 2434 2456 2459 2460 2461 2473 2474 2475 2476 2477 2478 2479 2480 2481 2482 2483 2484 2485 2486 2487 2488 2489 2494 2502 2503 2504 2505 2506 2507 2508 2509 2510 2511 2512 2513 2517 2520 2526 2527 2528 -1
2467: 2434 2456 2459 2460 2461 2473 2474 2475 2476 2477 2478 2479 2480 2481 2482 2483 2484 2485 2486 2487 2488 2489 2494 2502 2503 2504 2505 2506 2507 2508 2509 2510 2511 2512 3153 3154 2513 2517 2520 2526 2527 2528 -1
2468: 2434 2456 2459 2460 2461 2473 2474 2475 2476 2477 2478 2479 2480 2481 2482 2483 2484 2485 2486 2487 2488 2489 2494 2502 2503 2504 2505 2506 2507 2508 2509 2510 2511 2512 3153 3154 2513 2517 2520 2526 2527 2528 -1
2469: 2434 2456 2459 2460 2461 2473 2474 2475 2476 2477 2478 2479 2480 2481 2482 2483 2484 2485 2486 2487 2488 2489 2494 2502 2503 2504 2505 2506 2507 2508 2509 2510 2511 2512 2513 2517 2520 2526 2527 2528 -1
2470: 2473 2474 2475 2476 2477 2478 2479 2480 2481 2482 2483 2484 2485 2486 2487 2488 2489 2494 3159 -1
2471: 2473 2474 2475 2476 2477 2478 2479 2480 2481 2482 2483 2484 2485 2486 2487 2488 2489 2494 3159 -1
2472: 2473 2474 2475 2476 2477 2478 2479 2480 2481 2482 2483 2484 2485 2486 2487 2488 2489 2494 3159 -1
2473: -1
2474: -1
2475: -1
2476: 2434 2439 2440 2441 2442 2443 2444 2445 2451 2453 2469 2468 2446 2452 2454 2513 2514 2515 2516 2517 2457 2518 2521 2522 2523 2524 2526 2527 -1
2477: 2434 2439 2440 2441 2442 2443 2444 2445 2451 2453 2469 2468 2446 2452 2454 2513 2514 2515 2516 2517 2457 2518 2521 2522 2523 2524 2526 2527 -1
2478: 2434 2439 2440 2441 2442 2443 2444 2445 2451 2453 2469 2468 2446 2452 2454 2513 2514 2515 2516 2517 2457 2518 2521 2522 2523 2524 2526 2527 -1
2479: 2434 2439 2440 2441 2442 2443 2444 2445 2451 2453 2469 2468 2446 2452 2454 2513 2514 2515 2516 2517 2457 2518 2521 2522 2523 2524 2526 2527 -1
2480: 2434 2439 2440 2441 2442 2443 2444 2445 2451 2453 2469 2468 2446 2452 2454 2513 2514 2515 2516 2517 2457 2518 2521 2522 2523 2524 2526 2527 -1
2481: 2434 2439 2440 2441 2442 2443 2444 2445 2451 2453 2469 2468 2446 2452 2454 2513 2514 2515 2516 2517 2457 2518 2521 2522 2523 2524 2526 2527 -1
2482: 2434 2439 2440 2441 2442 2443 2444 2445 2451 2453 2469 2468 2446 2452 2454 2513 2514 2515 2516 2517 2457 2518 2521 2522 2523 2524 2526 2527 -1
2483: -1
2484: -1
2485: -1
2486: -1
2487: -1
2488: -1
2489: -1
2490: -1
2491: -1
2492: 1663 -1
2493: -1
2494: -1
2495: 2434 2456 2459 2460 2461 2473 2474 2475 2476 2477 2478 2479 2480 2481 2482 2483 2484 2485 2486 2487 2488 2489 2494 2502 2503 2504 2505 2506 2507 2508 2509 2510 2511 2512 2513 2517 2520 2526 2527 2528 -1
2496: 2434 2456 2459 2460 2461 2473 2474 2475 2476 2477 2478 2479 2480 2481 2482 2483 2484 2485 2486 2487 2488 2489 2494 2502 2503 2504 2505 2506 2507 2508 2509 2510 2511 2512 2513 2517 2520 2526 2527 2528 -1
2497: 2434 2456 2459 2460 2461 2473 2474 2475 2476 2477 2478 2479 2480 2481 2482 2483 2484 2485 2486 2487 2488 2489 2494 2502 2503 2504 2505 2506 2507 2508 2509 2510 2511 2512 2513 2517 2520 2526 2527 2528 -1
2498: 2434 2456 2459 2460 2461 2473 2474 2475 2476 2477 2478 2479 2480 2481 2482 2483 2484 2485 2486 2487 2488 2489 2494 2502 2503 2504 2505 2506 2507 2508 2509 2510 2511 2512 2513 2517 2520 2526 2527 2528 -1
2499: 2434 2456 2459 2460 2461 2473 2474 2475 2476 2477 2478 2479 2480 2481 2482 2483 2484 2485 2486 2487 2488 2489 2494 2502 2503 2504 2505 2506 2507 2508 2509 2510 2511 2512 2513 2517 2520 2526 2527 2528 -1
2500: 2434 2456 2459 2460 2461 2473 2474 2475 2476 2477 2478 2479 2480 2481 2482 2483 2484 2485 2486 2487 2488 2489 2494 2502 2503 2504 2505 2506 2507 2508 2509 2510 2511 2512 2513 2517 2520 2526 2527 2528 -1
2501: 2434 2456 2459 2460 2461 2473 2474 2475 2476 2477 2478 2479 2480 2481 2482 2483 2484 2485 2486 2487 2488 2489 2494 2502 2503 2504 2505 2506 2507 2508 2509 2510 2511 2512 3153 3154 2513 2517 2520 2526 2527 2528 -1
2502: 2434 2439 2440 2441 2442 2443 2444 2445 2451 2453 2469 2468 2446 2452 2454 2513 2514 2515 2516 2517 2457 2518 2521 2522 2523 2524 2526 2527 -1
2503: 2434 2439 2440 2441 2442 2443 2444 2445 2451 2453 2469 2468 2446 2452 2454 2513 2514 2515 2516 2517 2457 2518 2521 2522 2523 2524 2526 2527 -1
2504: 2434 2439 2440 2441 2442 2443 2444 2445 2451 2453 2469 2468 2446 2452 2454 2513 2514 2515 2516 2517 2457 2518 2521 2522 2523 2524 2526 2527 -1
2505: 2434 2439 2440 2441 2442 2443 2444 2445 2451 2453 2469 2468 2446 2452 2454 2513 2514 2515 2516 2517 2457 2518 2521 2522 2523 2524 2526 2527 -1
2506: 2434 2439 2440 2441 2442 2443 2444 2445 2451 2453 2469 2468 2446 2452 2454 2513 2514 2515 2516 2517 2457 2518 2521 2522 2523 2524 2526 2527 -1
2507: 2434 2439 2440 2441 2442 2443 2444 2445 2451 2453 2469 2468 2446 2452 2454 2513 2514 2515 2516 2517 2457 2518 2521 2522 2523 2524 2526 2527 -1
2508: 2434 2439 2440 2441 2442 2443 2444 2445 2451 2453 2469 2468 2446 2452 2454 2513 2514 2515 2516 2517 2457 2518 2521 2522 2523 2524 2526 2527 -1
2509: 2434 2439 2440 2441 2442 2443 2444 2445 2451 2453 2469 2468 2446 2452 2454 2513 2514 2515 2516 2517 2457 2518 2521 2522 2523 2524 2526 2527 -1
2510: 2434 2439 2440 2441 2442 2443 2444 2445 2451 2453 2469 2468 2446 2452 2454 2513 2514 2515 2516 2517 2457 2518 2521 2522 2523 2524 2526 2527 -1
2511: 2434 2439 2440 2441 2442 2443 2444 2445 2451 2453 2469 2468 2446 2452 2454 2513 2514 2515 2516 2517 2457 2518 2521 2522 2523 2524 2526 2527 -1
2512: -1
2513: 2458 -1
2514: 2434 2456 2459 2460 2461 2513 2473 2474 2475 2476 2477 2478 2479 2480 2481 2482 2483 2484 2485 2486 2487 2488 2489 2494 2502 2503 2504 2505 2506 2507 2508 2509 2510 2511 2512 3153 3154 2517 2520 2526 2527 2528 -1
2515: 2434 2456 2459 2460 2461 2473 2474 2475 2476 2477 2478 2479 2480 2481 2482 2483 2484 2485 2486 2487 2488 2489 2494 2502 2503 2504 2505 2506 2507 2508 2509 2510 2511 2512 3153 3154 2513 2517 2520 2526 2527 2528 -1
2516: 2434 2458 3157 -1
2517: 2514 3155 2518 2458 -1
2518: -1
2519: 2434 2456 2459 2460 2461 2473 2474 2475 2476 2477 2478 2479 2480 2481 2482 2483 2484 2485 2486 2487 2488 2489 2494 2502 2503 2504 2505 2506 2507 2508 2509 2510 2511 2512 3153 3154 2513 2517 2520 2526 2527 2528 -1
2520: -1
2521: 2434 3126 2459 2460 2461 2473 2474 2475 2476 2477 2478 2479 2480 2481 2482 2483 2484 2485 2486 2487 2488 2489 2494 3153 3154 2517 3159 2526 2527 2528 -1
2522: 2434 3125 3126 2459 2460 2461 2473 2474 2475 2476 2477 2478 2479 2480 2481 2482 2483 2484 2485 2486 2487 2488 2489 2494 3144 3145 3146 3147 3148 3149 3150 3151 3152 3153 3154 3157 3158 3159 2526 2527 2528 -1
2523: 2434 2459 2460 2461 2473 2474 2475 2494 2517 2526 2527 2528 -1
2524: 2434 2473 2474 2475 2494 2528 3159 2526 2527 -1
2525: 2434 2473 2474 2475 2494 2528 3159 2526 2527 -1
2526: 2458 2518 -1
2527: 2518 2458 -1
2528: 2514 3155 2518 2458 -1
2529: -1
2530: 80 2315 -1
2531: 80 -1
2532: 80 -1
2533: 80 -1
2534: 80 -1
2535: 80 -1
2536: 80 -1
2537: 3204 2858 80 -1
2538: 80 -1
2539: 80 -1
2540: 2327 426 2858 452 3478 2998 80 1663 -1
2541: 594 2858 2222 80 2542 -1
2542: 80 2858 2222 594 -1
2543: 80 -1
2544: 81 -1
2545: 2555 -1
2546: -1
2547: -1
2548: -1
2549: -1
2550: -1
2551: -1
2552: -1
2553: 2555 -1
2554: -1
2555: -1
2556: 1155 1665 1897 2061 564 1694 82 2270 1683 3426 2792 2265 570 3045 1663 3201 2641 -1
2557: -1
2558: 2655 -1
2559: 82 -1
2560: 1165 82 3478 -1
2561: 82 621 3366 -1
2562: 1665 1155 2061 1683 3426 2792 2265 570 3045 1663 3201 -1
2563: 2555 -1
2564: -1
2565: 83 -1
2566: 2768 -1
2567: 1918 84 -1
2568: 84 -1
2569: 84 -1
2570: -1
2571: 85 -1
2572: 7 -1
2573: 85 -1
2574: 85 -1
2575: 1663 2578 -1
2576: 2578 -1
2577: 54 2578 -1
2578: -1
2579: 86 -1
2580: 2094 86 2092 1968 2036 -1
2581: 421 3362 2094 86 2092 -1
2582: 3362 -1
2583: 3362 86 2092 1968 -1
2584: 2587 715 696 703 2585 -1
2585: -1
2586: -1
2587: 2036 3104 -1
2588: -1
2589: 2592 87 -1
2590: 87 2742 -1
2591: 1544 1663 1665 2049 87 -1
2592: 2014 87 -1
2593: 2586 87 -1
2594: -1
2595: -1
2596: 2066 -1
2597: -1
2598: 2594 2595 2597 88 -1
2599: 2030 -1
2600: -1
2601: 779 -1
2602: -1
2603: -1
2604: -1
2605: -1
2606: -1
2607: -1
2608: -1
2609: -1
2610: -1
2611: 2060 1165 1161 249 1108 1155 2052 -1
2612: -1
2613: 774 -1
2614: -1
2615: -1
2616: -1
2617: -1
2618: -1
2619: 2036 -1
2620: 1784 -1
2621: -1
2622: 2029 2600 89 -1
2623: 2612 89 2599 739 2026 2072 -1
2624: 699 775 791 724 2197 701 768 2046 741 2175 2612 89 2599 745 790 2072 785 697 2044 739 2026 2586 262 -1
2625: 46 65 2060 2036 -1
2626: 1546 260 2068 1874 89 732 -1
2627: -1
2628: 1990 3268 1747 853 90 564 1745 3364 106 526 990 -1
2629: 90 2162 -1
2630: 2094 1693 2315 90 2092 1684 1627 564 3364 2095 899 2250 2097 5 2060 -1
2631: 2555 90 -1
2632: 1693 90 -1
2633: 2642 -1
2634: 2640 2642 -1
2635: 2640 2642 -1
2636: 2640 2642 -1
2637: 2640 2642 -1
2638: 2642 -1
2639: 2642 -1
2640: -1
2641: -1
2642: -1
2643: 91 2644 2641 2646 -1
2644: 91 -1
2645: 2641 91 2644 -1
2646: 2641 2644 91 -1
2647: -1
2648: -1
2649: 3482 93 -1
2650: 2648 93 2557 2017 -1
2651: -1
2652: -1
2653: 2655 94 -1
2654: 94 1272 -1
2655: -1
2656: 1165 2015 -1
2657: 94 2022 -1
2658: 2655 94 -1
2659: 2652 -1
2660: 2651 -1
2661: 94 1198 1272 2655 -1
2662: -1
2663: -1
2664: -1
2665: -1
2666: -1
2667: -1
2668: -1
2669: 2672 -1
2670: -1
2671: -1
2672: -1
2673: -1
2674: -1
2675: 2665 2667 2668 2669 2670 2671 -1
2676: 2665 2667 2668 2669 2670 2671 -1
2677: 2665 2667 2668 2669 2670 2671 -1
2678: 2665 2667 2668 2669 2670 2671 -1
2679: 2665 2667 2668 2669 2670 2671 -1
2680: 2665 2667 2668 2669 2670 2671 -1
2681: 2665 2667 2668 2669 2670 2671 -1
2682: 95 2679 2286 1693 3050 -1
2683: 95 -1
2684: 2665 2667 2668 2669 2670 2671 -1
2685: 2665 2667 2668 2669 2670 2671 -1
2686: 2665 2667 2668 2669 2670 2671 -1
2687: 2665 2667 2668 2669 2670 2671 -1
2688: 1693 95 2283 2200 2093 -1
2689: -1
2690: -1
2691: 931 -1
2692: -1
2693: -1
2694: 96 597 700 1986 -1
2695: 5 564 526 96 -1
2696: 96 -1
2697: -1
2698: -1
2699: -1
2700: -1
2701: 2711 -1
2702: -1
2703: -1
2704: -1
2705: 2712 -1
2706: 2712 -1
2707: -1
2708: -1
2709: -1
2710: -1
2711: -1
2712: 924 -1
2713: -1
2714: 98 -1
2715: -1
2716: -1
2717: -1
2718: 2717 -1
2719: -1
2720: -1
2721: 634 1016 2719 2717 1119 1118 1020 -1
2722: 1968 -1
2723: 2553 -1
2724: 2553 1149 -1
2725: 1665 3051 -1
2726: 2718 2717 2719 -1
2727: 2729 -1
2728: 2719 -1
2729: 1665 3051 1663 -1
2730: -1
2731: -1
2732: -1
2733: -1
2734: -1
2735: -1
2736: -1
2737: -1
2738: -1
2739: -1
2740: 100 -1
2741: -1
2742: -1
2743: 2744 101 -1
2744: 101 -1
2745: 101 -1
2746: 2755 101 78 -1
2747: 2753 101 -1
2748: 101 -1
2749: 2741 2742 -1
2750: 2741 2742 -1
2751: 2741 2742 -1
2752: 2753 -1
2753: 101 2755 -1
2754: 2753 -1
2755: -1
2756: 2741 2742 -1
2757: 417 101 -1
2758: 101 -1
2759: 2753 101 -1
2760: 2753 101 -1
2761: 2741 2742 -1
2762: 2741 2742 -1
2763: 2753 101 -1
2764: 2741 2742 -1
2765: -1
2766: -1
2767: 747 -1
2768: -1
2769: -1
2770: -1
2771: -1
2772: -1
2773: 2014 -1
2774: -1
2775: -1
2776: 103 -1
2777: 103 2029 -1
2778: 103 -1
2779: 103 -1
2780: 103 -1
2781: 103 -1
2782: 2265 103 2033 1155 2041 2044 2196 2651 2030 2061 2062 2069 1163 2587 2052 3024 -1
2783: 52 853 16 105 525 -1
2784: 564 105 2799 2315 2730 -1
2785: -1
2786: 106 -1
2787: 106 1610 -1
2788: -1
2789: -1
2790: -1
2791: -1
2792: -1
2793: -1
2794: 2789 564 1761 -1
2795: -1
2796: 1155 -1
2797: -1
2798: -1
2799: -1
2800: -1
2801: -1
2802: -1
2803: -1
2804: -1
2805: -1
2806: -1
2807: -1
2808: -1
2809: 2356 -1
2810: -1
2811: -1
2812: -1
2813: 2939 2942 -1
2814: -1
2815: -1
2816: -1
2817: -1
2818: -1
2819: -1
2820: -1
2821: -1
2822: -1
2823: -1
2824: -1
2825: -1
2826: 924 502 107 177 564 -1
2827: 107 886 -1
2828: -1
2829: -1
2830: 1663 -1
2831: 262 2066 2027 1160 1158 3024 1155 2056 -1
2832: 262 2066 2027 1160 1158 3024 1155 2056 1671 -1
2833: 108 -1
2834: 108 1684 2094 4 2283 1108 -1
2835: 108 1684 2094 2070 262 -1
2836: 108 1684 2094 6 2283 1108 -1
2837: 1155 1693 2 108 -1
2838: 108 -1
2839: 108 262 1149 -1
2840: 2829 108 262 -1
2841: 262 22 1031 2060 3434 3050 2 6 1693 108 1684 2094 1220 1160 -1
2842: 1031 22 2060 3434 3050 2651 2 6 1693 108 1684 2094 2283 1108 1220 3051 1160 -1
2843: 262 108 1220 -1
2844: 262 1108 1143 108 -1
2845: 2028 177 1426 2283 2 1118 -1
2846: 485 108 1684 2094 4 2283 1108 -1
2847: 2015 108 2034 24 1327 -1
2848: 262 2052 2027 1693 2056 1156 2038 2060 1160 2031 3051 522 1143 2601 1220 -1
2849: 1677 -1
2850: 495 564 109 2327 -1
2851: 109 2323 -1
2852: 109 495 500 -1
2853: 2023 2022 110 2024 2854 -1
2854: 2024 2023 110 2022 -1
2855: 3231 -1
2856: 718 -1
2857: -1
2858: 1969 2731 111 2685 3068 2268 515 1456 -1
2859: 112 -1
2860: 112 -1
2861: 112 -1
2862: 112 -1
2863: 112 -1
2864: 112 2859 -1
2865: 112 -1
2866: 112 -1
2867: 112 422 2324 -1
2868: 422 2324 112 -1
2869: 112 -1
2870: 112 -1
2871: 112 2869 -1
2872: -1
2873: -1
2874: -1
2875: -1
2876: -1
2877: -1
2878: -1
2879: -1
2880: -1
2881: -1
2882: -1
2883: -1
2884: -1
2885: 114 -1
2886: 114 -1
2887: 2882 114 -1
2888: 564 2044 114 3051 1663 -1
2889: 2 2167 3435 114 1917 -1
2890: 1220 1784 2175 114 789 -1
2891: 114 1693 1150 2 1776 1665 2858 -1
2892: 114 -1
2893: 114 -1
2894: 2032 114 -1
2895: 732 2599 2982 114 -1
2896: -1
2897: 5 36 1694 321 513 115 177 1611 311 -1
2898: 5 36 321 1674 115 177 1611 311 -1
2899: 5 36 564 321 115 177 1611 311 -1
2900: 5 36 321 115 177 1611 311 -1
2901: 5 36 321 115 177 2319 1611 311 -1
2902: 5 36 321 115 177 1611 311 -1
2903: 5 36 1674 321 1694 115 177 1611 311 -1
2904: 5 36 321 1998 115 177 1611 311 -1
2905: 899 115 -1
2906: 5 36 321 1694 115 177 1611 311 -1
2907: 5 115 177 1611 311 -1
2908: 115 -1
2909: -1
2910: -1
2911: -1
2912: -1
2913: -1
2914: -1
2915: -1
2916: -1
2917: -1
2918: -1
2919: -1
2920: -1
2921: -1
2922: -1
2923: -1
2924: -1
2925: -1
2926: -1
2927: -1
2928: -1
2929: -1
2930: -1
2931: -1
2932: -1
2933: -1
2934: -1
2935: -1
2936: -1
2937: -1
2938: -1
2939: -1
2940: -1
2941: -1
2942: -1
2943: -1
2944: -1
2945: -1
2946: -1
2947: -1
2948: -1
2949: -1
2950: -1
2951: -1
2952: -1
2953: 2939 2942 2918 2938 2940 2948 -1
2954: 116 849 -1
2955: 116 849 -1
2956: 564 575 2813 1763 116 2224 2814 1758 3303 -1
2957: 1969 1687 485 116 15 1759 564 -1
2958: 116 849 -1
2959: 116 849 -1
2960: 116 1761 564 575 1755 2094 1684 1745 1682 2095 3370 296 2093 1762 2061 2690 1685 1693 902 2264 573 512 -1
2961: 2909 2936 2937 2950 -1
2962: -1
2963: -1
2964: -1
2965: 29 1339 117 -1
2966: 899 2066 -1
2967: -1
2968: 1687 -1
2969: 1687 -1
2970: 1687 -1
2971: 2992 564 2092 2319 76 410 421 -1
2972: -1
2973: -1
2974: -1
2975: 564 -1
2976: -1
2977: 2979 2978 -1
2978: 120 -1
2979: -1
2980: 120 2976 -1
2981: 2984 -1
2982: -1
2983: 2984 -1
2984: -1
2985: 2981 3194 -1
2986: 3407 729 1663 1683 162 -1
2987: 2886 -1
2988: 121 1150 2028 -1
2989: -1
2990: 122 -1
2991: 122 2990 -1
2992: -1
2993: 2562 1759 2232 3365 9 123 3003 5 16 852 296 2270 564 15 525 526 1693 902 513 1165 -1
2994: -1
2995: 5 -1
2996: -1
2997: -1
2998: -1
2999: 564 -1
3000: 2232 -1
3001: 2232 -1
3002: 38 -1
3003: -1
3004: -1
3005: 2997 123 -1
3006: 2057 2 1150 -1
3007: 124 -1
3008: 124 -1
3009: 124 -1
3010: 124 -1
3011: 124 -1
3012: 243 1663 2858 -1
3013: 1225 2 124 1143 2020 -1
3014: -1
3015: 1663 1720 2 124 -1
3016: 126 594 -1
3017: 594 2073 -1
3018: -1
3019: -1
3020: -1
3021: -1
3022: 2039 2042 2026 2032 2616 2175 -1
3023: 2046 2027 1663 -1
3024: -1
3025: 128 594 2742 -1
3026: 128 102 2858 -1
3027: -1
3028: -1
3029: -1
3030: -1
3031: -1
3032: -1
3033: -1
3034: -1
3035: 3485 3486 -1
3036: 0 1 2 3 4 5 6 -1
3037: -1
3038: 3037 -1
3039: 3037 -1
3040: 2344 3364 133 -1
3041: 2344 2085 3364 133 -1
3042: 564 1759 2218 -1
3043: -1
3044: -1
3045: -1
3046: 134 -1
3047: -1
3048: 134 -1
3049: 3047 134 -1
3050: -1
3051: -1
3052: -1
3053: -1
3054: -1
3055: -1
3056: -1
3057: -1
3058: -1
3059: -1
3060: -1
3061: -1
3062: -1
3063: -1
3064: 3061 -1
3065: -1
3066: 3065 135 -1
3067: 2858 136 -1
3068: -1
3069: 136 -1
3070: 3086 -1
3071: -1
3072: -1
3073: -1
3074: -1
3075: -1
3076: -1
3077: -1
3078: -1
3079: -1
3080: 3364 -1
3081: -1
3082: -1
3083: -1
3084: -1
3085: -1
3086: -1
3087: -1
3088: 3087 138 -1
3089: 138 -1
3090: 138 -1
3091: 138 -1
3092: 138 -1
3093: 138 -1
3094: 138 -1
3095: 139 3100 2017 2742 -1
3096: 799 139 -1
3097: 1200 139 778 775 3370 697 799 -1
3098: 139 -1
3099: 139 -1
3100: -1
3101: 2017 3100 139 -1
3102: -1
3103: -1
3104: -1
3105: -1
3106: 141 1210 3371 -1
3107: -1
3108: 141 2 -1
3109: 3110 -1
3110: -1
3111: 142 3112 -1
3112: 2739 3109 3204 924 2966 1739 1687 142 -1
3113: 142 -1
3114: 142 -1
3115: 2434 3125 3126 2459 2460 2461 2473 2474 2475 2476 2477 2478 2479 2480 2481 2482 2483 2484 2485 2486 2487 2488 2489 3157 3158 3159 2526 2527 2528 -1
3116: 2434 3125 3126 2459 2460 2461 2473 2474 2475 2476 2477 2478 2479 2480 2481 2482 2483 2484 2485 2486 2487 2488 2489 3157 3158 3159 2526 2527 2528 -1
3117: 2434 3125 3126 2459 2460 2461 2473 2474 2475 2476 2477 2478 2479 2480 2481 2482 2483 2484 2485 2486 2487 2488 2489 2494 3144 3145 3146 3147 3148 3149 3150 3151 3152 3153 3154 3157 3158 3159 2526 2527 2528 -1
3118: 2434 3125 3126 2459 2460 2461 2473 2474 2475 2476 2477 2478 2479 2480 2481 2482 2483 2484 2485 2486 2487 2488 2489 2494 3144 3145 3146 3147 3148 3149 3150 3151 3152 3153 3154 3157 3158 3159 2526 2527 2528 -1
3119: 2434 3125 3126 2459 2460 2461 2473 2474 2475 2476 2477 2478 2479 2480 2481 2482 2483 2484 2485 2486 2487 2488 2489 2494 3144 3145 3146 3147 3148 3149 3150 3151 3152 3153 3154 3157 3158 3159 2526 2527 2528 -1
3120: 2434 3125 3126 2459 2460 2461 2473 2474 2475 2476 2477 2478 2479 2480 2481 2482 2483 2484 2485 2486 2487 2488 2489 2494 3144 3145 3146 3147 3148 3149 3150 3151 3152 3153 3154 3157 3158 3159 2526 2527 2528 -1
3121: 2434 3125 3126 2459 2460 2461 2473 2474 2475 2476 2477 2478 2479 2480 2481 2482 2483 2484 2485 2486 2487 2488 2489 2494 3144 3145 3146 3147 3148 3149 3150 3151 3152 3153 3154 3157 3158 3159 2526 2527 2528 -1
3122: 2434 3125 3126 2459 2460 2461 2473 2474 2475 2476 2477 2478 2479 2480 2481 2482 2483 2484 2485 2486 2487 2488 2489 2494 3144 3145 3146 3147 3148 3149 3150 3151 3152 3153 3154 3157 3158 3159 2526 2527 2528 -1
3123: 2434 3125 3126 2459 2460 2461 2473 2474 2475 2476 2477 2478 2479 2480 2481 2482 2483 2484 2485 2486 2487 2488 2489 2494 3144 3145 3146 3147 3148 3149 3150 3151 3152 3153 3154 3157 3158 3159 2526 2527 2528 -1
3124: 2434 3125 3126 2459 2460 2461 2473 2474 2475 2476 2477 2478 2479 2480 2481 2482 2483 2484 2485 2486 2487 2488 2489 2494 3144 3145 3146 3147 3148 3149 3150 3151 3152 3153 3154 3157 3158 3159 2526 2527 2528 -1
3125: 2458 -1
3126: 2434 2458 2513 2516 2457 2518 2517 2521 2522 2523 2524 -1
3127: 2434 3125 3126 2459 2460 2461 2473 2474 2475 2476 2477 2478 2479 2480 2481 2482 2483 2484 2485 2486 2487 2488 2489 2494 3144 3145 3146 3147 3148 3149 3150 3151 3152 3153 3154 3157 3158 3159 2526 2527 2528 -1
3128: 2434 3125 3126 2459 2460 2461 2473 2474 2475 2476 2477 2478 2479 2480 2481 2482 2483 2484 2485 2486 2487 2488 2489 2494 3144 3145 3146 3147 3148 3149 3150 3151 3152 3153 3154 3157 3158 3159 2526 2527 2528 -1
3129: -1
3130: -1
3131: -1
3132: -1
3133: -1
3134: 2434 3125 3126 2459 2460 2461 2473 2474 2475 2476 2477 2478 2479 2480 2481 2482 2483 2484 2485 2486 2487 2488 2489 2494 3144 3145 3146 3147 3148 3149 3150 3151 3152 3153 3154 3157 3158 3159 2526 2527 2528 -1
3135: 2434 3125 3126 2459 2460 2461 2473 2474 2475 2476 2477 2478 2479 2480 2481 2482 2483 2484 2485 2486 2487 2488 2489 2494 3144 3145 3146 3147 3148 3149 3150 3151 3152 3153 3154 3157 3158 3159 2526 2527 2528 -1
3136: 2434 3125 3126 2459 2460 2461 2473 2474 2475 2476 2477 2478 2479 2480 2481 2482 2483 2484 2485 2486 2487 2488 2489 2494 3144 3145 3146 3147 3148 3149 3150 3151 3152 3153 3154 3157 3158 3159 2526 2527 2528 -1
3137: 2434 3125 3126 2459 2460 2461 2473 2474 2475 2476 2477 2478 2479 2480 2481 2482 2483 2484 2485 2486 2487 2488 2489 2494 3144 3145 3146 3147 3148 3149 3150 3151 3152 3153 3154 3157 3158 3159 2526 2527 2528 -1
3138: 2434 3125 3126 2459 2460 2461 2473 2474 2475 2476 2477 2478 2479 2480 2481 2482 2483 2484 2485 2486 2487 2488 2489 2494 3144 3145 3146 3147 3148 3149 3150 3151 3152 3153 3154 3157 3158 3159 2526 2527 2528 -1
3139: 2434 3125 3126 2459 2460 2461 2473 2474 2475 2476 2477 2478 2479 2480 2481 2482 2483 2484 2485 2486 2487 2488 2489 2494 3144 3145 3146 3147 3148 3149 3150 3151 3152 3153 3154 3157 3158 3159 2526 2527 2528 -1
3140: 2434 3125 3126 2459 2460 2461 2473 2474 2475 2476 2477 2478 2479 2480 2481 2482 2483 2484 2485 2486 2487 2488 2489 2494 3157 3158 3159 2526 2527 2528 -1
3141: 2434 3125 3126 2459 2460 2461 2473 2474 2475 2476 2477 2478 2479 2480 2481 2482 2483 2484 2485 2486 2487 2488 2489 2494 3144 3145 3146 3147 3148 3149 3150 3151 3152 3153 3154 3157 3158 3159 2526 2527 2528 -1
3142: 2434 3125 3126 2459 2460 2461 2473 2474 2475 2476 2477 2478 2479 2480 2481 2482 2483 2484 2485 2486 2487 2488 2489 2494 3144 3145 3146 3147 3148 3149 3150 3151 3152 3153 3154 3157 3158 3159 2526 2527 2528 -1
3143: 2434 3125 3126 2459 2460 2461 2473 2474 2475 2476 2477 2478 2479 2480 2481 2482 2483 2484 2485 2486 2487 2488 2489 2494 3144 3145 3146 3147 3148 3149 3150 3151 3152 3153 3154 3157 3158 3159 2526 2527 2528 -1
3144: 2434 2439 2440 2441 2442 2443 2444 2445 2451 2453 2469 2468 2446 2452 2454 2513 2514 2515 2516 2517 2457 2518 2521 2522 2523 2524 2526 2527 -1
3145: 2434 2439 2440 2441 2442 2443 2444 2445 2451 2453 2469 2468 2446 2452 2454 2513 2514 2515 2516 2517 2457 2518 2521 2522 2523 2524 2526 2527 -1
3146: 2434 2439 2440 2441 2442 2443 2444 2445 2451 2453 2469 2468 2446 2452 2454 2513 2514 2515 2516 2517 2457 2518 2521 2522 2523 2524 2526 2527 -1
3147: 2434 2439 2440 2441 2442 2443 2444 2445 2451 2453 2469 2468 2446 2452 2454 2513 2514 2515 2516 2517 2457 2518 2521 2522 2523 2524 2526 2527 -1
3148: 2434 2439 2440 2441 2442 2443 2444 2445 2451 2453 2469 2468 2446 2452 2454 2513 2514 2515 2516 2517 2457 2518 2521 2522 2523 2524 2526 2527 -1
3149: 2434 2439 2440 2441 2442 2443 2444 2445 2451 2453 2469 2468 2446 2452 2454 2513 2514 2515 2516 2517 2457 2518 2521 2522 2523 2524 2526 2527 -1
3150: 2434 2439 2440 2441 2442 2443 2444 2445 2451 2453 2469 2468 2446 2452 2454 2513 2514 2515 2516 2517 2457 2518 2521 2522 2523 2524 2526 2527 -1
3151: 2434 2439 2440 2441 2442 2443 2444 2445 2451 2453 2469 2468 2446 2452 2454 2513 2514 2515 2516 2517 2457 2518 2521 2522 2523 2524 2526 2527 -1
3152: -1
3153: -1
3154: -1
3155: 2434 3125 3126 2459 2460 2461 2473 2474 2475 2476 2477 2478 2479 2480 2481 2482 2483 2484 2485 2486 2487 2488 2489 2494 3144 3145 3146 3147 3148 3149 3150 3151 3152 3153 3154 3157 3158 3159 2526 2527 2528 -1
3156: 2434 3125 3126 2459 2460 2461 2473 2474 2475 2476 2477 2478 2479 2480 2481 2482 2483 2484 2485 2486 2487 2488 2489 2494 3144 3145 3146 3147 3148 3149 3150 3151 3152 3153 3154 3157 3158 3159 2526 2527 2528 -1
3157: 2434 2458 2516 -1
3158: 2514 3155 2518 2458 -1
3159: -1
3160: 2434 2456 2459 2460 2461 2473 2474 2475 2476 2477 2478 2479 2480 2481 2482 2483 2484 2485 2486 2487 2488 2489 2494 2502 2503 2504 2505 2506 2507 2508 2509 2510 2511 2512 3153 3154 2513 2517 2520 2526 2527 2528 -1
3161: 2434 2473 2474 2475 2494 2528 3159 2526 2527 -1
3162: -1
3163: 3162 -1
3164: 3162 -1
3165: 144 -1
3166: 3078 145 151 1366 3285 1350 -1
3167: 1360 3285 1355 3287 -1
3168: 1339 1360 1366 145 1344 3172 -1
3169: 1340 -1
3170: 145 -1
3171: 3175 1343 145 -1
3172: 145 -1
3173: 3168 145 151 3281 1350 -1
3174: 3281 1339 1364 1366 3173 25 145 -1
3175: 1339 3168 145 151 564 924 2227 526 1368 29 1340 1344 3170 -1
3176: 3182 3184 3186 3190 1108 -1
3177: 262 -1
3178: 3204 1663 3194 -1
3179: -1
3180: 3201 -1
3181: 3184 -1
3182: -1
3183: 3201 -1
3184: -1
3185: 3207 3204 -1
3186: -1
3187: -1
3188: 1873 -1
3189: 1663 2052 3204 -1
3190: 3207 -1
3191: 1663 -1
3192: -1
3193: -1
3194: 2984 -1
3195: -1
3196: -1
3197: -1
3198: 3176 -1
3199: -1
3200: -1
3201: 3180 3183 -1
3202: 2617 -1
3203: 1165 -1
3204: -1
3205: -1
3206: 1223 2553 -1
3207: 3176 3200 146 3209 3210 3190 3185 1298 3186 -1
3208: 1190 -1
3209: -1
3210: -1
3211: 3196 3231 3232 3233 3234 3235 -1
3212: 3205 3204 -1
3213: 3204 3205 2028 3194 1663 -1
3214: 1663 1665 3204 3205 -1
3215: 2030 148 1293 2588 255 2028 -1
3216: 3205 3204 -1
3217: -1
3218: 3217 -1
3219: 3217 -1
3220: 3217 -1
3221: 3217 -1
3222: 3217 -1
3223: 3217 -1
3224: 3217 -1
3225: 3217 -1
3226: 3217 -1
3227: 3232 3231 3234 -1
3228: 3232 -1
3229: 3232 -1
3230: 3232 -1
3231: 3232 -1
3232: -1
3233: -1
3234: -1
3235: -1
3236: -1
3237: -1
3238: -1
3239: 3232 3234 3233 -1
3240: 3239 148 2027 -1
3241: 3232 148 -1
3242: 149 3232 2755 174 -1
3243: 149 1876 174 -1
3244: 1665 1061 149 1046 1921 -1
3245: 149 -1
3246: 149 1707 2998 -1
3247: 149 -1
3248: 149 1876 174 3479 -1
3249: 9 2249 2052 1694 1155 1682 513 2054 1693 853 848 557 564 766 1897 1876 718 2919 2042 149 2812 3024 -1
3250: 149 -1
3251: 149 174 -1
3252: 3277 -1
3253: -1
3254: -1
3255: -1
3256: -1
3257: -1
3258: -1
3259: -1
3260: -1
3261: -1
3262: -1
3263: -1
3264: -1
3265: -1
3266: -1
3267: -1
3268: -1
3269: -1
3270: -1
3271: -1
3272: -1
3273: -1
3274: -1
3275: 4 -1
3276: -1
3277: 3280 -1
3278: 1220 5 513 38 902 848 1405 876 150 853 879 -1
3279: 3253 3254 3266 3277 -1
3280: 2327 3277 -1
3281: -1
3282: -1
3283: 151 -1
3284: 151 -1
3285: 1339 151 -1
3286: 3168 151 1339 -1
3287: 1350 151 -1
3288: 151 -1
3289: 3172 1350 151 1339 -1
3290: 1360 151 -1
3291: 151 -1
3292: 1350 151 1366 -1
3293: 151 -1
3294: 29 151 3167 3168 -1
3295: 151 -1
3296: 65 151 3281 2799 2238 1339 2641 -1
3297: 151 -1
3298: 151 1369 -1
3299: 29 3281 151 65 -1
3300: 3281 25 151 -1
3301: -1
3302: 262 1693 2050 -1
3303: -1
3304: -1
3305: 116 -1
3306: 2812 -1
3307: 849 -1
3308: 849 -1
3309: 849 -1
3310: 849 -1
3311: 849 -1
3312: 849 -1
3313: 849 -1
3314: 849 -1
3315: 849 -1
3316: 849 -1
3317: 849 -1
3318: 849 -1
3319: 849 -1
3320: 849 -1
3321: 849 -1
3322: 849 -1
3323: 849 -1
3324: 849 -1
3325: 849 -1
3326: 849 -1
3327: 849 -1
3328: 849 -1
3329: 849 -1
3330: 849 -1
3331: 849 -1
3332: 849 -1
3333: 849 -1
3334: 849 -1
3335: 849 -1
3336: 849 -1
3337: 849 -1
3338: 849 -1
3339: 849 -1
3340: 849 -1
3341: 849 -1
3342: 849 -1
3343: 849 -1
3344: 849 -1
3345: 849 -1
3346: 849 -1
3347: 849 -1
3348: 849 -1
3349: 849 -1
3350: 849 -1
3351: 849 -1
3352: 849 -1
3353: 849 -1
3354: 849 -1
3355: -1
3356: -1
3357: 1377 -1
3358: 2585 744 1895 -1
3359: 2585 744 1895 -1
3360: 2585 744 1895 -1
3361: -1
3362: -1
3363: -1
3364: -1
3365: -1
3366: -1
3367: -1
3368: -1
3369: -1
3370: -1
3371: -1
3372: -1
3373: 1694 -1
3374: 594 292 2712 -1
3375: 564 2027 156 2641 -1
3376: 564 853 851 156 -1
3377: 2108 880 851 156 -1
3378: 156 1663 -1
3379: 880 868 156 3423 2243 -1
3380: 344 2268 2315 2066 564 526 2873 -1
3381: 2712 -1
3382: 16 526 1684 1763 -1
3383: 2315 2066 526 2873 -1
3384: 1611 2319 157 311 -1
3385: 5 36 177 2384 2319 157 1611 311 -1
3386: 5 36 2231 177 2319 157 1611 311 -1
3387: -1
3388: -1
3389: 158 3387 -1
3390: 3387 3388 158 -1
3391: 159 2324 -1
3392: 174 175 177 -1
3393: 174 175 177 -1
3394: 174 175 177 -1
3395: -1
3396: -1
3397: -1
3398: 415 1739 -1
3399: 415 1739 -1
3400: 415 1739 -1
3401: 3392 3393 3394 3395 3396 3397 3398 3399 3400 3403 -1
3402: 3396 3395 3397 3398 3400 3399 -1
3403: -1
3404: 160 -1
3405: 161 -1
3406: 3051 1290 161 9 -1
3407: 2984 -1
3408: 162 -1
3409: 162 -1
3410: 162 -1
3411: 162 -1
3412: 162 3232 3303 -1
3413: 162 -1
3414: 162 -1
3415: -1
3416: 164 3417 -1
3417: 164 -1
3418: 164 -1
3419: 3422 -1
3420: 3421 3422 3363 558 564 1405 9 1755 1756 3366 301 2087 2125 304 1290 495 2218 410 50 177 1758 1759 1760 1761 1762 1763 1764 16 573 1694 2095 2328 -1
3421: -1
3422: -1
3423: -1
3424: -1
3425: -1
3426: -1
3427: -1
3428: 564 560 2094 22 2093 2061 1693 902 573 1747 1745 -1
3429: 2665 2667 2668 2669 2670 2671 -1
3430: -1
3431: 3433 3434 -1
3432: 2858 3433 3434 -1
3433: -1
3434: -1
3435: 3440 -1
3436: 166 2356 -1
3437: -1
3438: 3433 -1
3439: 3433 -1
3440: 3435 -1
3441: -1
3442: 3463 -1
3443: 3463 -1
3444: 1671 3451 3455 3463 -1
3445: 1671 3451 3455 3463 -1
3446: 1671 3451 3455 3463 -1
3447: 1671 3451 3455 3463 -1
3448: 1671 3451 3455 3463 -1
3449: 1671 3451 3455 3463 -1
3450: 1671 3451 3455 3463 -1
3451: 1779 -1
3452: 1671 3463 -1
3453: 3463 -1
3454: 3463 -1
3455: 3441 3463 -1
3456: 3463 -1
3457: 3463 -1
3458: 3463 -1
3459: 3463 -1
3460: 3463 -1
3461: 3463 -1
3462: 3463 -1
3463: -1
3464: 167 -1
3465: 168 -1
3466: 1904 695 2601 168 -1
3467: 168 -1
3468: 168 -1
3469: 168 -1
3470: 3050 168 -1
3471: 168 -1
3472: -1
3473: 169 -1
3474: 169 -1
3475: 594 169 -1
3476: 169 -1
3477: 1693 169 2232 2337 9 3030 501 490 3004 3000 564 -1
3478: 2742 -1
3479: -1
3480: 174 -1
3481: 3479 1743 1694 526 71 -1
3482: -1
3483: -1
3484: -1
3485: -1
3486: -1
3487: 2651 718 -1
3488: -1
3489: -1
3490: -1
3491: -1
3492: 3485 -1
3493: -1
3494: 2038 -1
3495: -1
3496: -1
3497: 3496 -1
3498: 899 526 1610 -1
3499: 172 -1
3500: 564 172 1665 -1
3501: 848 1610 2321 1665 -1
3502: 172 -1
3503: 1658 -1
3504: 564 5 526 1405 172 0 -1
3505: 172 -1
3506: 172 -1
3507: 172 -1
3508: 417 528 924 1611 2269 2054 1694 177 9 1763 575 5 1750 526 2094 3050 3282 573 4 0 525 38 1155 564 1665 3037 2109 3512 157 -1
3509: 564 526 853 2323 -1
3510: 3512 3511 -1
3511: -1
3512: -1
3513: -1
3514: 3510 3512 3513 -1
3515: 3510 3512 3513 -1
3516: 3510 3512 3513 -1
3517: 3510 3512 3513 -1
3518: 3510 3512 3513 -1
3519: 3510 3512 3513 -1
3520: 3510 3512 3513 -1
3521: 3510 3512 3513 -1
3522: 3510 3512 3513 -1
3523: 3510 3512 3513 -1
3524: 3510 3512 3513 -1
3525: 3510 3512 3513 -1
3526: 3510 3512 3513 -1
3527: 3510 3512 3513 -1
3528: 3510 3512 3513 -1
3529: 3510 3512 3513 -1
3530: 3510 3512 3513 -1
3531: 3510 3512 3513 -1
3532: 3510 3512 3513 -1
3533: 3510 3512 3513 -1
3534: 3510 3512 3513 -1
3535: 3510 3512 3513 -1
3536: 3510 3512 3513 -1
3537: 3510 3512 3513 -1
3538: 3510 3512 3513 -1
3539: 3510 3512 3513 -1
3540: 3510 3512 3513 -1
3541: 3510 3512 3513 -1
3542: 3510 3512 3513 -1
3543: 3510 3512 3513 -1
3544: 3510 3512 3513 -1
3545: 3510 3512 3513 -1
3546: 3510 3512 3513 -1
3547: 3510 3512 3513 -1
3548: 3510 3512 3513 -1
3549: 3510 3512 3513 -1
3550: 3510 3512 3513 -1
3551: 3510 3512 3513 -1
3552: 3510 3512 3513 -1
3553: 3510 3512 3513 -1
3554: 3510 3512 3513 -1
3555: 3510 3512 3513 -1
3556: 3510 3512 3513 -1
3557: 3510 3512 3513 -1
3558: 3510 3512 3513 -1
3559: 3510 3512 3513 -1
3560: 3510 3512 3513 -1
3561: 3510 3512 3513 -1
3562: 3510 3512 3513 -1
3563: 3510 3512 3513 -1
