0: 153 156 157 158 159 160 161 163 164 165 166 168 169 170 171 172 173 174 175 176 -1
1: 153 220 -1
2: 245 246 247 248 249 250 4 251 252 253 254 255 256 257 258 259 260 261 262 263 264 -1
3: 303 305 306 307 308 309 310 -1
4: 358 359 360 361 365 367 368 369 370 253 371 254 372 373 -1
5: 419 26 420 421 424 310 308 425 -1
6: 303 438 439 440 441 442 443 444 445 446 447 448 449 450 451 452 453 454 455 456 457 458 459 460 461 462 463 464 465 466 467 468 469 470 471 472 473 474 475 476 477 478 479 480 481 482 483 484 485 3 486 487 488 489 490 491 492 493 494 495 496 497 498 499 26 253 302 500 14 501 -1
7: 508 510 511 497 512 513 303 514 515 516 517 518 519 520 521 522 523 524 525 526 527 528 529 530 531 532 533 534 535 536 537 538 539 540 541 542 543 544 545 546 547 548 549 26 550 155 253 551 552 553 554 555 556 557 558 559 560 561 562 255 563 564 565 566 567 568 569 570 571 572 573 574 575 576 1 577 578 4 579 580 581 582 583 584 585 586 587 588 589 590 591 592 593 594 595 596 597 598 599 600 601 602 603 604 605 606 607 608 609 610 611 612 614 615 616 617 618 619 620 621 622 623 -1
8: 626 627 628 629 630 -1
9: -1
10: 647 648 649 650 651 653 -1
11: -1
12: 665 667 668 669 670 671 672 673 674 675 676 677 -1
13: 723 726 727 -1
14: 746 747 -1
15: 153 796 797 798 799 800 801 802 803 806 807 808 809 810 811 812 813 814 10 653 815 816 817 818 819 820 821 822 823 -1
16: 830 831 832 833 834 835 836 838 839 840 841 842 843 844 845 -1
17: 421 424 310 308 425 -1
18: 855 856 172 857 858 859 860 861 862 863 216 864 -1
19: 868 869 871 872 873 874 875 876 877 -1
20: 883 885 -1
21: 256 -1
22: 893 894 895 896 897 898 -1
23: 905 0 907 908 909 910 212 915 917 722 920 921 922 923 924 925 926 258 927 928 929 930 931 932 933 934 935 937 570 14 3 938 492 939 940 592 941 942 943 944 539 945 946 587 947 948 949 950 951 952 953 954 955 956 957 958 793 959 -1
24: 155 989 990 184 991 992 993 994 995 996 997 998 999 858 1000 1001 15 1002 1003 1004 1005 1006 1007 646 1008 1009 1010 1011 1012 1013 1014 1015 1016 4 1017 1018 1019 1020 1021 1022 1023 1024 1025 1026 1027 1028 1029 1030 1031 251 1032 1033 1034 1035 1036 1037 1038 1039 1040 946 1042 1043 1044 1045 1046 1047 1048 1049 1050 -1
25: 153 1054 1055 1056 1057 1058 1059 1060 1061 1062 1063 1064 1065 1066 1067 -1
26: 250 1070 1071 1072 1073 1074 1075 1077 -1
27: 1108 1109 1110 1111 1112 61 1113 1114 -1
28: 1127 1128 -1
29: -1
30: -1
31: 592 525 303 -1
32: 1137 1138 1139 -1
33: 1143 1144 1145 1146 -1
34: 1147 1148 1149 1150 26 525 14 253 -1
35: 1029 1151 1152 -1
36: 830 831 832 833 834 835 836 838 839 840 841 842 843 844 845 -1
37: -1
38: 647 648 649 650 651 1161 1162 1163 -1
39: 1198 -1
40: 1201 1203 1204 -1
41: 539 497 1206 628 629 630 -1
42: 497 1209 1210 1211 628 629 630 -1
43: 1215 1218 1219 1220 727 -1
44: 1031 1223 1224 1225 -1
45: 1229 1230 1231 -1
46: 2 497 26 -1
47: 1290 -1
48: 1303 1304 1305 1306 558 1307 -1
49: 1310 -1
50: 1311 -1
51: -1
52: 1347 -1
53: 253 1349 -1
54: 497 1350 516 1351 1352 155 26 253 554 1353 1354 1355 1356 1357 4 1358 1359 999 928 1360 1206 1361 1362 1363 -1
55: 14 -1
56: 1367 1368 1369 54 855 1370 1371 1372 1373 1374 1375 1376 1377 1378 1379 1380 1381 1382 1383 1384 1385 1386 1387 1109 1388 1389 1390 1147 1391 255 1392 1393 1206 1394 1395 1396 -1
57: 1416 -1
58: 1423 1424 1425 1426 1427 -1
59: 1430 1431 1432 -1
60: 1433 1434 1435 1436 1437 1438 1439 1440 1441 1442 1443 1444 1445 1446 -1
61: 1447 1448 1449 1451 1452 1474 1475 1476 1477 1478 -1
62: 155 1158 1481 1514 1515 -1
63: 1519 1520 1514 1515 -1
64: 1521 1432 -1
65: 1522 1523 1524 1525 1526 1527 1528 1529 1530 1531 1532 1533 1534 1535 1536 1537 1538 1539 1540 1541 1542 1543 1544 1545 1546 1547 1548 1549 1550 1551 1552 1553 1554 1555 1556 1557 1558 1559 1560 1561 1562 1563 1564 1565 1566 1567 1568 1569 1570 1571 1572 1573 1574 1575 1576 1577 1578 1579 1580 1581 1582 1583 1584 1585 1586 1587 1588 1589 1590 1591 1592 1593 1594 1595 1596 1597 1598 1599 1600 1601 1602 1603 1604 1605 1606 497 484 3 1607 1608 1609 1610 1611 1612 1613 1614 -1
66: 14 -1
67: 945 587 1616 1617 26 497 14 528 525 1618 253 1619 1620 1621 1622 1623 1624 1625 1626 1627 1628 1629 -1
68: 1631 1632 1633 1634 1004 1635 1636 1637 1646 1647 -1
69: 1662 -1
70: 1672 1673 1674 1675 43 1676 1677 583 497 26 1678 1679 1680 1681 1682 1683 23 1684 520 1685 1686 1687 1688 1689 -1
71: 258 -1
72: 1035 946 954 -1
73: 1691 -1
74: 1692 1693 -1
75: 1696 1697 -1
76: 855 -1
77: 1699 893 11 -1
78: 1699 893 884 253 -1
79: 1704 1706 1707 1708 155 999 162 1709 1710 11 1711 1712 1713 1714 1715 1716 1717 1718 173 1719 1720 1721 1722 1723 1724 1725 1726 1727 1728 525 1729 1730 571 1731 1732 1733 535 360 1734 954 1735 1736 946 4 1737 26 303 592 539 255 1738 497 1739 558 1740 1741 1742 527 528 1743 1352 1149 1202 1354 1744 579 1358 1745 1746 1747 1748 1749 1750 540 541 587 1752 1753 1754 1755 1756 1757 1758 -1
80: 1760 -1
81: 1810 1811 -1
82: 1813 1814 1815 999 1816 171 -1
83: 1760 8 -1
84: 1117 28 1129 -1
85: 1818 1821 1822 1823 1824 1825 1826 1827 1828 1829 1830 1831 1832 1833 1834 1835 1836 1837 1838 1839 1840 1841 1842 1843 1844 1845 1231 1846 1847 1848 1849 1850 1851 1852 1853 1854 1855 1856 1857 1864 1810 1865 1866 1870 1876 1877 -1
86: 1881 1882 1891 1892 1893 1894 1895 1896 1897 1898 -1
87: 1903 1904 1905 1906 1907 1908 1909 1910 864 -1
88: 303 1913 1914 253 1349 14 -1
89: 1917 1918 1920 1923 1924 1925 1926 1927 1928 1929 1930 1931 1932 1933 1934 1935 1936 1937 1938 1939 1940 1941 1942 1943 1944 1945 1946 1947 1948 1949 1950 1951 1952 1953 1954 1955 1956 1957 1958 1959 1960 1961 1962 1963 1964 1965 1966 1967 1968 1969 1970 1971 1972 1973 1974 1975 1976 1977 1978 1979 1980 1982 -1
90: 1984 1987 1988 1989 2006 -1
91: 1704 1706 1707 497 1711 2008 1731 1738 1742 999 1741 1737 1747 525 1729 527 2009 1717 535 539 1743 162 1202 1720 855 1733 1732 360 558 1752 1753 1754 1755 1756 1757 1758 -1
92: 2027 2028 2029 -1
93: 2051 2052 2053 2054 2055 2056 2057 2058 2059 155 2060 -1
94: 1127 1128 2064 525 14 253 2065 492 2066 -1
95: 1481 155 2070 -1
96: 2071 2072 497 2073 2074 -1
97: 26 2 2076 2077 2078 2079 -1
98: 1481 155 2027 2028 2068 2069 2070 2029 -1
99: 2027 2028 2029 -1
100: 171 999 172 928 162 -1
101: 305 -1
102: 26 2083 2084 303 2078 2079 -1
103: 2085 -1
104: 2086 2087 2088 -1
105: 2089 2090 2091 2092 5 2093 2094 2095 2096 2097 2098 28 2099 2100 2101 1723 2102 2103 2104 2105 2106 1724 2107 2108 -1
106: 2112 305 -1
107: 2119 2120 2121 2122 2027 2028 2029 -1
108: 525 2126 2127 2128 -1
109: 2132 155 2133 860 2134 -1
110: 2135 -1
111: 2136 2137 2138 -1
112: 2141 2143 2144 2146 1106 2147 -1
113: 1709 2164 155 2165 2166 2167 2168 2169 959 -1
114: 2171 2173 -1
115: 2188 2189 2190 2192 2201 1660 2205 2206 2207 2208 2209 2210 2211 -1
116: 646 -1
117: 875 876 -1
118: 2213 2214 2215 -1
119: 2218 2086 2219 2088 -1
120: 2220 2221 -1
121: 14 2222 2223 2224 -1
122: 253 1349 -1
123: 2226 -1
124: 497 -1
125: 2228 2229 2230 2231 2232 2233 2234 2235 2236 2237 2238 2239 2240 2241 2242 -1
126: 2243 2137 2244 2138 498 2245 2246 2247 2248 2249 2250 2251 2252 2254 1882 1881 2255 419 2256 2257 2258 2259 2123 2260 2261 2262 2263 2264 2265 2266 2267 2268 2269 2270 2271 2272 2273 2274 2275 2276 2277 2279 2280 2281 2283 2284 2285 2286 2287 2289 2290 2291 2292 2293 2294 2295 2296 2297 2300 2301 2302 2303 2304 2305 2306 2307 -1
127: 2310 2311 253 1349 525 2312 553 -1
128: 525 -1
129: 2315 -1
130: 2316 1715 2317 -1
131: 2318 -1
132: 1748 951 2352 2353 2354 2355 2356 954 2357 587 2358 1750 -1
133: 723 1481 727 -1
134: 2359 2360 2361 2362 2363 2364 2365 2366 2367 2368 2369 2370 2371 2372 2373 2374 2375 2376 2377 2378 2379 2380 2381 2382 2383 2384 2385 2386 2387 2388 2389 2390 2391 2392 2393 2394 2395 2396 2397 2398 2399 2400 2401 2402 2403 2404 2405 2406 2407 2408 2409 2410 2411 2412 2413 145 2414 -1
135: 525 26 253 3 14 -1
136: 2415 2416 -1
137: -1
138: 2430 -1
139: 2432 -1
140: 2455 2456 2457 2458 2459 2460 -1
141: 2461 2462 -1
142: 2464 2465 2466 2467 253 2468 46 2469 2470 2471 2472 2473 2474 2475 2476 2477 2478 2479 2480 1363 2481 2482 2483 2484 2485 2486 2487 2488 2489 2490 -1
143: 2213 2214 2215 -1
144: 2493 0 1 23 2494 -1
145: 2496 2497 2498 2499 -1
146: 2188 2189 2190 2192 2201 1660 2205 2206 2207 2208 2209 2210 2211 -1
147: 14 -1
148: 2535 -1
149: 2569 2570 -1
150: 1733 26 -1
151: -1
152: 2596 -1
153: 2220 -1
154: 153 1813 1816 -1
155: 153 -1
156: 161 -1
157: -1
158: -1
159: -1
160: -1
161: -1
162: 999 160 928 1000 -1
163: -1
164: -1
165: -1
166: -1
167: 153 -1
168: -1
169: -1
170: -1
171: -1
172: -1
173: -1
174: -1
175: 23 928 976 -1
176: 928 0 932 164 168 160 -1
177: 250 4 251 252 253 254 255 256 257 258 259 260 261 262 263 264 -1
178: 258 259 260 261 262 263 264 -1
179: 1358 258 255 -1
180: 2 4 258 259 260 262 263 -1
181: 942 26 -1
182: 153 928 160 -1
183: 255 497 525 527 1352 26 253 1353 1357 1744 579 2316 -1
184: 855 -1
185: 1718 -1
186: 255 -1
187: 258 -1
188: 155 855 1514 2536 -1
189: 855 -1
190: 855 -1
191: 893 2243 1881 1825 1660 14 -1
192: 2316 497 1742 527 539 1743 1352 1149 155 1202 1354 26 253 1353 1744 1358 1745 -1
193: 1715 -1
194: 855 -1
195: 1715 -1
196: -1
197: 26 -1
198: 258 -1
199: 1715 570 -1
200: 258 -1
201: 855 -1
202: 855 -1
203: 26 258 525 954 -1
204: 258 -1
205: 2065 855 1006 533 525 26 253 570 580 -1
206: 923 23 915 26 1740 14 -1
207: 258 -1
208: 855 -1
209: 258 155 -1
210: 893 1030 0 -1
211: 0 -1
212: -1
213: 1715 -1
214: 258 -1
215: 1717 196 1715 155 1716 -1
216: 201 855 -1
217: 1625 258 155 525 -1
218: 1813 172 855 -1
219: 855 1748 553 -1
220: -1
221: 26 253 1357 1 -1
222: 153 2220 1043 948 946 1206 -1
223: 155 995 915 1 -1
224: 303 570 155 1 23 -1
225: 155 1 584 643 722 -1
226: 245 155 1 -1
227: 1351 2140 497 525 155 26 553 558 255 1 4 -1
228: 250 529 532 1351 3 937 915 1025 1 14 -1
229: 250 529 532 1351 3 937 915 1025 1 14 -1
230: 995 1 155 928 -1
231: 303 525 490 570 497 26 253 14 1625 550 592 3 1615 923 1 155 419 -1
232: 1813 1816 1 420 -1
233: 928 160 -1
234: 1000 -1
235: 4 -1
236: 999 174 928 -1
237: 160 -1
238: 250 529 532 1351 3 937 915 1025 1 14 -1
239: 1748 2355 951 587 2357 954 946 -1
240: 0 2053 1 995 915 172 1816 161 1717 1672 855 986 91 26 303 592 529 4 255 546 2097 -1
241: 1447 1448 1449 -1
242: 945 946 -1
243: 1 155 258 -1
244: 2147 4 1 2 365 267 26 -1
245: 1117 1037 4 -1
246: -1
247: -1
248: 830 831 832 833 834 835 836 838 839 840 841 842 843 844 845 -1
249: 1738 421 424 310 308 425 -1
250: 26 -1
251: 267 26 4 -1
252: 1755 245 -1
253: 363 1024 256 -1
254: -1
255: 584 525 1358 850 268 1079 26 2173 253 2122 2120 1356 497 -1
256: 254 2104 -1
257: -1
258: 153 156 157 158 159 160 161 163 164 165 166 168 169 170 171 172 173 174 175 176 -1
259: -1
260: -1
261: -1
262: -1
263: -1
264: -1
265: 250 4 251 252 253 254 255 256 257 258 259 260 261 262 263 264 -1
266: 2 -1
267: -1
268: -1
269: 303 -1
270: 303 -1
271: 303 2363 -1
272: 303 -1
273: 303 570 -1
274: 497 1738 303 556 525 528 539 26 253 1826 1357 14 -1
275: 303 -1
276: 303 -1
277: 303 -1
278: 252 -1
279: 2 -1
280: 303 -1
281: 1738 303 -1
282: 497 253 -1
283: 303 -1
284: 303 -1
285: 570 303 1646 -1
286: 303 -1
287: 303 -1
288: 1828 2 2321 -1
289: 1828 2 2321 -1
290: 303 -1
291: 303 570 253 -1
292: 303 -1
293: 303 -1
294: 26 303 -1
295: 959 303 570 -1
296: 2 -1
297: 303 -1
298: 303 -1
299: 303 -1
300: 303 2220 -1
301: 303 -1
302: 310 306 307 308 425 -1
303: 245 246 247 248 249 250 4 251 252 253 254 255 256 257 258 259 260 261 262 263 264 -1
304: 305 -1
305: -1
306: -1
307: -1
308: 26 253 580 1035 -1
309: 1826 302 -1
310: 1826 302 -1
311: 3 -1
312: 3 -1
313: 3 -1
314: 3 -1
315: 3 -1
316: 3 -1
317: 1758 3 1126 -1
318: 3 -1
319: 305 -1
320: 3 1615 360 14 1148 -1
321: 525 26 253 3 14 -1
322: 525 253 3 954 -1
323: 3 -1
324: 3 -1
325: 3 -1
326: 3 -1
327: 3 -1
328: 3 -1
329: 3 -1
330: 3 -1
331: 3 -1
332: 3 -1
333: 3 -1
334: 3 -1
335: 26 497 3 583 -1
336: 592 497 26 484 3 -1
337: 1625 14 26 253 497 1730 556 579 155 554 525 539 586 3 558 4 591 1206 2587 -1
338: 3 -1
339: 3 -1
340: 3 -1
341: 3 -1
342: 3 -1
343: 3 -1
344: 3 -1
345: 3 -1
346: 529 532 539 3 915 937 1357 586 1035 14 566 -1
347: 497 484 1035 3 1609 1610 1614 -1
348: 3 -1
349: 3 -1
350: 3 -1
351: 26 372 3 14 -1
352: 3 -1
353: 321 525 26 253 3 566 954 1609 586 2311 14 529 1074 -1
354: 3 101 -1
355: 253 525 497 421 424 310 308 425 -1
356: 303 3 -1
357: -1
358: -1
359: -1
360: -1
361: -1
362: 361 -1
363: 1039 -1
364: 1035 -1
365: -1
366: 587 -1
367: -1
368: -1
369: -1
370: 253 1396 -1
371: -1
372: -1
373: -1
374: 4 513 -1
375: 2065 2107 497 525 1743 26 253 2009 1739 613 -1
376: 1514 533 1908 897 2245 2200 302 1126 2304 677 1836 532 1357 14 4 2 26 255 535 1882 -1
377: 530 1733 360 1738 4 -1
378: 497 1072 596 4 1069 1074 -1
379: 4 1738 -1
380: 1074 4 1825 897 2245 578 2244 2200 2243 -1
381: 4 -1
382: 4 1035 1738 525 26 253 -1
383: 4 -1
384: 153 4 2 -1
385: 1748 571 951 587 535 497 1738 516 525 539 1743 155 26 553 554 558 255 2143 569 1739 4 584 589 302 2243 893 1745 684 897 -1
386: 4 -1
387: 974 1515 4 1035 497 26 525 2028 255 677 -1
388: 558 556 497 26 256 254 1739 4 -1
389: 4 1043 946 -1
390: 497 2073 2009 26 4 -1
391: 4 -1
392: 583 1206 4 251 -1
393: 4 -1
394: 1826 1810 -1
395: 497 1853 546 520 151 1625 4 26 556 558 1514 582 580 525 528 -1
396: 4 2250 651 26 14 1810 -1
397: 497 515 4 -1
398: 4 -1
399: 596 4 1375 2321 1074 -1
400: 1514 4 -1
401: 2016 1029 1514 525 536 253 255 1745 1882 2254 1351 1908 1357 4 535 946 954 2137 26 570 2200 893 578 2244 2243 419 1700 2304 1126 1660 2220 -1
402: 4 26 -1
403: 2200 1660 303 4 -1
404: 4 -1
405: 1691 4 1853 250 1810 497 -1
406: 4 -1
407: 255 497 2009 1351 1743 26 155 1202 253 1353 1354 2143 569 1356 1744 4 1358 -1
408: 4 -1
409: 361 -1
410: 497 4 628 629 630 -1
411: 596 4 1074 613 -1
412: 4 951 2009 -1
413: 4 -1
414: 4 2250 14 1374 1074 525 1830 303 1629 578 -1
415: 4 553 541 951 -1
416: 1691 4 -1
417: 497 4 1024 -1
418: 1739 1109 1646 4 -1
419: 1025 -1
420: -1
421: -1
422: 153 424 421 310 308 425 -1
423: 153 424 421 310 308 425 -1
424: 1826 -1
425: 1826 302 -1
426: 2220 153 421 424 310 308 425 -1
427: 5 -1
428: 421 424 310 308 425 -1
429: 1755 45 357 1481 5 8 1679 1060 2147 -1
430: 1826 419 26 420 5 -1
431: 5 1990 1660 1826 2258 2247 250 497 513 -1
432: 26 1106 1853 -1
433: 2090 5 -1
434: 12 1837 5 1864 -1
435: 5 -1
436: 26 5 1864 893 677 -1
437: 1755 5 -1
438: 628 629 630 -1
439: 628 629 630 -1
440: 497 1738 525 628 629 630 -1
441: 497 1738 360 628 629 630 -1
442: 1738 2138 498 497 525 628 629 630 -1
443: 628 629 630 -1
444: 497 1738 525 26 253 2138 498 628 629 630 -1
445: 497 26 253 628 629 630 -1
446: 497 628 629 630 -1
447: 497 1738 4 628 629 630 -1
448: 497 1738 628 629 630 -1
449: 497 26 628 629 630 -1
450: -1
451: -1
452: -1
453: -1
454: -1
455: -1
456: -1
457: -1
458: -1
459: -1
460: -1
461: -1
462: -1
463: -1
464: -1
465: -1
466: -1
467: -1
468: -1
469: -1
470: -1
471: -1
472: -1
473: -1
474: 497 488 498 495 26 253 525 592 -1
475: -1
476: -1
477: 2183 2184 2185 2186 2187 2191 2193 2194 2195 2196 2197 2198 2199 2200 2201 2202 2203 2204 -1
478: -1
479: -1
480: -1
481: -1
482: 2191 2193 -1
483: -1
484: 467 470 475 473 -1
485: 2191 2193 -1
486: -1
487: 497 26 501 3 -1
488: -1
489: 2199 2203 -1
490: 303 -1
491: -1
492: -1
493: -1
494: -1
495: -1
496: -1
497: -1
498: -1
499: -1
500: -1
501: -1
502: 303 -1
503: 253 525 26 570 6 -1
504: 507 1680 566 6 533 -1
505: 2065 497 515 525 2009 528 529 26 155 253 892 552 556 256 565 6 4 1739 2064 14 -1
506: 565 557 546 937 151 4 26 6 -1
507: 303 -1
508: 2243 -1
509: 12 -1
510: -1
511: -1
512: -1
513: 1109 -1
514: 490 -1
515: 303 556 26 497 1739 4 256 -1
516: 665 666 667 668 669 670 671 672 673 674 675 676 677 -1
517: -1
518: -1
519: -1
520: 303 1109 525 529 26 253 552 556 558 2140 1739 1375 -1
521: -1
522: -1
523: 26 551 -1
524: -1
525: -1
526: -1
527: 26 -1
528: -1
529: -1
530: -1
531: -1
532: 1351 -1
533: -1
534: -1
535: -1
536: -1
537: -1
538: 1104 -1
539: 1351 -1
540: -1
541: 1067 553 -1
542: -1
543: -1
544: -1
545: -1
546: -1
547: -1
548: -1
549: -1
550: -1
551: 303 -1
552: -1
553: -1
554: 26 -1
555: -1
556: -1
557: -1
558: -1
559: -1
560: 26 613 419 544 510 581 517 612 558 509 -1
561: -1
562: 897 -1
563: 253 255 580 497 -1
564: -1
565: 2140 -1
566: -1
567: -1
568: 1031 1206 945 2554 4 -1
569: -1
570: -1
571: -1
572: -1
573: 943 -1
574: 985 -1
575: 1357 587 -1
576: 1357 587 -1
577: 497 2009 26 255 580 562 582 1351 974 155 579 2310 -1
578: -1
579: 1009 -1
580: -1
581: -1
582: -1
583: -1
584: -1
585: -1
586: -1
587: -1
588: -1
589: 2137 256 303 -1
590: 1351 1310 1514 -1
591: -1
592: 746 747 -1
593: -1
594: -1
595: -1
596: 2321 -1
597: -1
598: -1
599: -1
600: -1
601: -1
602: -1
603: -1
604: -1
605: -1
606: -1
607: -1
608: -1
609: -1
610: -1
611: 613 2433 2358 -1
612: -1
613: -1
614: -1
615: -1
616: -1
617: -1
618: -1
619: -1
620: -1
621: -1
622: -1
623: -1
624: 508 554 1739 254 2140 256 7 12 625 -1
625: 254 2140 1739 554 256 508 12 7 -1
626: -1
627: -1
628: -1
629: -1
630: -1
631: 628 629 630 -1
632: 628 629 630 -1
633: 8 -1
634: 131 2319 8 2320 596 -1
635: 8 -1
636: 1755 8 -1
637: 2318 -1
638: 8 -1
639: 628 629 630 -1
640: 628 629 630 -1
641: 1755 8 -1
642: 8 36 -1
643: -1
644: -1
645: 12 555 44 2073 870 9 1235 995 419 2075 1691 529 525 1626 1028 -1
646: 647 648 649 650 651 -1
647: -1
648: 646 -1
649: 646 -1
650: -1
651: -1
652: 647 648 649 650 651 -1
653: -1
654: 647 648 649 650 651 -1
655: 647 648 649 650 651 -1
656: 647 648 649 650 651 -1
657: 10 -1
658: 654 -1
659: 10 2059 820 -1
660: 10 -1
661: 10 -1
662: 153 1710 1712 11 1713 1714 -1
663: 1704 1706 1707 1752 1753 1754 1755 1756 1757 1758 -1
664: 11 -1
665: -1
666: -1
667: -1
668: -1
669: -1
670: -1
671: -1
672: -1
673: -1
674: -1
675: -1
676: 646 -1
677: 12 893 -1
678: 1748 571 951 587 535 497 1738 516 525 539 1743 155 26 553 554 558 255 2143 569 1739 4 584 589 302 2243 893 1745 684 897 -1
679: 569 516 255 -1
680: 303 516 525 539 26 253 255 569 565 570 579 -1
681: 893 516 1009 4 -1
682: 1358 1350 1742 516 527 1351 1352 554 1353 1354 1745 2009 1743 546 155 26 253 255 1355 1356 2143 569 1357 1744 579 -1
683: 497 1742 516 525 527 2009 539 1743 1352 546 155 1202 26 253 1353 1354 565 1357 1744 4 1745 -1
684: 12 2496 -1
685: 2554 554 516 569 565 -1
686: 1350 497 1742 516 525 2009 1351 257 1202 26 155 253 256 255 569 1744 4 579 -1
687: 2137 516 -1
688: 516 -1
689: 516 -1
690: 516 525 2009 539 1743 1352 1202 26 155 253 1353 1354 2143 1357 1744 1358 -1
691: 1738 516 23 -1
692: 627 2250 1228 420 558 516 565 -1
693: 1351 516 1009 255 1117 26 571 -1
694: 516 569 527 1351 1009 497 534 26 254 558 1739 4 14 155 255 -1
695: 1350 516 1351 1352 155 1202 1353 1354 1356 569 1358 497 525 2009 1743 26 253 1744 4 -1
696: 516 -1
697: 959 516 303 2137 2138 -1
698: 2065 2 516 525 253 255 946 -1
699: 516 -1
700: 1447 1448 1449 -1
701: 14 155 1009 2140 295 2321 -1
702: 2140 613 596 546 516 -1
703: 516 646 -1
704: 571 -1
705: 1009 613 516 -1
706: 974 1029 255 516 1351 1009 -1
707: 2554 579 516 2321 -1
708: 525 516 -1
709: 516 -1
710: 255 517 516 -1
711: 255 516 -1
712: 571 516 -1
713: 508 510 511 497 513 303 514 515 516 519 521 523 525 526 527 528 529 530 531 532 533 534 535 537 538 539 540 541 542 543 545 546 547 548 549 26 550 155 253 551 552 553 554 555 556 557 558 562 255 563 565 566 567 568 569 570 571 572 573 574 575 576 577 578 4 579 580 582 583 584 586 587 588 589 590 591 592 593 -1
714: 1350 497 1742 516 525 527 2009 539 1743 1352 546 155 1202 26 253 554 1353 1354 565 569 1357 1744 4 579 1745 -1
715: 516 2554 12 585 1351 646 -1
716: 517 516 -1
717: 516 -1
718: 727 -1
719: 727 -1
720: -1
721: 727 -1
722: 727 -1
723: -1
724: 727 -1
725: 727 -1
726: 153 722 -1
727: -1
728: 723 726 727 -1
729: 723 726 727 -1
730: 723 726 727 -1
731: 723 726 727 -1
732: 723 726 727 -1
733: 723 726 727 -1
734: 13 -1
735: 1311 2090 13 -1
736: 665 666 667 1073 1810 1838 13 677 -1
737: 723 726 727 -1
738: 723 726 727 -1
739: 723 419 726 727 -1
740: 2254 12 1691 646 13 250 255 2090 -1
741: -1
742: -1
743: -1
744: -1
745: -1
746: -1
747: -1
748: 497 525 14 255 26 897 253 1748 1738 -1
749: 1035 14 302 1608 -1
750: 26 253 14 579 255 -1
751: 2051 -1
752: 1396 897 2243 2137 14 1349 303 1201 2354 578 1081 1608 1825 -1
753: 14 -1
754: 253 577 579 255 497 582 1744 1312 1691 26 2078 525 14 1514 1029 897 987 2137 540 1908 -1
755: 1176 -1
756: 14 1074 -1
757: 1646 1357 14 -1
758: 570 525 26 14 302 255 -1
759: 14 -1
760: 498 558 14 525 -1
761: 592 2312 14 -1
762: 1758 2138 1882 2200 2201 498 499 1357 2220 497 525 2009 26 253 553 1744 255 580 14 1990 1987 1117 2253 1660 2247 1126 2254 2258 2123 1826 868 1691 627 1989 2374 2241 578 872 2250 2245 893 2244 2137 2243 -1
763: 14 -1
764: 303 14 -1
765: 2374 14 2250 558 -1
766: 2554 525 26 253 556 14 -1
767: 14 -1
768: 256 497 26 2366 1074 501 -1
769: 14 -1
770: 14 -1
771: 253 14 -1
772: 951 535 954 14 -1
773: 893 -1
774: 26 2009 525 14 253 -1
775: 492 583 497 1206 2243 897 578 2245 2244 26 1826 501 528 253 14 525 547 -1
776: 945 946 571 976 587 537 951 1748 14 948 1745 1742 -1
777: 893 2245 2244 2243 2220 302 253 14 490 -1
778: 570 14 550 26 253 2137 -1
779: 1853 578 2244 897 26 145 14 2250 1990 -1
780: 14 -1
781: 1608 2244 2243 1990 2250 14 592 -1
782: 2220 525 2009 26 253 255 1357 14 2138 2137 1043 -1
783: 14 -1
784: 26 2009 14 -1
785: 303 497 14 -1
786: 14 -1
787: 14 2259 -1
788: 14 -1
789: 253 14 -1
790: 14 794 1660 2138 -1
791: 303 525 14 592 -1
792: 26 587 2243 14 -1
793: 937 26 558 525 14 -1
794: 2138 14 -1
795: 26 525 14 -1
796: -1
797: -1
798: -1
799: -1
800: -1
801: -1
802: -1
803: -1
804: 153 160 -1
805: 153 159 571 948 583 891 -1
806: -1
807: 421 424 310 308 425 -1
808: -1
809: -1
810: 10 2059 820 -1
811: 421 424 310 308 425 -1
812: -1
813: -1
814: -1
815: -1
816: 15 1001 803 -1
817: -1
818: -1
819: -1
820: 1001 -1
821: -1
822: -1
823: -1
824: 153 803 -1
825: 1001 15 244 2107 -1
826: 15 155 -1
827: 15 -1
828: 15 -1
829: 15 850 162 -1
830: 837 839 -1
831: 839 -1
832: 839 -1
833: 839 -1
834: 837 -1
835: -1
836: -1
837: 838 839 -1
838: -1
839: -1
840: 839 -1
841: 837 839 -1
842: 837 -1
843: 837 -1
844: 839 -1
845: 837 839 -1
846: 830 831 832 833 834 835 836 838 839 840 841 842 843 844 845 -1
847: 830 831 832 833 834 835 836 838 839 840 841 842 843 844 845 -1
848: 830 831 832 833 834 835 836 838 839 840 841 842 843 844 845 -1
849: 830 831 832 833 834 835 836 838 839 840 841 842 843 844 845 -1
850: 153 16 -1
851: 421 424 310 308 425 -1
852: 17 -1
853: 569 516 1351 255 571 946 253 -1
854: -1
855: 153 156 157 158 159 160 161 163 164 165 166 168 169 170 171 172 173 174 175 176 -1
856: -1
857: -1
858: -1
859: 153 161 -1
860: 153 159 2096 -1
861: -1
862: -1
863: -1
864: 2053 -1
865: -1
866: -1
867: -1
868: 866 867 869 870 871 872 873 874 877 -1
869: 877 -1
870: -1
871: -1
872: -1
873: -1
874: -1
875: -1
876: -1
877: -1
878: 868 869 871 872 873 874 875 877 -1
879: 868 869 871 872 873 874 875 877 -1
880: 868 869 871 872 873 874 875 877 -1
881: 868 869 871 872 873 874 875 877 -1
882: 868 869 871 872 873 874 875 877 -1
883: -1
884: 303 253 -1
885: -1
886: 883 -1
887: 883 -1
888: 883 -1
889: 883 -1
890: 883 -1
891: 256 -1
892: -1
893: -1
894: -1
895: -1
896: -1
897: -1
898: -1
899: 896 -1
900: 896 2243 -1
901: 896 897 -1
902: 896 897 2243 895 -1
903: 895 -1
904: 896 2243 -1
905: 968 974 -1
906: -1
907: 153 156 157 158 159 160 161 163 164 165 166 168 169 170 171 172 173 174 175 176 -1
908: 153 156 157 158 159 160 161 163 164 165 166 168 169 170 171 172 173 174 175 176 -1
909: 153 156 157 158 159 160 161 163 164 165 166 168 169 170 171 172 173 174 175 176 -1
910: 153 156 157 158 159 160 161 163 164 165 166 168 169 170 171 172 173 174 175 176 -1
911: 928 -1
912: 928 -1
913: 160 928 931 924 951 950 587 957 958 915 793 -1
914: 905 0 907 908 909 910 212 915 917 722 920 921 922 923 924 925 926 258 927 928 929 930 931 932 933 934 935 937 570 14 3 938 492 939 940 592 941 942 943 944 539 945 946 587 947 948 949 950 951 952 953 954 955 956 957 958 793 959 -1
915: 155 1043 1748 946 954 1304 1042 -1
916: 952 -1
917: 155 938 1625 -1
918: 928 -1
919: 915 -1
920: -1
921: -1
922: 928 -1
923: 245 155 1 -1
924: -1
925: -1
926: 26 14 -1
927: -1
928: -1
929: -1
930: -1
931: -1
932: -1
933: -1
934: -1
935: 2212 -1
936: 921 2243 -1
937: 256 -1
938: 26 303 155 -1
939: 440 2064 256 -1
940: -1
941: 440 2064 256 -1
942: -1
943: -1
944: -1
945: 1035 587 944 1206 -1
946: -1
947: -1
948: -1
949: -1
950: -1
951: -1
952: 746 747 -1
953: -1
954: -1
955: -1
956: -1
957: 1104 587 -1
958: -1
959: 1691 -1
960: 23 945 921 -1
961: 26 525 2311 3 586 1614 1612 566 419 553 556 23 -1
962: 905 174 173 155 1744 -1
963: 905 -1
964: 579 155 497 23 -1
965: 160 164 166 168 169 170 928 155 23 -1
966: 23 579 155 497 -1
967: 302 -1
968: 905 1197 -1
969: -1
970: 155 26 253 574 497 23 1 999 997 998 1826 578 2245 2244 893 -1
971: 951 1039 1206 4 946 1198 -1
972: 164 160 23 915 -1
973: 951 950 587 957 976 915 -1
974: 905 525 579 255 580 563 552 -1
975: 892 -1
976: 946 954 947 928 945 915 -1
977: 943 -1
978: -1
979: 924 23 -1
980: 919 918 945 -1
981: 155 -1
982: 905 -1
983: 928 -1
984: 155 484 592 -1
985: 2137 -1
986: 153 995 23 915 -1
987: -1
988: 982 987 967 978 913 23 969 -1
989: 153 161 -1
990: 855 1741 498 1032 1050 1017 -1
991: 855 -1
992: 258 155 1050 26 14 2009 497 525 255 1043 2317 2137 -1
993: -1
994: -1
995: 245 155 1 -1
996: -1
997: -1
998: -1
999: 2053 -1
1000: -1
1001: -1
1002: -1
1003: 258 -1
1004: 893 -1
1005: -1
1006: -1
1007: 647 648 649 650 651 -1
1008: -1
1009: -1
1010: -1
1011: 1748 951 1039 1750 1853 1043 954 532 -1
1012: -1
1013: 2243 -1
1014: -1
1015: -1
1016: -1
1017: 1514 -1
1018: -1
1019: -1
1020: -1
1021: -1
1022: -1
1023: -1
1024: -1
1025: -1
1026: 2243 2250 1826 578 -1
1027: 357 -1
1028: 12 626 -1
1029: -1
1030: 647 648 649 650 651 1029 -1
1031: 26 267 -1
1032: 153 -1
1033: -1
1034: -1
1035: -1
1036: 1514 1515 -1
1037: -1
1038: -1
1039: -1
1040: -1
1041: 2051 1825 646 596 -1
1042: -1
1043: 1035 587 944 1206 -1
1044: -1
1045: 153 -1
1046: 1079 -1
1047: 1079 -1
1048: -1
1049: -1
1050: -1
1051: 1304 1019 1048 861 -1
1052: 155 -1
1053: 155 -1
1054: -1
1055: -1
1056: -1
1057: -1
1058: -1
1059: -1
1060: 946 497 999 1061 -1
1061: -1
1062: -1
1063: -1
1064: -1
1065: -1
1066: 568 -1
1067: -1
1068: 153 -1
1069: -1
1070: -1
1071: -1
1072: -1
1073: -1
1074: -1
1075: -1
1076: -1
1077: -1
1078: 26 1827 -1
1079: 26 -1
1080: 253 26 -1
1081: -1
1082: 1031 251 250 -1
1083: 253 -1
1084: 26 -1
1085: 26 -1
1086: 26 -1
1087: 26 -1
1088: 26 -1
1089: 26 -1
1090: 1074 2366 497 525 26 580 -1
1091: 26 -1
1092: 26 253 255 1105 -1
1093: 153 26 -1
1094: 26 -1
1095: 26 421 424 310 308 425 -1
1096: 1810 1837 1827 1835 12 1830 1828 26 -1
1097: 253 255 26 525 -1
1098: 2247 26 -1
1099: 1837 1830 1096 1836 1827 1834 26 -1
1100: 26 -1
1101: 1357 498 499 2138 26 -1
1102: 26 -1
1103: 253 577 579 255 497 582 1744 1312 1691 26 2078 525 14 1514 1029 897 987 2137 540 1908 -1
1104: 12 1830 525 26 1829 2028 1837 1810 -1
1105: 14 1755 1691 497 525 2009 26 253 1758 1126 2138 893 -1
1106: -1
1107: -1
1108: -1
1109: 303 1739 546 2467 365 2140 -1
1110: -1
1111: 556 1739 1035 256 558 546 2107 -1
1112: -1
1113: 1109 -1
1114: -1
1115: 27 -1
1116: 893 27 1107 -1
1117: -1
1118: 1127 1128 -1
1119: 1127 1128 -1
1120: 1127 1128 -1
1121: 1127 1128 -1
1122: 1127 1128 -1
1123: 1127 1128 -1
1124: 1127 1128 -1
1125: 1127 1128 -1
1126: -1
1127: 1131 1117 -1
1128: 1117 1132 1131 -1
1129: 1127 1128 -1
1130: 1127 1128 -1
1131: -1
1132: -1
1133: 569 571 29 -1
1134: 155 1688 30 1646 -1
1135: 592 -1
1136: 1117 -1
1137: -1
1138: 1881 -1
1139: -1
1140: 1810 -1
1141: 1810 -1
1142: 12 32 -1
1143: -1
1144: -1
1145: 2164 155 1716 -1
1146: -1
1147: -1
1148: -1
1149: 26 255 -1
1150: -1
1151: -1
1152: -1
1153: 35 -1
1154: 946 525 -1
1155: 36 -1
1156: 36 -1
1157: 830 831 832 833 834 835 836 838 839 840 841 842 843 844 845 -1
1158: 830 831 832 833 834 835 836 838 839 840 841 842 843 844 845 -1
1159: 37 -1
1160: 571 -1
1161: -1
1162: -1
1163: -1
1164: 1072 38 -1
1165: 647 648 649 650 651 -1
1166: 1081 38 1161 12 -1
1167: 12 38 -1
1168: 12 38 -1
1169: 38 -1
1170: 497 1660 -1
1171: 12 -1
1172: 38 -1
1173: 38 2107 12 1745 -1
1174: 38 -1
1175: 1647 -1
1176: 1836 155 1741 12 2056 1070 1810 -1
1177: 38 -1
1178: 677 153 -1
1179: 38 1174 722 646 -1
1180: 1833 1824 1827 1838 1826 -1
1181: 12 38 -1
1182: 2056 -1
1183: 2436 38 1174 -1
1184: 38 -1
1185: 38 1161 12 -1
1186: 546 38 2028 256 556 -1
1187: -1
1188: 38 1070 -1
1189: 26 1069 1072 1083 38 -1
1190: 38 -1
1191: 647 648 649 650 651 -1
1192: 1836 646 1829 2250 1837 12 1826 -1
1193: 38 -1
1194: 1825 1828 596 1826 12 1852 2321 1830 1827 1838 1691 -1
1195: 647 648 649 650 651 -1
1196: -1
1197: -1
1198: 2137 -1
1199: 1741 997 998 -1
1200: 153 371 1363 1206 1392 1035 1198 39 1062 1362 -1
1201: -1
1202: 26 -1
1203: -1
1204: -1
1205: 525 592 1203 -1
1206: 1035 -1
1207: 41 -1
1208: 571 41 4 516 -1
1209: -1
1210: 153 -1
1211: -1
1212: 727 -1
1213: 727 -1
1214: 1215 727 -1
1215: 722 -1
1216: 727 -1
1217: 727 -1
1218: 153 722 -1
1219: 153 722 -1
1220: 153 722 -1
1221: 1215 727 -1
1222: 153 156 43 1060 1061 2096 -1
1223: 1037 1029 1514 553 365 369 51 5 -1
1224: 1037 893 897 896 553 -1
1225: -1
1226: 892 -1
1227: 44 26 529 1646 -1
1228: -1
1229: -1
1230: -1
1231: -1
1232: 45 -1
1233: 45 -1
1234: 1647 -1
1235: 1755 -1
1236: -1
1237: 2467 253 2468 46 2469 2472 2473 2475 2483 2485 2486 2487 2488 -1
1238: 153 943 46 1236 2486 2485 94 583 2064 592 940 937 2065 484 1913 101 -1
1239: 1290 -1
1240: 1290 -1
1241: 1290 -1
1242: 1290 -1
1243: 1290 -1
1244: 1290 -1
1245: 1290 -1
1246: 1290 -1
1247: 1290 -1
1248: 1290 -1
1249: 1290 -1
1250: 1290 -1
1251: 1290 -1
1252: 1290 -1
1253: 1290 -1
1254: 1290 -1
1255: 1290 -1
1256: 2138 -1
1257: 2138 -1
1258: 1290 -1
1259: 1290 -1
1260: 1290 -1
1261: 1290 -1
1262: 1290 -1
1263: 1290 -1
1264: 1290 -1
1265: 1290 -1
1266: 1290 -1
1267: 1290 -1
1268: 1290 -1
1269: 1290 -1
1270: 1290 -1
1271: 1290 -1
1272: 1290 -1
1273: 1290 -1
1274: 1290 -1
1275: 2138 1290 -1
1276: 1290 -1
1277: 1290 -1
1278: 1290 -1
1279: 1290 -1
1280: 1290 -1
1281: 1290 -1
1282: 1290 -1
1283: 1853 2138 1290 -1
1284: 1290 -1
1285: 1290 -1
1286: 1290 -1
1287: 1290 -1
1288: 1290 -1
1289: -1
1290: 2199 2250 722 1239 1249 1255 1258 1289 -1
1291: 1290 -1
1292: 1290 -1
1293: 1290 -1
1294: 1290 -1
1295: 1290 -1
1296: 1290 -1
1297: 1290 -1
1298: 1290 -1
1299: 1290 -1
1300: 1290 -1
1301: 1239 1249 1255 1258 1289 -1
1302: 47 1239 1249 1255 1258 1289 -1
1303: -1
1304: -1
1305: 1304 2243 -1
1306: -1
1307: -1
1308: 1307 -1
1309: 1307 -1
1310: -1
1311: 12 -1
1312: -1
1313: 51 -1
1314: 51 -1
1315: 51 -1
1316: 51 -1
1317: 51 -1
1318: 51 -1
1319: 677 51 1824 12 372 -1
1320: 1346 -1
1321: 1347 -1
1322: 1347 -1
1323: 1347 -1
1324: 1347 -1
1325: 1347 -1
1326: 1347 -1
1327: 1347 -1
1328: 1347 -1
1329: 1347 -1
1330: 1347 -1
1331: 1347 -1
1332: 1347 -1
1333: 1347 -1
1334: 1347 -1
1335: 1347 -1
1336: 1347 -1
1337: 1347 -1
1338: 1347 -1
1339: 1347 -1
1340: 1347 -1
1341: 1347 -1
1342: 1347 -1
1343: 1347 -1
1344: 1347 -1
1345: 1347 -1
1346: 1320 -1
1347: 1346 -1
1348: 52 -1
1349: -1
1350: 253 255 26 -1
1351: 251 2051 255 -1
1352: -1
1353: -1
1354: -1
1355: -1
1356: -1
1357: -1
1358: -1
1359: -1
1360: -1
1361: 1206 1392 1066 571 -1
1362: 948 -1
1363: 1731 553 372 1394 253 2009 -1
1364: 153 2409 1717 54 -1
1365: 1369 855 -1
1366: 945 -1
1367: -1
1368: -1
1369: 160 -1
1370: -1
1371: -1
1372: -1
1373: -1
1374: -1
1375: -1
1376: -1
1377: -1
1378: -1
1379: -1
1380: -1
1381: -1
1382: -1
1383: -1
1384: -1
1385: -1
1386: -1
1387: -1
1388: -1
1389: 492 497 14 26 525 -1
1390: -1
1391: -1
1392: 1043 568 4 1206 1067 256 -1
1393: -1
1394: 897 -1
1395: 1750 568 4 -1
1396: -1
1397: 1514 56 525 1351 26 253 571 155 580 -1
1398: 1351 -1
1399: 155 -1
1400: 1388 1395 -1
1401: 1040 -1
1402: 56 1411 1403 2107 1412 1404 -1
1403: -1
1404: -1
1405: 56 1411 1403 2107 1412 1404 -1
1406: 527 1149 1202 26 155 -1
1407: 553 1388 -1
1408: 2107 -1
1409: 2243 897 497 525 14 26 1730 253 1351 4 568 554 556 558 1743 2321 -1
1410: 1368 553 2107 -1
1411: -1
1412: -1
1413: 253 -1
1414: 1738 12 1810 -1
1415: 1006 1689 -1
1416: -1
1417: 1416 -1
1418: 245 1037 497 1423 1424 1425 1426 1427 1738 892 891 525 1520 1006 1750 1748 1689 1416 365 254 893 -1
1419: 525 1006 1689 1416 892 254 253 -1
1420: 1738 12 245 1111 26 252 1210 525 253 893 1423 1424 1425 1426 1427 677 1520 1006 1750 1748 1689 1416 497 892 2028 2536 -1
1421: 1738 12 245 1111 26 252 1210 497 1823 2366 892 891 525 2253 893 677 1006 2028 1689 1416 365 1037 1069 253 -1
1422: 2243 12 525 1750 1748 1006 1689 1416 -1
1423: 1425 421 424 310 308 425 -1
1424: 68 -1
1425: 1647 -1
1426: 1647 -1
1427: 1647 -1
1428: 1423 1424 1425 1426 1427 -1
1429: 525 12 253 1423 1424 1425 1426 1427 497 -1
1430: 2253 2243 -1
1431: -1
1432: -1
1433: -1
1434: -1
1435: -1
1436: -1
1437: -1
1438: -1
1439: -1
1440: -1
1441: -1
1442: 2243 -1
1443: -1
1444: -1
1445: -1
1446: -1
1447: 2243 -1
1448: -1
1449: -1
1450: -1
1451: 61 -1
1452: 1987 2243 61 -1
1453: 741 742 743 744 745 746 747 -1
1454: 26 1069 1522 -1
1455: 255 1360 -1
1456: 153 220 -1
1457: 1351 -1
1458: 525 565 1625 513 419 -1
1459: 1394 1395 1066 4 568 1728 -1
1460: 1006 26 250 -1
1461: 26 1069 1522 -1
1462: 1351 -1
1463: 1351 251 2051 255 -1
1464: 303 570 -1
1465: 255 1360 -1
1466: 959 303 497 -1
1467: 302 303 304 305 306 307 308 309 310 -1
1468: 253 1392 256 -1
1469: 915 155 1043 1748 946 954 1304 1042 -1
1470: 2 1031 568 267 2147 1748 251 155 1 4 -1
1471: 2321 -1
1472: 153 220 -1
1473: 741 742 743 744 745 746 747 -1
1474: 1450 -1
1475: 1987 2243 -1
1476: 1987 2243 -1
1477: 1987 2243 -1
1478: 1987 2243 -1
1479: 1825 1826 2028 1192 12 1835 1827 1830 1837 2227 250 1514 1515 -1
1480: 1514 1515 -1
1481: 153 158 156 -1
1482: 1514 1515 -1
1483: 1514 1515 -1
1484: 1514 1515 -1
1485: 1514 1515 -1
1486: 1514 1515 -1
1487: 1514 1515 -1
1488: 1514 1515 -1
1489: 1514 1515 -1
1490: 1514 1515 -1
1491: 1514 1515 -1
1492: 1514 1515 -1
1493: 1514 1515 -1
1494: 1514 1515 -1
1495: 1514 1515 -1
1496: 1514 1515 -1
1497: 1514 1515 -1
1498: 1514 1515 -1
1499: 1514 1515 -1
1500: 1514 1515 -1
1501: 1514 1515 -1
1502: 1514 1515 -1
1503: 1514 1515 -1
1504: 1514 1515 -1
1505: 1514 1515 -1
1506: 1514 1515 -1
1507: 1514 1515 -1
1508: 1514 1515 -1
1509: 1514 1515 -1
1510: 1514 1515 -1
1511: 1514 1515 -1
1512: 1514 1515 -1
1513: 1514 1515 -1
1514: -1
1515: -1
1516: 1514 1515 -1
1517: 1514 1515 -1
1518: 1514 1515 -1
1519: -1
1520: 1755 -1
1521: 569 516 1351 255 571 946 253 -1
1522: -1
1523: -1
1524: -1
1525: -1
1526: -1
1527: -1
1528: -1
1529: -1
1530: -1
1531: -1
1532: -1
1533: -1
1534: -1
1535: -1
1536: -1
1537: -1
1538: -1
1539: -1
1540: -1
1541: -1
1542: -1
1543: -1
1544: -1
1545: -1
1546: -1
1547: -1
1548: -1
1549: -1
1550: -1
1551: -1
1552: -1
1553: -1
1554: -1
1555: -1
1556: -1
1557: -1
1558: -1
1559: -1
1560: -1
1561: -1
1562: -1
1563: -1
1564: -1
1565: -1
1566: -1
1567: -1
1568: -1
1569: -1
1570: -1
1571: -1
1572: -1
1573: -1
1574: -1
1575: -1
1576: -1
1577: -1
1578: -1
1579: -1
1580: -1
1581: -1
1582: -1
1583: -1
1584: -1
1585: -1
1586: -1
1587: -1
1588: -1
1589: -1
1590: -1
1591: -1
1592: -1
1593: -1
1594: -1
1595: -1
1596: -1
1597: -1
1598: -1
1599: -1
1600: -1
1601: -1
1602: -1
1603: -1
1604: 245 246 247 248 249 497 513 250 -1
1605: -1
1606: 251 255 253 -1
1607: -1
1608: -1
1609: 1913 -1
1610: 592 525 -1
1611: 2250 1826 578 -1
1612: -1
1613: -1
1614: 556 -1
1615: 303 497 525 253 14 592 3 923 419 -1
1616: 497 484 1035 3 1609 1610 1614 -1
1617: 1755 -1
1618: 303 497 492 583 942 26 253 1074 525 2138 499 498 302 1738 550 484 14 -1
1619: -1
1620: -1
1621: -1
1622: -1
1623: -1
1624: -1
1625: 372 2250 1990 -1
1626: -1
1627: -1
1628: -1
1629: -1
1630: 1625 -1
1631: -1
1632: -1
1633: -1
1634: -1
1635: -1
1636: -1
1637: -1
1638: 1647 -1
1639: 1647 -1
1640: 1647 -1
1641: 1647 -1
1642: 1647 -1
1643: 1647 -1
1644: 1647 -1
1645: 1647 -1
1646: -1
1647: -1
1648: 1647 -1
1649: 1632 -1
1650: 1004 -1
1651: 1636 -1
1652: 1637 -1
1653: 1635 -1
1654: -1
1655: 1853 -1
1656: 1840 613 68 1374 -1
1657: 1633 -1
1658: 1840 613 68 1374 -1
1659: 2199 2203 -1
1660: -1
1661: 2191 -1
1662: -1
1663: 2191 -1
1664: 2199 2200 2202 2203 2204 -1
1665: 2199 2203 -1
1666: 2191 2193 2199 2203 -1
1667: 2191 -1
1668: 2193 2191 -1
1669: 2191 -1
1670: 2201 -1
1671: 2193 -1
1672: -1
1673: -1
1674: -1
1675: 722 2250 1990 -1
1676: -1
1677: 2220 -1
1678: -1
1679: 421 424 310 308 425 -1
1680: -1
1681: -1
1682: 1881 1882 1891 1892 1893 1894 1895 1896 1897 1898 -1
1683: -1
1684: 303 1109 525 529 26 253 552 556 558 2140 1739 1375 -1
1685: 1625 14 26 253 497 1730 556 579 155 554 525 539 586 3 558 4 591 1206 2587 -1
1686: -1
1687: -1
1688: -1
1689: 1357 2147 2243 893 1825 2250 627 1106 -1
1690: 1357 1826 -1
1691: -1
1692: -1
1693: -1
1694: 1810 -1
1695: 12 1810 -1
1696: 1694 -1
1697: 1694 1810 -1
1698: 1699 893 -1
1699: 1700 -1
1700: -1
1701: 1755 1756 1757 1758 -1
1702: 1755 1756 1757 1758 -1
1703: -1
1704: 1753 1703 1751 -1
1705: 1755 1756 1757 1758 -1
1706: -1
1707: 893 -1
1708: -1
1709: 258 -1
1710: -1
1711: -1
1712: -1
1713: -1
1714: -1
1715: -1
1716: 245 155 1 -1
1717: -1
1718: 1357 1758 -1
1719: 2478 2481 -1
1720: -1
1721: -1
1722: 587 951 4 1747 372 1748 -1
1723: 2107 1724 1202 539 1353 255 -1
1724: 255 -1
1725: -1
1726: -1
1727: 946 -1
1728: -1
1729: -1
1730: -1
1731: 893 -1
1732: -1
1733: -1
1734: -1
1735: -1
1736: -1
1737: 1067 -1
1738: -1
1739: 256 254 -1
1740: -1
1741: -1
1742: -1
1743: -1
1744: -1
1745: -1
1746: -1
1747: -1
1748: -1
1749: 360 361 -1
1750: -1
1751: 1704 1753 1755 -1
1752: -1
1753: 1756 1704 -1
1754: -1
1755: -1
1756: -1
1757: -1
1758: -1
1759: 1704 1706 1707 1708 1748 587 999 1813 171 1747 155 26 303 535 1746 1750 540 541 1752 1753 1754 1755 1756 1757 1758 -1
1760: -1
1761: -1
1762: 1760 -1
1763: 1810 1811 2073 677 -1
1764: 1810 1811 2073 677 -1
1765: 1810 -1
1766: 1810 -1
1767: 1810 1811 -1
1768: 1810 1811 -1
1769: 1810 1811 -1
1770: 1810 1811 -1
1771: 1810 1811 -1
1772: 1810 1811 -1
1773: 1810 1811 -1
1774: 1810 1811 -1
1775: 1810 1811 -1
1776: 1810 1811 -1
1777: 1810 1811 -1
1778: 1810 1811 -1
1779: 1810 1811 -1
1780: 1810 1811 -1
1781: 1810 1811 -1
1782: 1810 1811 -1
1783: 1810 1811 -1
1784: 1810 1811 -1
1785: 1810 1811 -1
1786: 1810 1811 -1
1787: 1810 1811 -1
1788: 1810 1811 -1
1789: 1810 1811 -1
1790: 1810 1811 -1
1791: 1810 1811 -1
1792: 1810 1811 -1
1793: 1810 1811 -1
1794: 1810 1811 -1
1795: 1810 1811 -1
1796: 1810 1811 -1
1797: 1810 1811 -1
1798: 1810 1811 -1
1799: 1810 1811 -1
1800: 1810 1811 -1
1801: 1810 1811 -1
1802: 1810 1811 -1
1803: 1810 1811 -1
1804: 1810 1811 -1
1805: 1810 1811 -1
1806: 1810 1811 -1
1807: 1810 1811 -1
1808: 1810 1811 -1
1809: 1810 1811 -1
1810: -1
1811: -1
1812: 2244 1196 720 644 722 -1
1813: -1
1814: -1
1815: -1
1816: 161 2053 1748 951 1033 1038 1037 1750 535 1727 1035 946 999 954 -1
1817: 1760 -1
1818: -1
1819: 1818 1821 1822 1823 1824 1825 1826 1827 1828 1829 1830 1831 1832 1833 1834 1835 1836 1837 1838 1839 1840 1841 1842 1843 1844 1845 1231 1846 1847 1848 1849 1850 1851 1852 1853 1854 1855 1856 1857 1864 1810 1865 1866 626 1876 1877 -1
1820: 1818 1821 1822 1823 1824 1825 1826 1827 1828 1829 1830 1831 1832 1833 1834 1835 1836 1837 1838 1839 1840 1841 1842 1843 1844 1845 1231 1846 1847 1848 1849 1850 1851 1852 1853 1854 1855 1856 1857 1864 1810 1865 1866 1876 1877 -1
1821: -1
1822: -1
1823: 1810 -1
1824: 893 -1
1825: -1
1826: 424 421 310 308 425 -1
1827: 1810 -1
1828: -1
1829: 854 1081 -1
1830: 1834 1153 893 1853 677 1070 -1
1831: -1
1832: -1
1833: 1824 1830 12 1836 677 -1
1834: 1827 1830 1106 1810 12 1839 1824 1838 -1
1835: 12 2028 1192 1838 1695 1187 1834 1837 1646 1836 1810 -1
1836: 1006 12 1835 -1
1837: 1835 2248 12 1149 1096 1827 1829 1830 1838 1834 1824 627 2028 2536 2250 -1
1838: 12 1840 -1
1839: -1
1840: -1
1841: -1
1842: -1
1843: -1
1844: -1
1845: -1
1846: -1
1847: -1
1848: -1
1849: -1
1850: -1
1851: -1
1852: 1853 -1
1853: -1
1854: 1187 -1
1855: 2243 -1
1856: -1
1857: 12 -1
1858: 1818 1821 1822 1823 1824 1825 1826 1827 1828 1829 1830 1831 1832 1833 1834 1835 1836 1837 1838 1839 1840 1841 1842 1843 1844 1845 1231 1846 1847 1848 1849 1850 1851 1852 1853 1854 1855 1856 1857 1864 1810 1865 1866 1876 1877 -1
1859: 1818 1821 1822 1823 1824 1825 1826 1827 1828 1829 1830 1831 1832 1833 1834 1835 1836 1837 1838 1839 1840 1841 1842 1843 1844 1845 1231 1846 1847 1848 1849 1850 1851 1852 1853 1854 1855 1856 1857 1864 1810 1865 1866 1876 1877 -1
1860: 1818 1821 1822 1823 1824 1825 1826 1827 1828 1829 1830 1831 1832 1833 1834 1835 1836 1837 1838 1839 1840 1841 1842 1843 1844 1845 1231 1846 1847 1848 1849 1850 1851 1852 1853 1854 1855 1856 1857 1864 1810 1865 1866 1876 1877 -1
1861: 1818 1821 1822 1823 1824 1825 1826 1827 1828 1829 1830 1831 1832 1833 1834 1835 1836 1837 1838 1839 1840 1841 1842 1843 1844 1845 1231 1846 1847 1848 1849 1850 1851 1852 1853 1854 1855 1856 1857 1864 1810 1865 1866 1876 1877 -1
1862: 1818 1821 1822 1823 1824 1825 1826 1827 1828 1829 1830 1831 1832 1833 1834 1835 1836 1837 1838 1839 1840 1841 1842 1843 1844 1845 1231 1846 1847 1848 1849 1850 1851 1852 1853 1854 1855 1856 1857 1864 1810 1865 1866 1876 1877 -1
1863: 1818 1821 1822 1823 1824 1825 1826 1827 1828 1829 1830 1831 1832 1833 1834 1835 1836 1837 1838 1839 1840 1841 1842 1843 1844 1845 1231 1846 1847 1848 1849 1850 1851 1852 1853 1854 1855 1856 1857 1864 1810 1865 1866 12 1876 1877 -1
1864: 12 677 1810 -1
1865: -1
1866: -1
1867: 1818 1821 1822 1823 1824 1825 1826 1827 1828 1829 1830 1831 1832 1833 1834 1835 1836 1837 1838 1839 1840 1841 1842 1843 1844 1845 1231 1846 1847 1848 1849 1850 1851 1852 1853 1854 1855 1856 1857 1864 1810 1865 1866 1876 1877 -1
1868: 1818 1821 1822 1823 1824 1825 1826 1827 1828 1829 1830 1831 1832 1833 1834 1835 1836 1837 1838 1839 1840 1841 1842 1843 1844 1845 1231 1846 1847 1848 1849 1850 1851 1852 1853 1854 1855 1856 1857 1864 1810 1865 1866 1876 1877 -1
1869: 1818 1821 1822 1823 1824 1825 1826 1827 1828 1829 1830 1831 1832 1833 1834 1835 1836 1837 1838 1839 1840 1841 1842 1843 1844 1845 1231 1846 1847 1848 1849 1850 1851 1852 1853 1854 1855 1856 1857 1864 1810 1865 1866 1870 1876 1877 -1
1870: -1
1871: 1818 1821 1822 1823 1824 1825 1826 1827 1828 1829 1830 1831 1832 1833 1834 1835 1836 1837 1838 1839 1840 1841 1842 1843 1844 1845 1231 1846 1847 1848 1849 1850 1851 1852 1853 1854 1855 1856 1857 1864 1810 1865 1866 1876 1877 -1
1872: 1818 1821 1822 1823 1824 1825 1826 1827 1828 1829 1830 1831 1832 1833 1834 1835 1836 1837 1838 1839 1840 1841 1842 1843 1844 1845 1231 1846 1847 1848 1849 1850 1851 1852 1853 1854 1855 1856 1857 1864 1810 1865 1866 1876 1877 -1
1873: 1818 1821 1822 1823 1824 1825 1826 1827 1828 1829 1830 1831 1832 1833 1834 1835 1836 1837 1838 1839 1840 1841 1842 1843 1844 1845 1231 1846 1847 1848 1849 1850 1851 1852 1853 1854 1855 1856 1857 1864 1810 1865 1866 1876 1877 -1
1874: 1818 1821 1822 1823 1824 1825 1826 1827 1828 1829 1830 1831 1832 1833 1834 1835 1836 1837 1838 1839 1840 1841 1842 1843 1844 1845 1231 1846 1847 1848 1849 1850 1851 1852 1853 1854 1855 1856 1857 1864 1810 1865 1866 1876 1877 -1
1875: 1818 1821 1822 1823 1824 1825 1826 1827 1828 1829 1830 1831 1832 1833 1834 1835 1836 1837 1838 1839 1840 1841 1842 1843 1844 1845 1231 1846 1847 1848 1849 1850 1851 1852 1853 1854 1855 1856 1857 1864 1810 1865 1866 1876 1877 -1
1876: -1
1877: 1187 -1
1878: 893 -1
1879: 2248 2264 2273 2288 2254 2258 2247 -1
1880: 2123 2124 2125 2130 -1
1881: 1882 -1
1882: 893 -1
1883: 893 -1
1884: 893 -1
1885: 893 -1
1886: 893 -1
1887: 893 -1
1888: 893 -1
1889: 893 -1
1890: 893 -1
1891: -1
1892: -1
1893: -1
1894: -1
1895: -1
1896: -1
1897: -1
1898: -1
1899: 893 -1
1900: 893 2248 2252 -1
1901: 893 -1
1902: 584 -1
1903: -1
1904: 1903 -1
1905: -1
1906: -1
1907: -1
1908: -1
1909: -1
1910: -1
1911: 1903 1904 1905 1906 1907 1908 1909 1910 -1
1912: 87 -1
1913: -1
1914: -1
1915: 303 -1
1916: 1920 1923 1924 1925 1926 1927 1928 1929 1930 1931 1932 1933 1934 1935 1936 1937 1938 1939 1940 1941 1942 1943 1944 1945 1946 1947 1948 1949 1950 1951 1952 1953 1954 1955 1956 1957 1958 1959 1960 1961 1962 1963 1964 1965 1966 1967 1968 1969 1970 1971 1972 1973 1974 1975 1976 1977 1978 1979 1980 1982 -1
1917: -1
1918: 2258 89 -1
1919: 1973 -1
1920: 2258 1981 1919 -1
1921: 1923 1924 1925 1926 1927 1928 1929 1930 1931 1932 1933 1934 1935 1936 1937 1938 1939 1940 1941 1942 1943 1944 1945 1946 1947 1948 1949 1950 1951 1952 1953 1954 1955 1956 1957 1958 1959 1960 1961 1962 1963 1964 1965 1966 1967 1968 1969 1970 1971 1972 1973 1974 1975 1976 1977 1978 1979 1980 1982 -1
1922: 1758 1923 1924 1925 1926 1927 1928 1929 1930 1931 1932 1933 1934 1935 1936 1937 1938 1939 1940 1941 1942 1943 1944 1945 1946 1947 1948 1949 1950 1951 1952 1953 1954 1955 1956 1957 1958 1959 1960 1961 1962 1963 1964 1965 1966 1967 1968 1969 1970 1971 1972 1973 1974 1975 1976 1977 1978 1979 1980 1982 -1
1923: -1
1924: -1
1925: -1
1926: -1
1927: -1
1928: -1
1929: -1
1930: -1
1931: -1
1932: -1
1933: -1
1934: -1
1935: -1
1936: -1
1937: -1
1938: -1
1939: -1
1940: -1
1941: -1
1942: -1
1943: -1
1944: -1
1945: -1
1946: -1
1947: -1
1948: -1
1949: -1
1950: -1
1951: -1
1952: -1
1953: -1
1954: -1
1955: -1
1956: -1
1957: -1
1958: -1
1959: -1
1960: -1
1961: -1
1962: -1
1963: -1
1964: -1
1965: -1
1966: -1
1967: -1
1968: -1
1969: -1
1970: -1
1971: -1
1972: -1
1973: -1
1974: -1
1975: -1
1976: -1
1977: -1
1978: -1
1979: -1
1980: -1
1981: 1973 -1
1982: 2258 1981 1919 -1
1983: 89 -1
1984: 1985 1990 1991 1992 1993 1994 1995 1996 1997 2004 2005 -1
1985: 1984 1987 1988 1989 2006 -1
1986: 627 -1
1987: -1
1988: -1
1989: -1
1990: 1984 1988 1989 1987 2006 -1
1991: 1987 1988 1989 2006 -1
1992: 1987 1988 1989 2006 -1
1993: 1987 1988 1989 2006 -1
1994: 1987 1988 1989 2006 -1
1995: 1987 1988 1989 2006 -1
1996: 1984 1987 1988 1989 2006 -1
1997: 1987 1988 1989 2006 -1
1998: 1987 1988 1989 2006 -1
1999: 1984 1987 1988 1989 2006 -1
2000: 1984 1987 1988 1989 2006 -1
2001: 1987 1988 1989 2006 -1
2002: 1984 1987 1988 1989 2006 -1
2003: 1984 1987 1988 1989 2006 -1
2004: 1984 1987 1988 1989 2006 -1
2005: 1984 1987 1988 1989 2006 -1
2006: 1990 -1
2007: 303 497 525 558 946 4 587 -1
2008: 421 424 310 308 425 -1
2009: -1
2010: 2053 1035 -1
2011: 999 1813 155 587 1748 2220 -1
2012: 999 928 -1
2013: 253 4 995 155 91 303 -1
2014: 1704 1706 1707 1752 1753 1754 1755 1756 1757 1758 -1
2015: 91 303 995 253 155 4 2013 -1
2016: -1
2017: -1
2018: 1028 498 1106 -1
2019: 1081 419 -1
2020: 1151 -1
2021: 1151 -1
2022: 1151 -1
2023: 1151 -1
2024: 1151 -1
2025: 1151 -1
2026: 1151 -1
2027: -1
2028: -1
2029: -1
2030: 2029 -1
2031: 1654 -1
2032: 2051 2052 2053 2054 2055 2056 2057 2058 2060 -1
2033: 2051 2052 2053 2054 2055 2056 2057 2058 2060 -1
2034: 2051 2052 2053 2054 2055 2056 2057 2058 2060 -1
2035: 2051 2052 2053 2054 2055 2056 2057 2058 2060 -1
2036: 2051 2052 2053 2054 2055 2056 2057 2058 2060 -1
2037: 2051 2052 2053 2054 2055 2056 2057 2058 2060 -1
2038: 2051 2052 2053 2054 2055 2056 2057 2058 2060 -1
2039: 2051 2052 2053 2054 2055 2056 2057 2058 2060 -1
2040: 2051 2052 2053 2054 2055 2056 2057 2058 2060 -1
2041: 2051 2052 2053 2054 2055 2056 2057 2058 2060 -1
2042: 2051 2052 2053 2054 2055 2056 2057 2058 2060 -1
2043: 2051 2052 2053 2054 2055 2056 2057 2058 2060 -1
2044: 2051 2052 2053 2054 2055 2056 2057 2058 2060 -1
2045: 2051 2052 2053 2054 2055 2056 2057 2058 2060 -1
2046: 2051 2052 2053 2054 2055 2056 2057 2058 2060 -1
2047: 2051 2052 2053 2054 2055 2056 2057 2058 2060 -1
2048: 2051 2052 2053 2054 2055 2056 2057 2058 2060 -1
2049: 2051 2052 2053 2054 2055 2056 2057 2058 2060 -1
2050: 2051 2052 2053 2054 2055 2056 2057 2058 2060 -1
2051: -1
2052: -1
2053: -1
2054: -1
2055: -1
2056: -1
2057: -1
2058: -1
2059: 153 999 160 928 168 1000 -1
2060: -1
2061: 2051 -1
2062: 2051 2052 2053 2054 2055 2056 2057 2058 997 1741 155 998 12 906 1196 722 2060 -1
2063: 1127 1128 -1
2064: -1
2065: -1
2066: -1
2067: 1127 1128 -1
2068: -1
2069: -1
2070: -1
2071: 893 -1
2072: -1
2073: 2051 1810 -1
2074: -1
2075: -1
2076: 14 -1
2077: -1
2078: -1
2079: 1073 1074 -1
2080: 1130 101 -1
2081: 101 26 -1
2082: 2554 101 1755 -1
2083: -1
2084: 14 -1
2085: -1
2086: -1
2087: -1
2088: -1
2089: -1
2090: 421 424 310 308 425 -1
2091: 421 424 310 308 425 -1
2092: 421 424 310 308 425 -1
2093: -1
2094: 1127 1128 -1
2095: 1351 421 424 310 308 425 -1
2096: 421 424 310 308 425 -1
2097: 153 360 365 -1
2098: -1
2099: 2200 497 -1
2100: -1
2101: 2183 2184 2185 2186 2187 2191 2193 2194 2195 2196 2197 2198 2199 2200 2201 2202 2203 2204 -1
2102: -1
2103: -1
2104: -1
2105: 4 1031 -1
2106: -1
2107: -1
2108: -1
2109: 255 2225 -1
2110: 253 535 558 105 583 -1
2111: 253 105 583 535 558 -1
2112: 746 747 -1
2113: 513 106 -1
2114: 106 -1
2115: 106 -1
2116: 106 -1
2117: 106 -1
2118: 106 3 -1
2119: -1
2120: -1
2121: -1
2122: -1
2123: -1
2124: -1
2125: 2126 -1
2126: -1
2127: -1
2128: -1
2129: 2126 -1
2130: -1
2131: 26 253 497 2126 2127 2128 -1
2132: 153 928 -1
2133: -1
2134: -1
2135: -1
2136: -1
2137: -1
2138: -1
2139: 2136 2137 2138 -1
2140: 2143 2144 2146 -1
2141: -1
2142: 2143 2144 2146 -1
2143: 2140 -1
2144: 2143 2142 2140 -1
2145: 2143 2144 2146 -1
2146: 2143 2142 2140 -1
2147: -1
2148: 2143 2144 2146 -1
2149: 2143 2144 2146 -1
2150: 2143 2144 2146 -1
2151: 2143 2144 2146 -1
2152: 2143 2144 2146 -1
2153: 2143 2144 2146 -1
2154: 2143 2144 2146 -1
2155: 2143 2144 2146 -1
2156: 2143 2144 2146 -1
2157: 2143 2144 2146 -1
2158: 2143 2144 2146 -1
2159: 2143 2144 2146 -1
2160: 2143 2144 2146 -1
2161: 2143 2144 2146 -1
2162: 2143 2144 2146 1005 -1
2163: 2 529 2140 1206 1738 1031 1006 250 26 255 253 2009 497 525 256 1202 1739 4 369 1037 1223 1224 363 112 897 -1
2164: -1
2165: -1
2166: -1
2167: -1
2168: -1
2169: 155 201 578 -1
2170: 2171 2068 2028 -1
2171: -1
2172: 2171 -1
2173: -1
2174: 2171 -1
2175: 2171 253 -1
2176: 2171 -1
2177: 2171 -1
2178: 2171 -1
2179: 2171 -1
2180: 2171 -1
2181: 2171 2068 -1
2182: 2171 -1
2183: -1
2184: 2188 2189 2190 2192 2201 1660 2205 2206 2207 2208 2209 2210 2211 -1
2185: -1
2186: 1660 2205 -1
2187: 1661 -1
2188: -1
2189: -1
2190: -1
2191: 2192 -1
2192: 2193 -1
2193: 2192 -1
2194: -1
2195: 2188 2189 2190 2192 2201 1660 2205 2206 2207 2208 2209 2210 2211 -1
2196: -1
2197: 1660 2205 -1
2198: 1661 -1
2199: -1
2200: -1
2201: -1
2202: -1
2203: -1
2204: -1
2205: -1
2206: -1
2207: 2193 -1
2208: -1
2209: -1
2210: -1
2211: -1
2212: -1
2213: -1
2214: -1
2215: -1
2216: 2213 2214 2215 -1
2217: 212 118 2107 -1
2218: -1
2219: -1
2220: -1
2221: -1
2222: 746 747 -1
2223: 746 747 -1
2224: 746 747 -1
2225: -1
2226: 1825 1826 2028 1192 12 1835 1827 1830 1837 2227 250 1514 1515 -1
2227: 1646 -1
2228: -1
2229: 2230 2234 -1
2230: -1
2231: 2230 2234 -1
2232: 2230 2234 -1
2233: 2230 2234 -1
2234: -1
2235: -1
2236: -1
2237: -1
2238: -1
2239: -1
2240: -1
2241: -1
2242: -1
2243: -1
2244: -1
2245: -1
2246: 1990 -1
2247: -1
2248: 2253 2264 2273 2288 2254 2258 2247 -1
2249: -1
2250: 2137 -1
2251: -1
2252: -1
2253: -1
2254: 893 2248 2258 2247 -1
2255: -1
2256: -1
2257: -1
2258: 1982 2254 2247 2248 1923 1924 1925 1926 1927 1928 1929 1930 1931 1932 1933 1934 1935 1936 1937 1938 1939 1940 1941 1942 1943 1944 1945 1946 1947 1948 1949 1950 1951 1952 1953 1954 1955 1956 1957 1958 1959 1960 1961 1962 1963 1964 1965 1966 1967 1968 1969 1970 1971 1972 1973 1974 1975 1976 1977 1978 1979 1980 -1
2259: -1
2260: -1
2261: -1
2262: -1
2263: -1
2264: -1
2265: -1
2266: -1
2267: -1
2268: 2123 2253 -1
2269: 2253 -1
2270: -1
2271: -1
2272: -1
2273: -1
2274: 2275 -1
2275: -1
2276: -1
2277: -1
2278: 2279 -1
2279: -1
2280: -1
2281: -1
2282: 2253 -1
2283: -1
2284: -1
2285: -1
2286: -1
2287: -1
2288: -1
2289: 893 -1
2290: -1
2291: -1
2292: 2281 2247 -1
2293: -1
2294: -1
2295: 2247 -1
2296: 2123 -1
2297: -1
2298: 2304 2300 2303 -1
2299: -1
2300: 2299 -1
2301: -1
2302: -1
2303: 2251 2253 -1
2304: 1691 -1
2305: -1
2306: -1
2307: -1
2308: 126 2253 2071 -1
2309: 2310 -1
2310: 1028 1396 -1
2311: 746 747 -1
2312: 746 747 -1
2313: 525 -1
2314: 525 -1
2315: -1
2316: -1
2317: -1
2318: 131 -1
2319: 131 421 424 310 308 425 -1
2320: 131 -1
2321: 12 1810 -1
2322: 1691 131 -1
2323: 26 2250 578 1761 1151 626 1028 2339 131 -1
2324: 131 2339 -1
2325: 131 26 -1
2326: 1691 -1
2327: 131 -1
2328: 131 1016 1192 626 1028 2339 -1
2329: 419 254 1829 1005 155 131 253 2147 1739 -1
2330: 131 2137 -1
2331: 525 131 1646 -1
2332: 1827 1834 1830 1837 1192 1829 1824 1838 677 131 -1
2333: 131 2200 2201 1660 -1
2334: 131 255 -1
2335: 131 -1
2336: 131 1028 -1
2337: 1646 1834 26 131 1829 1827 -1
2338: 131 -1
2339: -1
2340: 12 2328 131 1810 -1
2341: 131 2349 1106 -1
2342: 131 -1
2343: 646 131 -1
2344: 131 26 1151 -1
2345: 647 648 649 650 651 131 -1
2346: 2250 1151 131 253 1810 -1
2347: 131 1825 578 -1
2348: 2283 131 -1
2349: 131 2051 -1
2350: 131 -1
2351: 893 26 1076 250 1810 -1
2352: -1
2353: -1
2354: -1
2355: -1
2356: -1
2357: -1
2358: -1
2359: -1
2360: -1
2361: -1
2362: -1
2363: -1
2364: -1
2365: -1
2366: -1
2367: 2374 -1
2368: -1
2369: -1
2370: -1
2371: -1
2372: -1
2373: -1
2374: -1
2375: 2183 2184 2185 2186 2187 2191 2193 2194 2195 2196 2197 2198 2199 2200 2201 2202 2203 2204 -1
2376: -1
2377: -1
2378: -1
2379: -1
2380: -1
2381: -1
2382: -1
2383: -1
2384: 1346 -1
2385: -1
2386: 1127 1128 -1
2387: -1
2388: -1
2389: 1127 1128 -1
2390: -1
2391: -1
2392: -1
2393: 1346 -1
2394: -1
2395: -1
2396: -1
2397: 2006 -1
2398: 2183 2184 2185 2186 2187 2191 2193 2194 2195 2196 2197 2198 2199 2200 2201 2202 2203 2204 -1
2399: 2183 2184 2185 2186 2187 2191 2193 2194 2195 2196 2197 2198 2199 2200 2201 2202 2203 2204 -1
2400: 2183 2184 2185 2186 2187 2191 2193 2194 2195 2196 2197 2198 2199 2200 2201 2202 2203 2204 -1
2401: -1
2402: -1
2403: 1035 628 629 630 -1
2404: -1
2405: 1346 -1
2406: -1
2407: -1
2408: 2183 2184 2185 2186 2187 2191 2193 2194 2195 2196 2197 2198 2199 2200 2201 2202 2203 2204 -1
2409: -1
2410: -1
2411: 2183 2184 2185 2186 2187 2191 2193 2194 2195 2196 2197 2198 2199 2200 2201 2202 2203 2204 -1
2412: -1
2413: -1
2414: -1
2415: -1
2416: -1
2417: 137 -1
2418: 2423 -1
2419: 2243 1396 897 -1
2420: 14 -1
2421: 1691 -1
2422: 2423 -1
2423: 2138 2261 -1
2424: 2423 -1
2425: 2220 2200 1660 1626 1691 -1
2426: 1304 2250 2261 897 578 2244 26 -1
2427: 2243 1691 -1
2428: 2137 1691 -1
2429: 2137 -1
2430: -1
2431: 419 202 -1
2432: -1
2433: 1853 -1
2434: 139 -1
2435: 139 2321 -1
2436: 893 12 1838 1187 677 -1
2437: 2433 139 303 -1
2438: 139 -1
2439: 2433 139 -1
2440: 2441 -1
2441: 2433 2358 12 139 -1
2442: 139 -1
2443: 1074 2433 139 596 1853 12 -1
2444: 2443 139 596 -1
2445: 139 -1
2446: 139 -1
2447: 12 139 1853 -1
2448: 139 -1
2449: 139 -1
2450: 596 1194 1853 2433 2321 12 139 -1
2451: 139 -1
2452: 1074 139 -1
2453: 2243 139 865 893 -1
2454: 139 -1
2455: -1
2456: -1
2457: -1
2458: -1
2459: -1
2460: -1
2461: 2462 -1
2462: 2461 -1
2463: 891 -1
2464: 1055 -1
2465: -1
2466: -1
2467: -1
2468: -1
2469: -1
2470: -1
2471: -1
2472: -1
2473: -1
2474: 255 -1
2475: -1
2476: -1
2477: -1
2478: -1
2479: 497 26 -1
2480: -1
2481: -1
2482: 497 525 -1
2483: -1
2484: -1
2485: -1
2486: -1
2487: 370 -1
2488: -1
2489: -1
2490: -1
2491: 891 -1
2492: 891 -1
2493: -1
2494: 924 155 628 629 630 -1
2495: 1360 565 -1
2496: 145 2051 -1
2497: 145 -1
2498: -1
2499: 145 -1
2500: 145 -1
2501: 145 -1
2502: 145 -1
2503: 2200 145 -1
2504: 1743 145 -1
2505: 145 -1
2506: 12 1192 1835 1187 145 2051 -1
2507: 145 2496 2374 2363 -1
2508: 419 -1
2509: 145 -1
2510: 420 145 2250 -1
2511: 2496 2520 2505 2499 -1
2512: 497 525 250 528 26 253 145 558 255 -1
2513: 1908 2245 2243 893 677 2250 578 1826 1835 2363 145 -1
2514: 26 145 2363 2496 2374 2055 -1
2515: 2524 -1
2516: 2496 2520 2505 2499 -1
2517: 145 -1
2518: 145 1074 501 497 1744 419 -1
2519: 145 -1
2520: 145 -1
2521: 145 -1
2522: 893 2363 145 -1
2523: 2496 2499 -1
2524: -1
2525: 4 1737 534 -1
2526: 2374 145 -1
2527: 145 -1
2528: 145 -1
2529: 2321 497 2140 145 613 -1
2530: 145 -1
2531: 145 -1
2532: 145 -1
2533: 1853 145 -1
2534: 145 -1
2535: 541 148 -1
2536: 1629 -1
2537: 951 -1
2538: 893 2536 148 2544 1081 -1
2539: 148 2536 -1
2540: 148 2536 2553 -1
2541: 148 -1
2542: 2536 148 153 -1
2543: 148 2536 -1
2544: 148 -1
2545: 148 1629 2555 -1
2546: 1629 2536 148 -1
2547: 4 148 1375 -1
2548: 613 2536 148 -1
2549: 2536 250 148 1629 -1
2550: 2537 148 1629 -1
2551: 148 2536 -1
2552: 148 -1
2553: 148 -1
2554: 148 -1
2555: 1629 148 -1
2556: 893 1151 1106 1830 646 2017 1446 148 2536 4 951 2310 -1
2557: 2536 148 -1
2558: 2537 148 1629 -1
2559: 148 2535 -1
2560: 2536 897 2243 2244 578 148 -1
2561: 2536 148 -1
2562: 148 -1
2563: 148 -1
2564: 148 -1
2565: 148 2536 -1
2566: 1629 2536 148 -1
2567: 1073 1830 12 1810 -1
2568: 1830 -1
2569: 584 1695 1818 -1
2570: 1229 1230 1695 -1
2571: 151 -1
2572: 1037 1748 951 497 1731 525 535 26 151 253 945 946 954 -1
2573: 506 151 1739 586 -1
2574: 535 151 1035 -1
2575: 1035 151 -1
2576: 161 535 2053 151 1035 1735 571 1736 946 -1
2577: 2107 2140 1114 151 -1
2578: 525 151 554 256 1739 -1
2579: 4 -1
2580: 525 952 4 14 951 954 587 -1
2581: 151 -1
2582: 1035 151 256 580 -1
2583: 535 26 -1
2584: 151 -1
2585: 26 497 253 530 2009 580 525 255 570 1744 151 2310 553 1394 14 893 2243 2 -1
2586: 151 -1
2587: 497 256 1738 515 569 525 2073 1351 26 155 253 151 554 254 558 255 2143 1739 4 1375 14 596 1109 508 684 520 556 557 2433 1031 -1
2588: 525 2064 -1
2589: 151 -1
2590: 151 -1
2591: 153 995 23 928 255 2143 1202 1356 1353 1354 2554 554 539 569 497 254 937 26 4 515 151 253 1739 256 556 520 -1
2592: 1739 558 497 4 26 151 1625 1109 533 525 1680 14 -1
2593: 151 -1
2594: 303 497 26 151 525 14 592 558 145 2363 2374 -1
2595: 151 1853 497 2353 -1
2596: 2140 2142 2144 2145 2146 -1
2597: 152 1355 26 2009 253 -1
