0: 179 183 184 185 186 187 188 -1
1: -1
2: -1
3: -1
4: -1
5: -1
6: -1
7: -1
8: -1
9: -1
10: -1
11: -1
12: -1
13: 179 -1
14: -1
15: -1
16: -1
17: -1
18: -1
19: 14 -1
20: 693 25 694 695 696 -1
21: -1
22: 709 710 -1
23: -1
24: -1
25: -1
26: -1
27: 779 780 781 -1
28: -1
29: -1
30: -1
31: 813 50 814 815 816 -1
32: 820 821 822 -1
33: -1
34: 834 836 837 -1
35: 850 -1
36: -1
37: 894 895 896 -1
38: -1
39: 907 -1
40: 915 -1
41: -1
42: 936 -1
43: 954 955 957 958 144 959 960 67 961 962 963 964 965 966 967 968 969 970 971 972 973 974 975 976 977 978 980 981 982 983 74 984 985 986 987 988 989 990 110 147 992 993 994 995 996 997 998 999 1000 1001 1002 1003 1004 1005 1006 1007 1008 1009 1010 1011 51 1012 1013 1014 1015 -1
44: -1
45: 1021 -1
46: -1
47: -1
48: 1035 1036 -1
49: 529 1038 1039 1040 1041 1042 -1
50: -1
51: 1047 989 -1
52: -1
53: 1088 1089 1090 1091 1092 1093 1094 1095 1096 1097 -1
54: 1143 1144 -1
55: 1157 -1
56: -1
57: -1
58: -1
59: 1171 -1
60: 1173 1174 42 33 1175 -1
61: 1179 -1
62: 1191 1192 1193 1194 710 -1
63: 1213 1214 1215 1216 1217 1218 1219 1220 1221 1222 1223 -1
64: -1
65: -1
66: -1
67: 1239 -1
68: 1248 -1
69: 1278 1279 1304 1305 1306 1307 1308 1309 1310 -1
70: 1331 1332 -1
71: -1
72: -1
73: -1
74: -1
75: 1357 1361 1365 1374 1375 -1
76: 1427 1428 -1
77: 1433 213 1434 1435 1436 1437 -1
78: -1
79: -1
80: -1
81: 1490 1491 1492 -1
82: 710 1509 1510 1511 1512 1513 1514 1516 1517 1518 1519 1520 1521 1522 1523 1524 1525 1526 1527 1528 1529 1530 1531 -1
83: 1541 1542 1543 1544 1545 1546 1547 1548 1549 1550 1551 1552 1553 1554 1555 1556 1557 1558 1559 1560 1561 1562 1563 1564 1565 1566 1567 1568 1569 1570 1571 62 1572 1573 1574 1575 1576 1577 1578 1579 1580 1581 1582 1583 1584 1585 1586 1587 1588 1589 1590 1591 1592 1593 1594 1595 1596 1597 1598 1599 1600 1601 1602 1603 1604 1605 1606 1607 1608 1609 1610 1611 1612 1613 1614 1615 1616 1617 1618 1619 1620 1621 1622 1623 1624 1625 1626 1627 1628 1629 1630 1631 1632 1633 1634 1635 1636 1637 1638 1639 1640 1641 1642 1643 1644 1645 1646 214 1647 1648 1649 1650 1651 1652 1653 1654 1198 1655 1656 1658 1179 0 1157 -1
84: 1694 -1
85: 1278 1279 1304 1305 1306 1307 1308 1701 1309 1310 -1
86: 1714 1715 1716 -1
87: 1767 -1
88: 1768 1770 -1
89: -1
90: 1775 -1
91: 1776 1777 1778 1779 1780 1781 -1
92: 1786 1787 1788 1789 1790 1791 1157 -1
93: -1
94: -1
95: 1807 -1
96: -1
97: 1827 -1
98: 1860 -1
99: 1881 -1
100: 1894 1895 1896 1897 1898 1899 1900 1901 1902 1903 1904 1905 1906 1907 1908 1911 1912 1913 -1
101: -1
102: -1
103: 1036 -1
104: 1959 1960 -1
105: -1
106: -1
107: -1
108: 1984 -1
109: 1998 -1
110: 1157 2000 2001 -1
111: -1
112: -1
113: 2008 2009 2010 2011 2012 2013 2014 -1
114: -1
115: -1
116: -1
117: 2033 2034 2035 2036 2037 2038 2039 2040 2041 2042 2043 2044 2045 -1
118: -1
119: -1
120: 2053 -1
121: 1035 2056 -1
122: -1
123: -1
124: -1
125: 2081 2109 2110 2111 2112 2113 2114 2115 2116 2117 2118 2119 2120 2121 2122 2123 2124 2125 2126 2127 2128 2129 2130 2131 2132 2133 2134 -1
126: -1
127: 2187 2188 2189 -1
128: -1
129: -1
130: -1
131: -1
132: 2197 2198 2199 2200 2201 2202 2203 -1
133: 1 16 -1
134: -1
135: -1
136: -1
137: 2223 2224 2231 2279 -1
138: -1
139: -1
140: 1768 2313 -1
141: 2320 2321 2322 2323 2324 -1
142: 2336 -1
143: 2337 2338 2792 2339 2340 2341 2342 2343 2344 2345 2346 2347 -1
144: 2358 -1
145: 2361 -1
146: 2375 2376 2377 2378 2381 -1
147: -1
148: -1
149: 2409 -1
150: 2414 2415 2416 -1
151: -1
152: -1
153: -1
154: -1
155: 1278 1279 1304 1305 1306 1307 2449 1309 1310 -1
156: 2478 2489 2492 2503 -1
157: 2510 2511 -1
158: -1
159: -1
160: -1
161: 2523 -1
162: 2558 -1
163: -1
164: 1016 2567 33 -1
165: -1
166: 2576 2582 -1
167: 2081 2109 2110 2111 2112 2113 2114 2115 2116 2117 2118 2119 2120 2121 2122 2123 2124 2125 2126 2127 2131 2132 2133 2134 -1
168: -1
169: -1
170: 2603 1490 1144 1143 -1
171: 1036 -1
172: -1
173: 2617 2618 2619 2620 2632 2633 2634 2637 2638 2639 2640 2641 2642 2643 2644 2645 2646 2647 2648 2649 2650 2652 2653 2654 2655 2656 2657 2658 2659 2660 2661 2662 2663 2664 2665 2666 2667 2668 2669 2670 2673 2675 2676 2677 -1
174: 2683 2685 2708 2724 2726 2749 -1
175: 2788 -1
176: -1
177: -1
178: 880 2794 2795 2796 2797 2798 2799 2800 -1
179: 1179 0 -1
180: 179 1277 -1
181: 179 2130 -1
182: -1
183: -1
184: -1
185: -1
186: -1
187: -1
188: -1
189: -1
190: 179 -1
191: 179 -1
192: 179 -1
193: 179 -1
194: 179 -1
195: 179 -1
196: 179 -1
197: 179 -1
198: 1179 0 -1
199: 179 -1
200: 179 -1
201: 179 -1
202: 179 -1
203: 179 -1
204: 179 -1
205: 179 -1
206: 179 -1
207: 179 -1
208: 179 -1
209: 179 -1
210: 179 -1
211: 179 187 -1
212: 1179 179 0 561 1438 1439 1097 -1
213: 1090 0 -1
214: 179 -1
215: 179 -1
216: 179 -1
217: 179 -1
218: 179 -1
219: 179 -1
220: 179 -1
221: 179 -1
222: 179 -1
223: 179 -1
224: 179 -1
225: 179 -1
226: 179 -1
227: 179 -1
228: 179 -1
229: 179 -1
230: 179 -1
231: 1179 0 -1
232: 2662 1 -1
233: 2663 1 -1
234: 1031 1570 1 1053 70 1860 114 1984 1552 -1
235: 1 -1
236: 1 -1
237: 1 959 -1
238: 1 -1
239: 1 -1
240: 1984 1911 1552 1 1860 992 119 1053 719 960 70 -1
241: 29 2662 2663 959 1 -1
242: 1 -1
243: 1053 1 114 2662 1911 2667 66 2196 -1
244: 1 1053 960 974 -1
245: 2667 -1
246: 2667 1 2665 -1
247: 813 1 2665 -1
248: 2662 2623 -1
249: 1 -1
250: 1 2663 2196 -1
251: 1 -1
252: 1 -1
253: 1 -1
254: 1 -1
255: 1 959 -1
256: 1 2662 -1
257: 1 -1
258: 2660 2663 1 992 -1
259: 1 -1
260: 2660 1 -1
261: 1 960 -1
262: 2617 1 -1
263: 2665 1 -1
264: 1 -1
265: 1 -1
266: 1 974 31 2660 960 2662 -1
267: 1 -1
268: 1 -1
269: 1 -1
270: 1 1768 -1
271: 1 959 2660 2623 -1
272: 1 -1
273: 1 -1
274: 1 1768 -1
275: 2660 2663 2664 2662 2 -1
276: 2 -1
277: 2 -1
278: 2 -1
279: 2 -1
280: 2 -1
281: 2 -1
282: 1492 2 2663 -1
283: 2663 2 1053 -1
284: 2 2663 -1
285: 2 -1
286: 2 -1
287: 2 -1
288: 2 -1
289: 2 -1
290: 2 -1
291: 2617 2 -1
292: 2 992 2660 974 -1
293: 2 1094 -1
294: 2 -1
295: 2 -1
296: 2 -1
297: 2663 2664 2 163 -1
298: 2 -1
299: 2667 163 693 2 -1
300: 2 -1
301: 2 -1
302: 2 -1
303: 2 -1
304: 2 -1
305: 2 -1
306: 2 -1
307: 2 -1
308: 2 -1
309: 2 -1
310: 2 -1
311: 2 -1
312: 3 -1
313: 3 -1
314: 3 -1
315: 3 -1
316: 813 816 70 3 1186 974 114 2557 -1
317: 3 -1
318: 3 -1
319: 3 -1
320: 3 -1
321: 3 2557 2617 -1
322: 3 -1
323: 2617 2232 3 -1
324: 3 -1
325: 3 -1
326: 3 -1
327: 3 -1
328: 3 -1
329: 3 58 -1
330: 3 -1
331: 3 -1
332: 4 -1
333: 4 1984 -1
334: 4 -1
335: 2664 4 -1
336: 4 -1
337: 4 -1
338: 4 -1
339: 2664 4 1860 -1
340: 4 -1
341: 4 -1
342: 1768 2660 4 -1
343: 4 2567 -1
344: 4 -1
345: 1984 961 5 719 -1
346: 5 -1
347: 5 -1
348: 5 360 -1
349: 5 -1
350: 1984 5 -1
351: 5 1984 -1
352: 5 -1
353: 5 -1
354: 1984 5 -1
355: 5 -1
356: 5 -1
357: -1
358: 5 -1
359: 5 -1
360: 5 -1
361: 5 -1
362: 1984 5 -1
363: 1036 -1
364: 5 -1
365: 5 -1
366: 5 1911 1984 -1
367: 5 -1
368: 5 -1
369: 5 -1
370: 5 1984 -1
371: 1984 5 -1
372: 1984 5 -1
373: 2617 5 -1
374: -1
375: -1
376: 1768 2313 -1
377: 1021 -1
378: -1
379: 1768 2313 -1
380: 2313 -1
381: 6 399 57 19 762 832 -1
382: 2313 -1
383: 2313 -1
384: 2313 -1
385: 127 71 959 1768 6 762 2667 1984 2566 -1
386: 25 6 19 -1
387: 2313 -1
388: 1768 -1
389: 378 6 -1
390: 19 6 71 33 762 50 107 58 57 134 659 128 1030 164 172 -1
391: 163 6 17 -1
392: 2313 -1
393: 2313 -1
394: 6 -1
395: 12 6 2051 -1
396: 6 -1
397: 2313 -1
398: 2313 -1
399: -1
400: 2313 -1
401: 6 17 25 101 992 1515 -1
402: 1031 6 -1
403: 6 961 -1
404: -1
405: 7 28 -1
406: 2313 -1
407: 7 -1
408: 2600 -1
409: 37 -1
410: 55 28 -1
411: 106 1531 -1
412: 55 168 28 -1
413: 7 28 -1
414: 7 -1
415: 2598 7 42 -1
416: 109 106 166 -1
417: 1490 -1
418: 54 65 -1
419: -1
420: 8 -1
421: 8 213 -1
422: 8 -1
423: 8 -1
424: 8 -1
425: 8 -1
426: 8 -1
427: 8 -1
428: 8 -1
429: 1375 8 -1
430: 8 432 -1
431: 213 8 458 -1
432: 8 -1
433: 1375 213 781 -1
434: 8 -1
435: 8 -1
436: 8 -1
437: 8 213 -1
438: 8 -1
439: 2361 -1
440: 8 213 -1
441: 8 -1
442: 8 -1
443: 8 -1
444: 8 -1
445: 8 -1
446: 8 -1
447: 8 -1
448: 8 213 -1
449: 9 -1
450: 9 -1
451: 1552 992 6 32 1 9 959 2660 -1
452: 959 1768 16 9 149 -1
453: 2660 9 6 -1
454: 5 16 -1
455: 2361 10 -1
456: 10 466 -1
457: 466 10 213 960 -1
458: -1
459: -1
460: 10 466 459 -1
461: 10 465 -1
462: 10 -1
463: 10 -1
464: 10 -1
465: -1
466: -1
467: 10 -1
468: 10 466 -1
469: 10 -1
470: 11 -1
471: 959 1053 11 -1
472: 11 -1
473: 1694 11 -1
474: 11 -1
475: 11 -1
476: 11 1053 -1
477: 484 11 -1
478: 1694 11 -1
479: 11 -1
480: 11 -1
481: 11 -1
482: 11 1694 -1
483: 959 11 -1
484: 11 -1
485: 11 -1
486: 11 -1
487: 11 1984 -1
488: 959 1053 11 -1
489: 11 -1
490: 1053 11 -1
491: 11 -1
492: 11 -1
493: 11 -1
494: 1053 974 11 -1
495: 11 -1
496: 11 -1
497: 11 -1
498: 992 11 -1
499: 11 -1
500: 11 -1
501: 11 -1
502: 1492 11 -1
503: 11 -1
504: 11 -1
505: 959 974 11 -1
506: 1552 -1
507: 1552 -1
508: 1552 -1
509: 1552 -1
510: 1552 -1
511: 1552 -1
512: 1552 -1
513: 1552 -1
514: 1552 -1
515: 25 -1
516: 12 2557 -1
517: 12 -1
518: 20 12 -1
519: 60 12 123 111 93 80 47 1776 56 20 35 -1
520: 12 47 -1
521: 2051 959 -1
522: 12 25 49 47 80 20 169 123 60 119 135 48 2189 93 111 73 -1
523: 25 2005 20 123 169 12 49 1776 60 80 17 89 119 64 94 31 114 126 135 158 30 46 48 121 2189 -1
524: 12 -1
525: 12 1860 853 -1
526: 1053 2189 2566 960 961 651 90 111 12 25 -1
527: 163 1238 959 12 19 -1
528: 119 93 20 135 111 12 80 48 47 73 60 25 2189 169 123 49 522 -1
529: 49 1044 1043 1045 766 586 12 -1
530: 12 16 1768 2051 719 1911 -1
531: 47 25 49 -1
532: 12 25 60 1175 853 149 -1
533: 12 -1
534: 835 70 12 -1
535: 12 -1
536: 12 2794 -1
537: 1768 6 25 89 12 14 19 32 374 389 134 44 -1
538: 91 17 89 25 20 12 -1
539: 179 -1
540: 13 1276 -1
541: 13 1170 1171 -1
542: 1171 1170 -1
543: 13 560 -1
544: 1179 -1
545: 1179 -1
546: 1179 -1
547: 13 0 -1
548: 13 558 559 190 550 578 552 571 -1
549: 179 -1
550: 179 -1
551: 179 -1
552: 179 -1
553: 13 -1
554: 213 0 13 -1
555: 1179 561 180 181 578 552 571 549 559 190 558 560 550 13 539 2508 1439 -1
556: 13 1171 -1
557: 13 558 -1
558: 179 -1
559: 179 -1
560: 179 -1
561: 179 -1
562: 974 1770 1179 357 1694 70 0 13 -1
563: 1694 13 0 -1
564: 13 -1
565: 1652 0 13 1651 1377 1617 2726 -1
566: 13 -1
567: 1179 -1
568: 1179 -1
569: 13 213 -1
570: 13 560 -1
571: 179 -1
572: 13 -1
573: 214 -1
574: 0 13 539 180 561 1617 1652 1651 -1
575: 1179 -1
576: 1179 -1
577: 1179 -1
578: 179 -1
579: 1179 1171 13 558 813 -1
580: 13 539 2059 -1
581: 578 13 -1
582: 14 -1
583: 14 1238 -1
584: 14 1028 692 70 1235 35 1552 152 852 -1
585: 14 -1
586: 529 1038 1039 1040 25 107 19 14 152 35 1768 72 6 762 399 2660 -1
587: 14 -1
588: 14 35 -1
589: 14 1012 71 -1
590: 1984 14 1053 71 1768 -1
591: -1
592: -1
593: -1
594: -1
595: -1
596: 591 -1
597: 591 -1
598: 591 -1
599: -1
600: -1
601: -1
602: -1
603: -1
604: 974 591 -1
605: 591 -1
606: -1
607: 951 597 1937 -1
608: -1
609: -1
610: 591 -1
611: 591 -1
612: 591 -1
613: 591 -1
614: 591 -1
615: 15 -1
616: -1
617: -1
618: -1
619: 591 1939 2511 -1
620: 70 1937 591 -1
621: 591 -1
622: 591 -1
623: 591 603 593 602 617 625 628 609 616 595 624 606 592 627 594 608 618 607 599 626 601 600 1937 2415 -1
624: -1
625: -1
626: -1
627: -1
628: -1
629: 591 -1
630: 16 -1
631: 16 -1
632: 1768 16 -1
633: 16 1768 -1
634: 16 149 959 -1
635: 16 -1
636: 16 -1
637: 16 -1
638: 1768 16 17 -1
639: 16 -1
640: 2663 2662 2665 2664 2667 1 961 16 960 -1
641: 16 -1
642: 1768 16 -1
643: 91 16 1768 1860 149 -1
644: 2051 16 163 -1
645: 16 6 638 20 91 17 1769 762 88 -1
646: 17 -1
647: 17 -1
648: 25 17 -1
649: 17 -1
650: 1007 163 17 1012 -1
651: 30 163 1552 46 17 974 1012 1053 -1
652: 17 -1
653: 25 762 60 64 158 1768 91 30 56 6 70 111 17 47 169 375 -1
654: 17 -1
655: 17 -1
656: 1007 -1
657: 17 -1
658: 17 6 -1
659: 17 6 -1
660: 1 30 17 46 1021 33 -1
661: 163 1427 1014 30 46 17 974 1012 960 -1
662: 163 959 17 1012 -1
663: 25 17 101 90 -1
664: 149 762 17 -1
665: 6 17 2660 -1
666: 17 -1
667: 17 163 2313 -1
668: 17 1768 -1
669: 46 17 -1
670: 17 -1
671: 695 17 123 46 -1
672: 17 46 19 6 48 163 -1
673: 1768 24 17 6 19 149 -1
674: 17 -1
675: 17 6 -1
676: 17 149 -1
677: 17 -1
678: 1012 18 73 682 -1
679: 18 -1
680: 1791 18 -1
681: 974 1053 18 -1
682: 73 1012 18 -1
683: 114 816 1053 18 974 163 960 959 -1
684: 1053 960 102 959 974 18 1984 70 -1
685: 18 163 -1
686: 992 18 -1
687: 18 -1
688: 18 719 114 -1
689: 18 -1
690: 1021 -1
691: 2313 -1
692: -1
693: -1
694: -1
695: 2005 -1
696: -1
697: 1031 2051 25 20 70 -1
698: 102 20 719 -1
699: 960 20 25 102 719 -1
700: 959 651 20 88 169 762 -1
701: 165 -1
702: 32 1768 33 169 111 93 12 80 47 60 56 20 389 88 763 90 14 35 152 1769 -1
703: 21 26 -1
704: 21 -1
705: 21 1768 -1
706: 21 26 -1
707: -1
708: 21 -1
709: -1
710: -1
711: 22 -1
712: 959 960 1984 2563 1053 22 881 57 1777 -1
713: 22 1053 960 -1
714: 22 -1
715: 22 -1
716: 23 -1
717: 1490 974 23 170 -1
718: 23 -1
719: 1984 299 960 23 114 -1
720: 23 716 -1
721: 81 23 -1
722: 1490 23 170 -1
723: 23 -1
724: 23 -1
725: 23 1490 -1
726: 23 -1
727: 23 -1
728: 81 23 1490 736 170 -1
729: 23 -1
730: 23 -1
731: 81 1490 23 -1
732: 23 -1
733: 23 -1
734: 1984 42 -1
735: 23 -1
736: 23 -1
737: 23 1490 718 -1
738: 23 -1
739: 1490 23 70 -1
740: 23 1490 -1
741: 24 -1
742: 24 746 -1
743: 24 746 -1
744: 24 -1
745: 24 -1
746: -1
747: 24 -1
748: 24 -1
749: 24 -1
750: 24 -1
751: -1
752: 6 25 -1
753: 974 992 816 6 25 1984 1186 -1
754: 25 -1
755: 25 6 33 2051 -1
756: 25 149 2663 -1
757: 25 -1
758: 169 25 2051 -1
759: 25 -1
760: 25 -1
761: 6 25 19 -1
762: -1
763: 6 91 25 1 -1
764: 25 14 35 140 1768 -1
765: 960 25 93 2051 -1
766: 529 1038 1039 1040 25 -1
767: 2617 26 -1
768: 26 -1
769: -1
770: 26 -1
771: 26 -1
772: 26 -1
773: 707 769 26 974 813 -1
774: 213 -1
775: -1
776: -1
777: -1
778: -1
779: -1
780: -1
781: -1
782: 777 -1
783: 802 -1
784: 27 800 -1
785: 27 777 778 780 213 781 -1
786: 779 -1
787: 213 802 779 798 27 -1
788: 27 -1
789: 2054 213 27 781 779 -1
790: 774 779 27 -1
791: 27 -1
792: 779 -1
793: 1276 -1
794: 779 27 213 -1
795: 70 1860 960 1276 27 213 -1
796: 778 776 777 27 -1
797: 774 -1
798: -1
799: 779 802 -1
800: 27 -1
801: 793 213 777 27 775 -1
802: 779 27 774 -1
803: 27 -1
804: 28 -1
805: 28 -1
806: 30 1014 2660 1053 -1
807: 30 -1
808: 1012 30 1014 1053 2667 1860 2660 2662 2664 2663 1 -1
809: 30 -1
810: 30 -1
811: 163 30 -1
812: 1007 974 30 163 -1
813: -1
814: -1
815: -1
816: -1
817: 31 -1
818: 31 -1
819: 31 -1
820: -1
821: -1
822: -1
823: 2557 853 959 1860 992 32 6 -1
824: 107 6 32 -1
825: 6 19 32 149 1860 -1
826: 832 32 -1
827: 2667 1768 32 6 -1
828: 33 -1
829: 6 58 71 762 50 19 164 57 33 139 128 134 172 659 1032 107 -1
830: 33 -1
831: 6 58 71 762 50 1030 57 33 128 134 172 164 19 659 107 390 -1
832: 1175 33 -1
833: 33 -1
834: -1
835: -1
836: -1
837: -1
838: 34 -1
839: 34 -1
840: 34 -1
841: 834 -1
842: 34 -1
843: 929 -1
844: 34 -1
845: 34 -1
846: 34 -1
847: 34 -1
848: 34 -1
849: 1860 34 959 974 -1
850: -1
851: 35 -1
852: 14 152 35 70 1028 1235 692 1552 -1
853: 90 163 129 1911 2051 70 974 35 1984 816 1860 762 1 6 830 1021 960 107 93 2794 20 30 47 46 48 2005 12 25 121 60 91 169 56 881 1552 1012 1031 2557 719 88 832 1053 79 19 -1
854: 693 -1
855: 1984 35 960 992 974 70 -1
856: 35 -1
857: 1768 35 -1
858: 6 140 19 389 35 152 14 -1
859: 35 49 -1
860: 35 149 -1
861: 35 70 -1
862: 149 35 1911 -1
863: 1053 -1
864: 929 960 -1
865: 36 -1
866: 70 36 -1
867: 36 719 -1
868: 163 36 2415 -1
869: 929 961 1170 36 -1
870: 929 961 1170 36 -1
871: 2617 36 -1
872: 36 -1
873: 36 -1
874: 36 -1
875: 36 -1
876: 70 36 -1
877: 36 -1
878: 36 -1
879: 959 36 -1
880: 36 -1
881: 36 -1
882: 36 2415 -1
883: 36 -1
884: 2800 -1
885: 2800 -1
886: 36 2795 -1
887: 1171 213 36 -1
888: 1157 36 -1
889: 2794 1860 36 960 -1
890: 1777 36 -1
891: 36 -1
892: 36 707 1053 -1
893: 36 -1
894: -1
895: -1
896: -1
897: 38 -1
898: 38 -1
899: 2014 -1
900: 1860 38 -1
901: 70 38 2563 1911 974 2380 2379 992 -1
902: 141 38 -1
903: 38 -1
904: 1053 974 38 2380 -1
905: 38 -1
906: 907 -1
907: -1
908: 39 484 -1
909: 39 -1
910: 109 166 39 -1
911: 907 -1
912: 39 -1
913: 39 -1
914: 78 1483 1482 906 39 117 -1
915: -1
916: 1984 40 -1
917: 1984 835 102 992 40 1860 959 -1
918: 1984 961 1860 40 -1
919: 1984 40 -1
920: 2566 40 -1
921: 40 -1
922: 1984 40 70 -1
923: 1984 40 925 -1
924: 1984 40 -1
925: 1984 40 -1
926: 41 -1
927: 41 -1
928: 41 -1
929: 101 2380 70 41 -1
930: 960 1053 719 41 1057 70 1860 1984 974 163 959 983 79 961 -1
931: 1053 959 974 41 960 929 -1
932: 1053 959 974 41 960 929 70 -1
933: 41 -1
934: 41 -1
935: 1053 2380 1860 1417 41 -1
936: 42 -1
937: 42 -1
938: 42 1012 -1
939: 1490 70 974 961 720 1053 42 960 959 -1
940: 1977 -1
941: 42 2431 -1
942: 1980 2563 42 -1
943: 42 -1
944: 419 42 -1
945: 419 42 -1
946: 42 -1
947: 1978 42 -1
948: 42 -1
949: 42 -1
950: 42 -1
951: 42 -1
952: 42 -1
953: -1
954: -1
955: -1
956: 954 955 1015 -1
957: -1
958: 70 -1
959: -1
960: 43 953 966 964 2415 -1
961: -1
962: 973 -1
963: -1
964: 1239 -1
965: -1
966: -1
967: 2358 -1
968: -1
969: 43 1010 -1
970: 1006 835 2415 -1
971: 103 61 113 1185 -1
972: -1
973: -1
974: 975 970 67 973 964 999 963 1006 -1
975: -1
976: -1
977: -1
978: 953 -1
979: -1
980: -1
981: 1157 -1
982: -1
983: 967 -1
984: -1
985: -1
986: -1
987: -1
988: -1
989: -1
990: -1
991: 2313 -1
992: -1
993: -1
994: -1
995: -1
996: 989 -1
997: -1
998: -1
999: -1
1000: -1
1001: -1
1002: -1
1003: -1
1004: -1
1005: 976 -1
1006: -1
1007: -1
1008: -1
1009: 992 -1
1010: 985 964 147 43 -1
1011: -1
1012: -1
1013: -1
1014: 964 1012 -1
1015: -1
1016: -1
1017: 2500 835 44 -1
1018: 44 -1
1019: 2660 44 45 149 1860 851 -1
1020: 1768 751 44 45 -1
1021: 45 -1
1022: 45 -1
1023: 45 -1
1024: 45 -1
1025: 45 -1
1026: 45 -1
1027: 1021 -1
1028: -1
1029: 46 -1
1030: -1
1031: 719 6 47 860 1984 -1
1032: 121 1768 47 -1
1033: 47 -1
1034: 1984 72 47 -1
1035: 121 -1
1036: -1
1037: 48 158 -1
1038: 49 1044 1043 1045 766 586 -1
1039: 49 1044 1043 1045 766 586 -1
1040: 49 1044 1043 1045 766 586 -1
1041: -1
1042: -1
1043: 529 1038 1039 1040 -1
1044: 529 1038 1039 1040 -1
1045: 529 1038 1039 1040 -1
1046: 50 762 1012 -1
1047: -1
1048: 989 51 -1
1049: 148 51 2402 213 -1
1050: 989 213 1053 51 -1
1051: 989 1060 -1
1052: 51 -1
1053: -1
1054: 1005 989 213 1060 -1
1055: 816 989 1060 -1
1056: 989 213 51 959 148 2402 -1
1057: 989 51 -1
1058: 989 51 213 -1
1059: 989 964 51 1005 213 2360 1060 2358 -1
1060: 989 213 -1
1061: 989 213 -1
1062: 2402 148 989 51 -1
1063: 989 1060 213 -1
1064: 213 51 2402 -1
1065: 976 1005 1178 964 989 960 953 1003 984 110 147 1012 1004 1060 51 963 981 -1
1066: 1490 -1
1067: 1490 -1
1068: 52 1076 -1
1069: 52 -1
1070: 52 -1
1071: 102 52 -1
1072: 52 -1
1073: 52 -1
1074: 52 1036 -1
1075: 52 -1
1076: -1
1077: 52 102 -1
1078: 52 -1
1079: 52 -1
1080: 52 -1
1081: 52 -1
1082: 52 -1
1083: 52 -1
1084: 52 1068 -1
1085: 52 -1
1086: 52 1085 -1
1087: 52 -1
1088: 53 -1
1089: 53 1142 -1
1090: 1179 179 0 561 2130 214 1438 1439 1440 -1
1091: 53 -1
1092: 53 -1
1093: 53 -1
1094: -1
1095: -1
1096: 53 1140 -1
1097: -1
1098: 1088 53 -1
1099: 992 -1
1100: 1088 1096 1091 1097 -1
1101: 1088 1097 -1
1102: 1088 1096 1097 -1
1103: 1088 1096 1097 -1
1104: 1088 1096 1097 -1
1105: 1088 1096 1097 -1
1106: 1088 1096 1097 -1
1107: 1088 1097 -1
1108: 1088 1097 -1
1109: 1088 1097 -1
1110: 1088 1097 -1
1111: 1088 1097 -1
1112: 1088 1133 1097 -1
1113: 1088 1097 -1
1114: 1088 1097 -1
1115: 53 -1
1116: 53 -1
1117: 1088 53 1141 1097 -1
1118: 1088 1097 -1
1119: 1088 1096 1097 -1
1120: 1088 1096 1097 -1
1121: 1088 1097 -1
1122: 1088 1097 -1
1123: 1088 1097 -1
1124: 1088 1089 1090 1097 -1
1125: 1088 1096 1094 1097 -1
1126: 1088 1096 1097 -1
1127: 1088 1096 1097 -1
1128: 1088 1096 1097 -1
1129: 1088 1094 1097 -1
1130: 1088 1096 1097 -1
1131: 1088 1096 1097 -1
1132: 53 -1
1133: 1088 53 1141 1097 -1
1134: 53 -1
1135: 53 -1
1136: 53 -1
1137: 1088 1089 1090 1097 -1
1138: 1088 1096 1097 -1
1139: 1088 1096 1097 -1
1140: 1088 1096 1097 -1
1141: 1088 1097 -1
1142: -1
1143: -1
1144: -1
1145: 1143 1144 -1
1146: 1143 1144 -1
1147: 1143 1144 -1
1148: 1143 1144 -1
1149: 1143 1144 -1
1150: 1143 1144 -1
1151: 1143 1144 -1
1152: 1148 54 -1
1153: 54 -1
1154: 54 -1
1155: 54 -1
1156: 1171 1490 1145 54 -1
1157: -1
1158: 55 -1
1159: 55 992 2415 -1
1160: 57 -1
1161: 70 102 6 57 163 1036 -1
1162: 58 -1
1163: 154 243 66 58 -1
1164: 58 -1
1165: 58 114 -1
1166: 58 813 -1
1167: 2557 1186 816 813 31 58 -1
1168: 1171 -1
1169: 1171 -1
1170: 929 567 1171 -1
1171: -1
1172: 1171 -1
1173: -1
1174: -1
1175: -1
1176: 60 2665 -1
1177: 60 -1
1178: 953 1179 -1
1179: 179 -1
1180: 61 -1
1181: 983 61 -1
1182: 61 -1
1183: 61 43 976 1006 -1
1184: 61 -1
1185: 61 113 103 -1
1186: -1
1187: 953 989 1005 61 -1
1188: 61 964 1005 -1
1189: 61 -1
1190: 61 1006 -1
1191: -1
1192: -1
1193: -1
1194: 62 -1
1195: 1191 1192 710 -1
1196: 1191 1192 710 -1
1197: 1191 1192 710 -1
1198: 1542 1646 1628 1573 214 1560 62 1597 1579 1554 83 -1
1199: 62 213 190 1617 2127 -1
1200: 213 62 214 1277 -1
1201: 62 1552 -1
1202: 62 1552 -1
1203: 1545 1547 1549 1553 1554 1555 1556 1558 1561 1552 1564 1565 1566 1567 1568 1569 1570 1571 62 1573 1578 1577 1579 1580 1581 1582 1583 1584 1585 1587 1591 1593 1594 1595 1599 1602 1608 1609 1610 1612 1613 1614 1615 1616 1617 1618 1638 1639 1640 1641 1649 1650 1651 1653 1654 1198 1656 1658 1179 0 1157 -1
1204: 1541 1542 1543 1545 1546 1547 1548 1549 1550 1551 1552 1553 1554 1555 1556 1557 1558 1559 1560 1561 1562 1563 1564 1565 1566 1567 1568 1569 1570 1571 62 1573 1574 1575 1576 1577 1578 1579 1580 1581 1582 1583 1584 1585 1586 1587 1589 1590 1591 1592 1593 1594 1595 1596 1597 1598 1599 1600 1601 1602 1603 1604 1605 1606 1607 1608 1609 1610 1611 1612 1613 1614 1615 1616 1617 1618 1619 1620 1621 1622 1623 1624 1625 1626 1627 1628 1629 1630 1631 1632 1633 1634 1635 1636 1637 1638 1639 1640 1641 1642 1643 1644 1645 1646 214 1647 1648 1649 1650 1651 1652 1653 1654 1198 1655 1656 1658 1179 0 1157 -1
1205: 1541 1542 1543 1544 1545 1546 1547 1548 1550 1551 1552 1553 1554 1556 1557 1559 1560 1561 1563 1565 1566 1567 1568 1569 1570 1571 62 1573 1574 1575 1576 1577 1578 1579 1580 1581 1582 1583 1584 1585 1586 1587 1588 1589 1590 1591 1592 1593 1594 1595 1596 1597 1598 1599 1600 1601 1602 1603 1604 1605 1606 1607 1608 1609 1610 1611 1612 1613 1614 1616 1617 1618 1619 1620 1621 1622 1623 1624 1625 1626 1627 1628 1629 1630 1631 1632 1638 1639 1633 1634 1635 1636 1637 1643 1644 1645 1646 1647 1648 1649 1650 1652 1654 1653 1658 1179 1157 -1
1206: 62 1552 1541 -1
1207: 1635 62 -1
1208: 1860 62 1571 1179 1594 -1
1209: 62 -1
1210: 1551 1569 102 62 2563 213 1595 1610 -1
1211: 62 1556 -1
1212: 62 -1
1213: -1
1214: -1
1215: -1
1216: -1
1217: 1053 -1
1218: -1
1219: -1
1220: -1
1221: -1
1222: -1
1223: -1
1224: 63 -1
1225: 1053 974 -1
1226: 1053 960 980 -1
1227: 813 974 64 1860 -1
1228: 959 1860 1053 64 -1
1229: 64 1231 -1
1230: 64 -1
1231: 64 -1
1232: 64 -1
1233: 1 64 -1
1234: 64 -1
1235: 64 -1
1236: 65 -1
1237: 42 404 -1
1238: -1
1239: -1
1240: 989 67 1984 31 974 964 813 1053 959 976 960 -1
1241: 964 67 968 92 997 -1
1242: 144 964 147 67 110 998 969 995 983 -1
1243: 1005 953 67 147 989 1006 1777 -1
1244: 953 985 110 67 -1
1245: 983 147 144 964 110 995 998 969 67 1242 -1
1246: 1248 -1
1247: 1248 -1
1248: 1265 -1
1249: 1248 -1
1250: 1248 -1
1251: 1248 -1
1252: 1248 -1
1253: 1248 -1
1254: 1248 -1
1255: 1248 -1
1256: 1248 -1
1257: 1265 -1
1258: 1248 -1
1259: 1248 -1
1260: 1248 -1
1261: 1248 -1
1262: 1248 -1
1263: 1248 -1
1264: 1248 -1
1265: -1
1266: 1248 -1
1267: 1248 -1
1268: 1248 -1
1269: 1248 -1
1270: 1248 -1
1271: 1248 -1
1272: 1248 -1
1273: 1248 -1
1274: 1248 -1
1275: 1248 -1
1276: 1278 1279 1304 1305 1306 1307 1309 2080 -1
1277: 1278 1279 1304 1309 -1
1278: -1
1279: -1
1280: 1278 1279 -1
1281: 1278 1304 213 -1
1282: 1279 -1
1283: 1279 -1
1284: 1279 -1
1285: 1279 -1
1286: 1279 -1
1287: 1279 -1
1288: 1279 -1
1289: 1279 -1
1290: 1279 -1
1291: 1279 -1
1292: 1279 -1
1293: 1279 -1
1294: 1279 -1
1295: 1279 -1
1296: 1279 -1
1297: 1279 -1
1298: 1279 -1
1299: 1279 -1
1300: 1279 -1
1301: 1279 -1
1302: 1279 -1
1303: 1279 -1
1304: -1
1305: -1
1306: -1
1307: -1
1308: 1278 1276 -1
1309: -1
1310: -1
1311: 1278 1279 1304 1305 1306 1307 1309 1310 -1
1312: 1278 1279 1304 1305 1306 1307 1309 1310 -1
1313: 1278 1279 1304 1305 1306 1307 1309 1310 -1
1314: 1278 1279 1304 1305 1306 1307 1309 1310 -1
1315: 1278 1279 1304 1305 1306 1307 1309 1310 -1
1316: 1278 1279 -1
1317: 1278 1279 1304 1309 -1
1318: 1279 -1
1319: 1452 69 77 213 1170 1480 -1
1320: 1278 1279 1304 1305 1306 1307 2449 1309 1310 -1
1321: 69 -1
1322: 69 -1
1323: 2080 1652 1651 1179 2059 1198 69 1656 2127 1791 1375 2126 1458 974 -1
1324: 69 223 -1
1325: 1278 1279 1304 1305 1306 1307 1309 1310 -1
1326: 1278 1279 1304 1305 1306 1307 1309 1310 -1
1327: 1278 1279 1304 1305 1306 1307 1309 1310 -1
1328: 1278 1279 1304 1305 1306 1307 1656 2080 1171 1308 1309 1310 -1
1329: 1278 1279 1304 1305 1306 1307 1309 1310 -1
1330: 1171 214 213 69 -1
1331: -1
1332: -1
1333: 70 -1
1334: 960 1331 1775 -1
1335: 1860 114 992 163 960 129 70 -1
1336: 751 70 -1
1337: 959 70 -1
1338: 2563 127 71 -1
1339: 71 127 -1
1340: 47 -1
1341: 989 1787 74 964 953 -1
1342: 74 -1
1343: 74 -1
1344: 74 -1
1345: 74 -1
1346: 74 -1
1347: 74 -1
1348: 74 43 1005 953 1003 1010 2000 2001 960 -1
1349: 74 -1
1350: 74 -1
1351: 74 963 967 976 1006 964 1003 999 961 67 -1
1352: 74 -1
1353: 74 -1
1354: 953 74 -1
1355: 213 816 74 989 974 1060 1408 -1
1356: 1357 1361 1365 1374 -1
1357: -1
1358: 1357 1361 1365 1374 -1
1359: 1357 1361 1365 1374 -1
1360: 1357 1361 1365 1374 -1
1361: -1
1362: 1357 1361 1365 1374 -1
1363: 1357 1361 1365 1374 -1
1364: 1357 1361 1365 1374 -1
1365: 1408 1356 -1
1366: 1357 1361 1365 1374 -1
1367: 1357 1361 1365 1374 -1
1368: 1357 1361 1365 1374 -1
1369: 1357 1361 1365 1374 -1
1370: 1365 -1
1371: 1361 1365 1374 -1
1372: 1357 1361 1365 1374 -1
1373: 1357 1361 1365 1374 -1
1374: -1
1375: -1
1376: 1357 1361 1365 1374 -1
1377: 1357 1361 1365 1374 1375 -1
1378: 1357 1361 1365 1374 2080 -1
1379: 1357 1361 1365 1374 -1
1380: 1357 1361 1365 1374 1375 -1
1381: 1357 1361 1365 1374 1375 -1
1382: 1357 1361 1365 1374 1375 -1
1383: 1357 1361 1365 1374 -1
1384: 1357 1361 1365 1374 -1
1385: 1357 1361 1365 1374 1375 -1
1386: 1357 1361 1365 1374 1375 -1
1387: 1357 1361 1365 1374 1375 -1
1388: 1357 1361 1365 1374 -1
1389: 1357 1361 1365 1374 1375 -1
1390: 1357 1361 1365 1374 -1
1391: 1357 1361 1365 1374 -1
1392: 1357 1361 1365 1374 -1
1393: 1357 1361 1365 1374 1375 -1
1394: 1357 1361 1365 1374 -1
1395: 1357 1361 1365 1374 -1
1396: 1357 1361 1365 1374 -1
1397: 1179 75 -1
1398: 75 -1
1399: 75 -1
1400: 1791 816 960 1378 2130 1656 1652 1377 2059 213 1642 1480 70 163 1376 75 929 -1
1401: 1357 1361 1365 1374 -1
1402: 214 195 558 75 -1
1403: 1393 75 1408 -1
1404: 75 1470 -1
1405: 75 -1
1406: 213 75 2068 2061 2062 2063 2064 2065 122 2066 -1
1407: 1357 1361 1365 1374 -1
1408: 1361 1365 -1
1409: 75 -1
1410: 75 213 -1
1411: 190 75 -1
1412: 75 -1
1413: 2167 2101 75 156 1595 167 1552 1170 1651 1617 -1
1414: 75 -1
1415: 75 1652 -1
1416: 959 929 75 1170 1171 -1
1417: 1380 -1
1418: 102 1179 75 -1
1419: 75 -1
1420: 0 561 180 181 578 552 571 549 559 190 558 560 550 539 75 83 1617 1652 1380 2468 -1
1421: 1656 1652 0 75 2080 1642 -1
1422: 1408 1378 1376 75 -1
1423: 1393 75 1408 -1
1424: 1652 1656 2080 1651 180 1617 2059 1408 75 1277 -1
1425: 75 -1
1426: 75 1652 -1
1427: -1
1428: -1
1429: 179 -1
1430: 179 -1
1431: 179 -1
1432: 179 -1
1433: 1435 -1
1434: -1
1435: -1
1436: 1278 1279 1304 1305 1306 1307 1309 1310 -1
1437: 1278 1279 1304 1305 1306 1307 77 1429 1309 1310 -1
1438: 179 2726 -1
1439: 179 -1
1440: 179 -1
1441: 2081 2109 2110 2111 2112 2113 2114 2115 2116 2117 2118 2119 2120 2121 2122 2123 2124 2125 2126 2127 77 2131 2132 2133 2134 -1
1442: 77 0 1179 2563 -1
1443: 77 -1
1444: 77 179 -1
1445: 77 -1
1446: 1278 1279 1304 1305 1306 1307 77 1309 1310 -1
1447: 77 75 -1
1448: 77 -1
1449: 77 -1
1450: 1179 213 77 0 1545 -1
1451: 2109 2110 2111 2112 2113 2114 2115 2116 2117 2118 2125 2126 2127 1179 77 2133 -1
1452: 77 -1
1453: 77 -1
1454: 1171 1179 0 77 1437 -1
1455: 85 -1
1456: 179 -1
1457: 1452 77 1171 -1
1458: -1
1459: 929 1171 214 960 223 1170 959 77 -1
1460: 929 213 1276 1437 77 -1
1461: 77 -1
1462: 77 -1
1463: 77 -1
1464: 77 -1
1465: 77 213 -1
1466: 77 -1
1467: 77 -1
1468: 77 1434 213 -1
1469: 77 929 -1
1470: 1570 213 77 -1
1471: 77 -1
1472: 213 1276 1437 77 -1
1473: 213 77 -1
1474: 223 77 -1
1475: 77 213 -1
1476: 1171 77 213 -1
1477: 213 77 -1
1478: 179 -1
1479: 77 213 13 1619 -1
1480: -1
1481: 77 -1
1482: -1
1483: -1
1484: 79 -1
1485: 79 1484 -1
1486: 79 -1
1487: 959 80 -1
1488: 959 80 149 -1
1489: 960 119 961 80 1860 -1
1490: 1144 -1
1491: 81 -1
1492: -1
1493: 81 -1
1494: 81 -1
1495: 81 -1
1496: 81 -1
1497: 37 81 -1
1498: 81 -1
1499: 23 81 1490 959 -1
1500: 81 -1
1501: 81 -1
1502: 81 -1
1503: 81 -1
1504: 1509 1510 1511 1512 1513 1514 1517 1518 1519 1520 1521 1522 1523 1524 1525 1526 1527 1528 1529 1530 1531 -1
1505: 1509 1510 1511 1512 1513 1514 1517 1518 1519 1520 1521 1522 1523 1524 1525 1526 1527 1528 1529 1530 1531 -1
1506: 1509 1510 1511 1512 1513 1514 1517 1518 1519 1520 1521 1522 1523 1524 1525 1526 1527 1528 1529 1530 1531 -1
1507: 1509 1510 1511 1512 1513 1514 1517 1518 1519 1520 1521 1522 1523 1524 1525 1526 1527 1528 1529 1530 1531 -1
1508: 1509 1510 1511 1512 1513 1514 1517 1518 1519 1520 1521 1522 1523 1524 1525 1526 1527 1528 1529 1530 1531 -1
1509: -1
1510: -1
1511: -1
1512: -1
1513: -1
1514: -1
1515: 1516 -1
1516: 1304 -1
1517: -1
1518: -1
1519: -1
1520: -1
1521: -1
1522: -1
1523: -1
1524: -1
1525: -1
1526: -1
1527: -1
1528: -1
1529: -1
1530: -1
1531: -1
1532: 816 1984 82 961 2332 2662 -1
1533: 1516 -1
1534: 87 82 -1
1535: 1531 82 -1
1536: 1053 974 82 961 -1
1537: 961 1053 974 82 -1
1538: 82 -1
1539: 87 82 961 974 980 960 1053 -1
1540: 1658 -1
1541: -1
1542: 1179 179 0 1439 1097 -1
1543: -1
1544: 1179 179 0 1439 1097 -1
1545: -1
1546: -1
1547: -1
1548: -1
1549: 1179 179 0 1439 1097 -1
1550: 1179 179 0 1439 1097 -1
1551: -1
1552: -1
1553: -1
1554: -1
1555: 1179 179 0 1556 1439 1097 -1
1556: 213 0 1179 -1
1557: -1
1558: 1179 179 0 1439 1097 -1
1559: 1179 179 0 1439 1097 -1
1560: -1
1561: -1
1562: 1179 179 0 1439 1097 -1
1563: 2683 2749 -1
1564: -1
1565: 1179 179 0 1439 1097 -1
1566: -1
1567: 1179 179 0 1439 1097 -1
1568: 1179 179 0 1439 1097 -1
1569: -1
1570: -1
1571: 0 -1
1572: -1
1573: 1179 179 0 1439 1097 -1
1574: 1179 179 0 1439 1097 -1
1575: 1179 179 0 1439 1097 -1
1576: 1179 179 0 1439 1097 -1
1577: 1179 179 0 1439 1097 -1
1578: -1
1579: -1
1580: 1179 179 0 1439 1097 -1
1581: 1179 179 0 1439 1097 -1
1582: 1179 179 0 1439 1097 -1
1583: 1179 179 0 1439 1097 -1
1584: 1179 179 0 1439 1097 -1
1585: -1
1586: -1
1587: -1
1588: -1
1589: 1656 1179 -1
1590: -1
1591: -1
1592: -1
1593: -1
1594: 2126 2080 1276 -1
1595: -1
1596: 1179 179 0 1597 1439 1097 -1
1597: 179 1608 -1
1598: 1179 179 0 1439 1097 -1
1599: -1
1600: 1599 -1
1601: -1
1602: -1
1603: -1
1604: 1179 179 0 1439 1097 -1
1605: 1179 179 0 1439 1097 -1
1606: 1179 179 0 1439 1097 -1
1607: 1179 179 0 1439 1097 -1
1608: -1
1609: -1
1610: -1
1611: -1
1612: -1
1613: 1179 179 0 1439 1097 -1
1614: 1179 179 0 1439 1097 -1
1615: 1551 -1
1616: 1179 179 0 1439 1097 -1
1617: 223 -1
1618: 223 -1
1619: 1179 179 0 1439 1097 -1
1620: -1
1621: 179 -1
1622: 1179 179 0 1439 1097 -1
1623: 1179 179 0 1439 1097 -1
1624: -1
1625: -1
1626: 1179 179 0 1439 1097 -1
1627: -1
1628: 1179 179 0 1439 1097 -1
1629: 1179 179 0 1439 1097 -1
1630: 1179 179 0 1439 1097 -1
1631: 1179 179 0 1439 1097 -1
1632: -1
1633: -1
1634: 1179 179 0 1439 1097 -1
1635: -1
1636: 2683 2749 -1
1637: 1636 83 -1
1638: 182 -1
1639: -1
1640: 1179 179 0 1439 1097 -1
1641: 1651 2127 2080 -1
1642: 2080 -1
1643: -1
1644: 1179 179 0 1439 1097 -1
1645: 1179 179 0 1439 1097 -1
1646: 1179 179 0 1439 1097 -1
1647: 2683 2749 -1
1648: 1179 179 0 1439 1097 -1
1649: 961 -1
1650: 1179 1651 2080 1656 2127 0 1652 -1
1651: -1
1652: 2683 2749 -1
1653: -1
1654: 1492 83 -1
1655: 2726 83 1614 1650 1571 -1
1656: -1
1657: 2319 -1
1658: -1
1659: 1417 83 1608 2127 -1
1660: 70 1656 1652 1170 185 214 1375 196 1276 83 -1
1661: 83 -1
1662: 83 -1
1663: 83 -1
1664: 83 -1
1665: 83 -1
1666: 0 195 214 83 1276 1651 213 1984 1617 1652 1602 70 1608 -1
1667: 213 83 -1
1668: 0 83 1619 1573 1577 1550 2457 1629 1628 1542 2468 1596 1622 -1
1669: 83 -1
1670: 83 0 -1
1671: 2127 2080 1656 1651 83 2059 -1
1672: 1636 83 -1
1673: 83 1646 1552 -1
1674: 1652 1617 83 959 -1
1675: 2080 1656 1277 1012 2059 1551 1617 83 2127 -1
1676: 83 -1
1677: 83 0 -1
1678: 0 213 1652 2129 83 2683 -1
1679: 1170 1656 83 -1
1680: 1170 1656 214 83 -1
1681: 83 1179 2080 -1
1682: 83 -1
1683: 83 1672 1637 -1
1684: 1652 1617 83 959 -1
1685: 0 1652 2683 1313 1688 83 1420 2127 1651 2136 -1
1686: 83 -1
1687: 83 -1
1688: 83 -1
1689: 1053 2358 2080 1651 1652 83 1656 2127 1375 1186 -1
1690: 83 214 -1
1691: 83 213 -1
1692: 1417 83 1608 2127 -1
1693: 83 1651 1911 -1
1694: -1
1695: 1278 1279 1304 1305 1306 1307 1309 1310 -1
1696: 1278 1279 -1
1697: 1278 1279 -1
1698: 1279 -1
1699: 1279 -1
1700: 1279 -1
1701: -1
1702: 1278 1279 1304 1309 -1
1703: 213 214 1179 0 185 189 85 1170 -1
1704: 167 85 174 1171 -1
1705: 156 85 223 -1
1706: 85 1276 -1
1707: 1278 1279 1304 1305 1306 1307 1309 1310 -1
1708: 1278 1279 1304 1305 1306 1307 1309 1310 -1
1709: 1278 1279 1304 1305 1306 1307 1309 1310 -1
1710: 1278 1279 1304 1305 1306 1307 1309 1310 -1
1711: 2129 85 1179 -1
1712: 85 -1
1713: 1278 1279 1304 1305 1306 1307 1309 1310 -1
1714: -1
1715: 86 1762 1714 -1
1716: -1
1717: 1715 86 1723 -1
1718: 1714 1715 86 1723 -1
1719: 1714 1715 86 1723 -1
1720: 1714 1715 86 1723 -1
1721: 1714 1715 86 1723 -1
1722: 1714 1715 86 1723 -1
1723: 1716 1715 86 1756 -1
1724: 1492 1715 2523 959 -1
1725: 1714 1715 86 1723 -1
1726: 1714 1715 86 1723 -1
1727: 1714 1715 86 1723 -1
1728: 1714 1715 86 1723 -1
1729: 1714 1715 86 1723 -1
1730: 1714 1715 86 1723 -1
1731: 1714 1715 86 1723 -1
1732: 1714 1715 86 1723 -1
1733: 1714 1715 86 1723 -1
1734: 1715 86 1723 -1
1735: 1714 1715 86 1723 -1
1736: 1715 86 1723 -1
1737: 1714 1715 86 1723 -1
1738: 1714 1715 86 1723 -1
1739: 1714 1715 86 1723 -1
1740: 1714 1715 86 1723 -1
1741: 86 -1
1742: 1053 154 86 959 -1
1743: 1714 1715 86 1723 -1
1744: 1714 1715 86 1723 -1
1745: 1714 1715 86 1723 -1
1746: 1714 1715 86 1723 -1
1747: 1714 1715 86 1723 -1
1748: 1714 1715 86 1723 -1
1749: 1714 1715 86 1723 -1
1750: 1714 1715 86 1723 -1
1751: 86 1715 -1
1752: 1760 915 -1
1753: 1714 1715 86 1723 -1
1754: 1714 1715 86 1723 -1
1755: 1714 1715 86 1723 -1
1756: 1714 1715 86 1723 -1
1757: 1715 86 1723 -1
1758: 1715 86 -1
1759: 1715 86 -1
1760: 1752 2313 915 -1
1761: 816 86 1715 -1
1762: 1715 -1
1763: 1767 -1
1764: 1767 -1
1765: 1767 -1
1766: 1767 -1
1767: -1
1768: -1
1769: -1
1770: -1
1771: 1770 -1
1772: 1770 -1
1773: 89 751 6 -1
1774: 89 -1
1775: -1
1776: -1
1777: -1
1778: -1
1779: -1
1780: -1
1781: -1
1782: 91 -1
1783: 91 -1
1784: 91 -1
1785: 6 91 -1
1786: -1
1787: -1
1788: -1
1789: -1
1790: -1
1791: -1
1792: 92 -1
1793: 966 1178 147 1010 978 987 1009 973 92 1060 989 1003 992 1006 1007 963 967 976 -1
1794: 1178 979 989 1007 991 964 92 -1
1795: 1003 92 -1
1796: 964 92 -1
1797: 92 -1
1798: 92 1178 991 -1
1799: 119 94 853 -1
1800: 2617 94 -1
1801: 94 -1
1802: 1807 -1
1803: 1807 -1
1804: 1807 -1
1805: 1807 -1
1806: 1807 -1
1807: -1
1808: 961 992 960 95 -1
1809: 2313 959 95 -1
1810: 95 -1
1811: 95 -1
1812: 881 95 -1
1813: 95 -1
1814: 95 -1
1815: 95 959 -1
1816: 95 -1
1817: 95 -1
1818: 213 95 -1
1819: 95 -1
1820: 95 -1
1821: 974 1570 95 -1
1822: 961 1984 70 974 95 1860 1911 -1
1823: 95 -1
1824: 95 -1
1825: 96 120 -1
1826: 96 120 1825 -1
1827: -1
1828: 97 -1
1829: 1827 -1
1830: 1827 -1
1831: 1827 -1
1832: 1827 -1
1833: 1827 -1
1834: 1827 -1
1835: 1827 -1
1836: 72 142 131 1265 149 97 -1
1837: 1827 -1
1838: 1827 -1
1839: 1827 -1
1840: 1827 -1
1841: 1827 -1
1842: 1827 -1
1843: 1827 -1
1844: 97 -1
1845: 1827 -1
1846: 1827 -1
1847: 1827 -1
1848: 1827 -1
1849: 1827 -1
1850: 1827 -1
1851: 1827 -1
1852: 1827 -1
1853: 1827 -1
1854: 1827 -1
1855: 1827 -1
1856: 1827 -1
1857: 1827 -1
1858: 1827 -1
1859: 1827 -1
1860: -1
1861: 98 -1
1862: 98 -1
1863: 98 -1
1864: 98 -1
1865: 98 -1
1866: 98 -1
1867: 98 -1
1868: 1984 214 1375 0 98 -1
1869: 98 -1
1870: 98 -1
1871: 1171 -1
1872: 98 -1
1873: 98 -1
1874: 98 -1
1875: 98 -1
1876: 98 -1
1877: 98 -1
1878: 1860 -1
1879: 98 -1
1880: 98 -1
1881: 1887 1886 1885 1888 1884 1883 1890 1882 -1
1882: -1
1883: -1
1884: -1
1885: -1
1886: -1
1887: -1
1888: -1
1889: 70 -1
1890: -1
1891: 99 -1
1892: 99 1882 -1
1893: 1881 -1
1894: -1
1895: 1937 1909 -1
1896: 1937 1909 1911 1907 -1
1897: 1375 1937 1909 1911 1907 -1
1898: -1
1899: 1937 -1
1900: 1909 1937 -1
1901: -1
1902: 1937 1907 1904 -1
1903: -1
1904: 1911 1937 1909 1907 -1
1905: 1911 1937 1909 1907 -1
1906: 1937 1909 1911 1907 -1
1907: -1
1908: -1
1909: 1904 1911 1907 -1
1910: 1904 693 1911 1907 -1
1911: 1904 1909 -1
1912: 1904 1907 -1
1913: -1
1914: 1904 1905 1906 1907 1908 1911 1912 1913 -1
1915: 1894 1895 1896 1897 1898 1899 1900 1901 1902 1903 -1
1916: 1904 1905 1906 1907 1908 1911 1912 1913 -1
1917: 1894 1895 1896 1897 1904 1905 1906 1907 1908 1911 1912 1913 -1
1918: 1179 -1
1919: 1937 974 100 -1
1920: 1937 974 100 -1
1921: 1904 1905 1906 1907 1908 1911 1912 1913 -1
1922: 1904 1905 1906 1907 1908 1911 1912 1913 -1
1923: 1904 1905 1906 1907 1908 1911 1912 1913 -1
1924: 1898 1899 1900 1901 1902 1903 1904 1905 1906 1907 1908 1911 1912 1913 -1
1925: 1894 1895 1896 1897 1904 1905 1906 1907 1908 1911 1912 1913 -1
1926: 1894 1895 1896 1897 1904 1905 1906 1907 1908 1911 1912 1913 -1
1927: 1179 1375 1904 1905 1906 1907 1908 1911 1912 1913 -1
1928: 1937 974 100 -1
1929: 1904 1905 1906 1907 1908 1911 1912 1913 -1
1930: 1894 1895 1896 1897 -1
1931: 1179 1375 -1
1932: 1894 1895 1896 1897 1898 1899 1900 1901 1902 1903 1904 1905 1906 1907 1908 1911 1912 1913 -1
1933: 1894 1895 1896 1897 1898 1899 1900 1901 1902 1903 1904 1905 1906 1907 1908 1911 1912 1913 -1
1934: 1894 1895 1896 1897 -1
1935: 1894 1895 1896 1897 1904 1905 1906 1907 1908 1911 1912 1913 -1
1936: 1904 1898 1899 1900 1901 1902 1903 -1
1937: 1375 1897 1894 1898 1899 1900 1901 1902 1903 1904 1905 1906 1907 1908 1911 1912 1913 -1
1938: 1904 1905 1906 1907 1908 1911 1912 1913 -1
1939: 1894 1895 1896 1897 1898 1899 1900 1901 1902 1903 1904 1905 1906 1907 1908 1911 1912 1913 -1
1940: 1904 1905 1906 1907 1908 1911 1912 1913 -1
1941: 100 112 -1
1942: 101 163 974 30 -1
1943: 101 -1
1944: 101 -1
1945: 101 -1
1946: 102 1552 -1
1947: 0 2177 102 -1
1948: 102 1171 -1
1949: 102 -1
1950: 102 1552 -1
1951: 102 -1
1952: 102 -1
1953: 1036 -1
1954: 1036 -1
1955: 1036 -1
1956: 1036 -1
1957: 1036 -1
1958: 1036 -1
1959: -1
1960: -1
1961: 1179 0 -1
1962: 1959 -1
1963: 1959 -1
1964: 1959 -1
1965: 1179 104 -1
1966: 1959 1960 -1
1967: 1959 1960 -1
1968: 1959 1960 -1
1969: 1959 -1
1970: 104 213 -1
1971: 1179 1959 1960 -1
1972: 105 -1
1973: 105 1012 -1
1974: 105 -1
1975: 105 1974 -1
1976: 105 -1
1977: -1
1978: -1
1979: 106 109 -1
1980: 106 -1
1981: 107 -1
1982: 107 -1
1983: 107 -1
1984: -1
1985: 108 163 974 960 959 -1
1986: 108 835 1984 -1
1987: 1984 -1
1988: 1984 -1
1989: 1984 -1
1990: 1984 -1
1991: 1984 -1
1992: 1984 -1
1993: 1860 70 108 961 835 1984 -1
1994: 1984 -1
1995: 1984 -1
1996: 1984 -1
1997: 1860 163 70 108 961 835 1984 -1
1998: -1
1999: 960 109 -1
2000: -1
2001: 110 -1
2002: 1178 961 974 113 70 1005 953 962 964 147 110 163 1053 989 -1
2003: 953 967 963 1005 147 110 -1
2004: 961 1053 960 953 959 983 977 978 987 1010 110 969 43 -1
2005: 695 -1
2006: 112 1492 -1
2007: 112 -1
2008: -1
2009: -1
2010: -1
2011: -1
2012: -1
2013: 2014 113 -1
2014: -1
2015: 2008 -1
2016: 114 974 -1
2017: 114 974 2016 -1
2018: 114 -1
2019: 1 2623 114 1768 2662 2663 960 -1
2020: 115 -1
2021: 115 -1
2022: 115 -1
2023: 115 -1
2024: 115 -1
2025: 115 -1
2026: 115 -1
2027: 115 -1
2028: 115 -1
2029: 115 -1
2030: 115 127 -1
2031: 116 -1
2032: 116 929 -1
2033: -1
2034: -1
2035: -1
2036: -1
2037: -1
2038: -1
2039: -1
2040: -1
2041: -1
2042: -1
2043: -1
2044: -1
2045: -1
2046: 693 117 -1
2047: 118 -1
2048: 974 118 1984 1492 -1
2049: 118 -1
2050: 119 1031 974 -1
2051: 974 1911 119 719 213 -1
2052: 119 719 -1
2053: 2054 -1
2054: -1
2055: 2053 -1
2056: 121 -1
2057: 44 121 -1
2058: 121 -1
2059: -1
2060: 1617 -1
2061: -1
2062: -1
2063: -1
2064: -1
2065: -1
2066: -1
2067: -1
2068: -1
2069: 122 -1
2070: 122 0 -1
2071: 213 -1
2072: 122 -1
2073: 189 70 1277 213 2059 122 0 2067 1179 -1
2074: 213 1171 122 -1
2075: 122 0 -1
2076: 693 123 -1
2077: 124 -1
2078: 124 -1
2079: 124 -1
2080: -1
2081: -1
2082: 2109 2110 2111 2112 2113 2114 2115 2116 2117 2118 2119 2120 2121 2122 2123 2124 2125 2128 -1
2083: 2109 2110 2111 2112 2113 2114 2115 2116 2117 2118 2119 2120 2121 2122 2123 2124 2125 2128 -1
2084: 2109 2110 2111 2112 2113 2114 2115 2116 2117 2118 2119 2120 2121 2122 2123 2124 2125 2128 -1
2085: 2109 2110 2111 2112 2113 2114 2115 2116 2117 2118 2119 2120 2121 2122 2123 2124 2125 1429 2128 -1
2086: 2109 2110 2111 2112 2113 2114 2115 2116 2117 2118 2119 2120 2121 2122 2123 2124 2125 2128 -1
2087: 2109 2110 2111 2112 2113 2114 2115 2116 2117 2118 2119 2120 2121 2122 2123 2124 2125 -1
2088: 2109 2110 2111 2112 2113 2114 2115 2116 2117 2118 2119 2120 2121 2122 2123 2124 2125 2128 -1
2089: 2109 2110 2111 2112 2113 2114 2115 2116 2117 2118 2119 2120 2121 2122 2123 2124 2125 2128 -1
2090: 2109 2110 2111 2112 2113 2114 2115 2116 2117 2118 2119 2120 2121 2122 2123 2124 2125 -1
2091: 2109 2110 2111 2112 2113 2114 2115 2116 2117 2118 2119 2120 2121 2122 2123 2124 2125 2128 -1
2092: 2109 2110 2111 2112 2113 2114 2115 2116 2117 2118 2119 2120 2121 2122 2123 2124 2125 -1
2093: 2109 2110 2111 2112 2113 2114 2115 2116 2117 2118 2119 2120 2121 2122 2123 2124 2125 -1
2094: 2109 2110 2111 2112 2113 2114 2115 2116 2117 2118 2119 2120 2121 2122 2123 2124 2125 -1
2095: 2109 2110 2111 2112 2113 2114 2115 2116 2117 2118 2119 2120 2121 2122 2123 2124 2125 -1
2096: 2109 2110 2111 2112 2113 2114 2115 2116 2117 2118 2119 2120 2121 2122 2123 2124 2125 -1
2097: 2127 -1
2098: 2109 2110 2111 2112 2113 2114 2115 2116 2117 2118 2119 2120 2121 2122 2123 2124 2125 2126 2127 1599 2131 2132 2134 -1
2099: 2081 2109 2110 2111 2112 2113 2114 2115 2116 2117 2118 2119 2120 2121 2122 2123 2124 2125 2126 2127 2128 2131 2132 2133 2134 -1
2100: 2081 2109 2110 2111 2112 2113 2114 2115 2116 2117 2118 2119 2120 2121 2122 2123 2124 2125 2126 2127 2131 2132 2133 2134 -1
2101: 2081 2109 2110 2111 2112 2113 2114 2115 2116 2117 2118 2119 2120 2121 2122 2123 2124 2125 2126 2127 2131 2132 2133 2134 -1
2102: 2081 2109 2110 2111 2112 2113 2114 2115 2116 2117 2118 2119 2120 2121 2122 2123 2124 2125 2126 2127 2131 2132 2133 2134 -1
2103: 2081 2109 2110 2111 2112 2113 2114 2115 2116 2117 2118 2119 2120 2121 2122 2123 2124 2125 2126 2127 2131 2132 2133 2134 -1
2104: 2081 2109 2110 2111 2112 2113 2114 2115 2116 2117 2118 2119 2120 2121 2122 2123 2124 2125 2126 2127 2131 2132 2133 2134 -1
2105: 2081 2109 2110 2111 2112 2113 2114 2115 2116 2117 2118 2119 2120 2121 2122 2123 2124 2125 2126 2127 2131 2132 2133 2134 -1
2106: 2081 2109 2110 2111 2112 2113 2114 2115 2116 2117 2118 2119 2120 2121 2122 2123 2124 2125 2126 2127 2131 2132 2133 2134 -1
2107: 2081 2109 2110 2111 2112 2113 2114 2115 2116 2117 2118 2119 2120 2121 2122 2123 2124 2125 2126 2127 2131 2132 2133 2134 -1
2108: 2081 2109 2110 2111 2112 2113 2114 2115 2116 2117 2118 2119 2120 2121 2122 2123 2124 2125 2126 2127 2131 2132 2133 2134 -1
2109: -1
2110: -1
2111: -1
2112: -1
2113: -1
2114: -1
2115: -1
2116: -1
2117: -1
2118: -1
2119: 179 -1
2120: 179 -1
2121: 179 -1
2122: 179 -1
2123: 179 -1
2124: 179 -1
2125: 179 -1
2126: -1
2127: -1
2128: -1
2129: -1
2130: -1
2131: -1
2132: -1
2133: -1
2134: -1
2135: 2127 -1
2136: 2127 -1
2137: 2127 -1
2138: 2127 -1
2139: 2109 2110 2111 2112 2113 2114 2115 2116 2117 2118 2119 2120 2121 2122 2123 2124 2125 -1
2140: 2109 2110 2111 2112 2113 2114 2115 2116 2117 2118 2119 2120 2121 2122 2123 2124 2125 -1
2141: 2109 2110 2111 2112 2113 2114 2115 2116 2117 2118 2119 2120 2121 2122 2123 2124 2125 -1
2142: 2109 2110 2111 2112 2113 2114 2115 2116 2117 2118 2119 2120 2121 2122 2123 2124 2125 -1
2143: 2109 2110 2111 2112 2113 2114 2115 2116 2117 2118 2119 2120 2121 2122 2123 2124 2125 -1
2144: 2109 2110 2111 2112 2113 2114 2115 2116 2117 2118 2119 2120 2121 2122 2123 2124 2125 -1
2145: 2081 2109 2110 2111 2112 2113 2114 2115 2116 2117 2118 2119 2120 2121 2122 2123 2124 2125 2126 2127 2128 2131 2132 2133 2134 -1
2146: 2109 2110 2111 2112 2113 2114 2115 2116 2117 2118 2119 2120 2121 2122 2123 2124 2125 -1
2147: 2081 2109 2110 2111 2112 2113 2114 2115 2116 2117 2118 2119 2120 2121 2122 2123 2124 2125 2126 2127 2131 2132 2133 2134 -1
2148: 2081 2109 2110 2111 2112 2113 2114 2115 2116 2117 2118 2119 2120 2121 2122 2123 2124 2125 2126 2127 2131 2132 2133 2134 -1
2149: 2081 2109 2110 2111 2112 2113 2114 2115 2116 2117 2118 2119 2120 2121 2122 2123 2124 2125 2126 2127 2128 2131 2132 2133 2134 -1
2150: 2109 2110 2111 2112 2113 2114 2115 2116 2117 2118 2125 2126 2127 2128 2133 -1
2151: 2109 2110 2111 2112 2113 2114 2115 2116 2117 2118 2119 2120 2121 2122 2123 2124 2125 -1
2152: 2109 2110 2111 2112 2113 2114 2115 2116 2117 2118 2119 2120 2121 2122 2123 2124 2125 -1
2153: 2081 2109 2110 2111 2112 2113 2114 2115 2116 2117 2118 2119 2120 2121 2122 2123 2124 2125 2126 2127 2131 2132 2133 2134 -1
2154: 2081 2109 2110 2111 2112 2113 2114 2115 2116 2117 2118 2119 2120 2121 2122 2123 2124 2125 2126 2127 2131 2132 2133 2134 -1
2155: 2081 2109 2110 2111 2112 2113 2114 2115 2116 2117 2118 2119 2120 2121 2122 2123 2124 2125 2126 2127 2131 2132 2133 2134 -1
2156: 2109 2110 2111 2112 2113 2114 2115 2116 2117 2118 2119 2120 2121 2122 2123 2124 2125 -1
2157: 2109 2110 2111 2112 2113 2114 2115 2116 2117 2118 2119 2120 2121 2122 2123 2124 2125 -1
2158: 2109 2110 2111 2112 2113 2114 2115 2116 2117 2118 2119 2120 2121 2122 2123 2124 2125 -1
2159: 2081 2109 2110 2111 2112 2113 2114 2115 2116 2117 2118 2119 2120 2121 2122 2123 2124 2125 2126 2127 2128 2131 2132 2133 2134 -1
2160: 2081 2109 2110 2111 2112 2113 2114 2115 2116 2117 2118 2119 2120 2121 2122 2123 2124 2125 2126 2127 2131 2132 2133 2134 -1
2161: 2081 2109 2110 2111 2112 2113 2114 2115 2116 2117 2118 2119 2120 2121 2122 2123 2124 2125 2126 2127 2131 2132 2133 2134 -1
2162: 2109 2110 2111 2112 2113 2114 2115 2116 2117 2118 2119 2120 2121 2122 2123 2124 2125 -1
2163: 2109 2110 2111 2112 2113 2114 2115 2116 2117 2118 2125 2126 2127 195 189 214 70 2133 -1
2164: 2109 2110 2111 2112 2113 2114 2115 2116 2117 2118 2119 2120 2121 2122 2123 2124 2125 -1
2165: 2109 2110 2111 2112 2113 2114 2115 2116 2117 2118 2119 2120 2121 2122 2123 2124 2125 -1
2166: 2109 2110 2111 2112 2113 2114 2115 2116 2117 2118 2119 2120 2121 2122 2123 2124 2125 -1
2167: 2081 2109 2110 2111 2112 2113 2114 2115 2116 2117 2118 2119 2120 2121 2122 2123 2124 2125 2126 2127 2128 2131 2132 2133 2134 -1
2168: 2081 2109 2110 2111 2112 2113 2114 2115 2116 2117 2118 2119 2120 2121 2122 2123 2124 2125 2126 2127 1960 2128 2131 2132 2133 2134 -1
2169: 2081 2109 2110 2111 2112 2113 2114 2115 2116 2117 2118 2119 2120 2121 2122 2123 2124 2125 2126 2127 2131 2132 2133 2134 -1
2170: 2109 2110 2111 2112 2113 2114 2115 2116 2117 2118 2119 2120 2121 2122 2123 2124 2125 -1
2171: 2109 2110 2111 2112 2113 2114 2115 2116 2117 2118 2119 2120 2121 2122 2123 2124 2125 -1
2172: 2109 2110 2111 2112 2113 2114 2115 2116 2117 2118 2119 2120 2121 2122 2123 2124 2125 -1
2173: 2081 2109 2110 2111 2112 2113 2114 2115 2116 2117 2118 2119 2120 2121 2122 2123 2124 2125 2126 2127 2131 2132 2133 2134 -1
2174: 2081 2109 2110 2111 2112 2113 2114 2115 2116 2117 2118 2119 2120 2121 2122 2123 2124 2125 2126 2127 1960 2131 2132 2133 2134 -1
2175: 2109 2110 2111 2112 2113 2114 2115 2116 2117 2118 2119 2120 2121 2122 2123 2124 2125 -1
2176: 2109 2110 2111 2112 2113 2114 2115 2116 2117 2118 2119 2120 2121 2122 2123 2124 2125 -1
2177: 2081 2109 2110 2111 2112 2113 2114 2115 2116 2117 2118 2119 2120 2121 2122 2123 2124 2125 2126 2127 2128 2131 2132 2133 2134 -1
2178: 2109 2110 2111 2112 2113 2114 2115 2116 2117 2118 2125 2126 2127 2133 -1
2179: 2109 2110 2111 2112 2113 2114 2115 2116 2117 2118 2119 2120 2121 2122 2123 2124 2125 -1
2180: 2081 2109 2110 2111 2112 2113 2114 2115 2116 2117 2118 2119 2120 2121 2122 2123 2124 2125 2126 2127 2131 2132 2133 2134 -1
2181: 2109 2110 2111 2112 2113 2114 2115 2116 2117 2118 2119 2120 2121 2122 2123 2124 2125 -1
2182: 2109 2110 2111 2112 2113 2114 2115 2116 2117 2118 2125 2126 2127 2128 2133 -1
2183: 2109 2110 2111 2112 2113 2114 2115 2116 2117 2118 2119 2120 2121 2122 2123 2124 2125 214 -1
2184: 2109 2110 2111 2112 2113 2114 2115 2116 2117 2118 2119 2120 2121 2122 2123 2124 2125 -1
2185: 2081 2109 2110 2111 2112 2113 2114 2115 2116 2117 2118 2119 2120 2121 2122 2123 2124 2125 2126 2127 2131 2132 2133 2134 -1
2186: 126 -1
2187: -1
2188: -1
2189: -1
2190: 2566 127 71 2567 960 -1
2191: 2187 -1
2192: 2014 127 -1
2193: 127 71 -1
2194: 80 120 959 -1
2195: 853 1552 131 -1
2196: -1
2197: -1
2198: -1
2199: -1
2200: -1
2201: -1
2202: -1
2203: -1
2204: 1 132 163 -1
2205: 1 16 -1
2206: 133 -1
2207: 133 1860 70 -1
2208: 2617 135 -1
2209: 136 -1
2210: 136 2222 881 1053 -1
2211: 959 1984 -1
2212: 974 2222 163 960 136 1053 -1
2213: 960 2222 136 974 163 -1
2214: 136 -1
2215: 136 959 835 -1
2216: 960 136 1570 -1
2217: 835 70 136 -1
2218: 1179 136 -1
2219: 136 1911 835 959 -1
2220: 1053 2222 163 960 974 136 -1
2221: 70 136 -1
2222: 136 -1
2223: -1
2224: -1
2225: 2224 2231 2279 -1
2226: 2224 2231 2289 2279 -1
2227: 2231 2279 -1
2228: -1
2229: 2224 2231 2279 -1
2230: 2231 2279 -1
2231: -1
2232: -1
2233: 2223 2224 2231 2279 -1
2234: 2223 2224 2231 2279 -1
2235: 2223 2224 2231 2279 -1
2236: 2223 2224 2231 2279 -1
2237: 2223 2224 2231 2279 -1
2238: 2223 2224 2231 2279 -1
2239: 2223 2224 2231 2279 -1
2240: 2223 2224 2231 2279 -1
2241: 2223 2224 2231 2279 -1
2242: 2223 2224 2231 2279 -1
2243: 2223 2224 2231 2279 -1
2244: 2223 2224 2231 2279 -1
2245: 2223 2224 2231 2279 -1
2246: 2223 2224 2231 2279 -1
2247: 2223 2224 2231 2279 -1
2248: 2223 2224 2231 2279 -1
2249: 2223 2224 2231 2279 -1
2250: 2223 2224 2231 2279 -1
2251: 2223 2224 2231 2279 -1
2252: 2223 2224 2231 2279 -1
2253: 2223 2224 2231 2279 -1
2254: 2223 2224 2231 2279 -1
2255: 2223 2224 2231 2279 -1
2256: 2223 2224 2231 2279 -1
2257: 2223 2224 2231 2279 -1
2258: 2223 2224 2231 2279 -1
2259: 2223 2224 2231 2279 -1
2260: 2223 2224 2231 2279 -1
2261: 2223 2224 2231 2279 -1
2262: 2223 2224 2231 2279 -1
2263: 2223 2224 2231 2279 -1
2264: 2223 2224 2231 2279 -1
2265: 2223 2224 2231 2279 -1
2266: 2223 2224 2231 2279 -1
2267: 2223 2224 2231 2279 -1
2268: 2223 2224 2231 2279 -1
2269: 2223 2224 2231 2279 -1
2270: 2223 2224 2231 2279 -1
2271: 2223 2224 2231 2279 -1
2272: 2223 2224 2231 2279 -1
2273: 2223 2224 2231 2279 -1
2274: 2223 2224 2231 2279 -1
2275: 2223 2224 2231 2279 -1
2276: 2223 2224 2231 2279 -1
2277: 2223 2224 2231 2279 -1
2278: 2223 2224 2231 2279 -1
2279: -1
2280: 2224 2231 -1
2281: 2224 2231 -1
2282: 2224 2231 -1
2283: 2224 2231 -1
2284: 2224 2231 -1
2285: 2224 2231 -1
2286: 2224 2231 -1
2287: 2231 2279 -1
2288: 2231 2279 -1
2289: 2224 137 2225 2294 2227 2228 2229 2230 2231 2232 2279 2280 2281 2282 2283 2284 2285 2286 -1
2290: 2224 2231 2279 -1
2291: 2231 2279 -1
2292: 2231 2279 -1
2293: 2231 2279 -1
2294: 2224 2231 2289 2279 -1
2295: 2224 2231 2279 -1
2296: 2231 2279 -1
2297: 2231 2279 -1
2298: 2224 2231 2279 -1
2299: 2231 2279 -1
2300: 2231 2279 -1
2301: 2224 2231 2279 -1
2302: 2231 2279 -1
2303: 2231 2279 -1
2304: 2231 2279 -1
2305: 2231 2279 -1
2306: 2231 2279 -1
2307: 2231 2279 -1
2308: 2224 2231 -1
2309: 2231 2279 -1
2310: 2224 2231 2279 -1
2311: 138 1021 974 70 -1
2312: 992 138 1984 -1
2313: -1
2314: 2313 -1
2315: 140 2318 -1
2316: 140 -1
2317: 2313 -1
2318: -1
2319: 2320 2321 2322 2323 2324 -1
2320: -1
2321: -1
2322: -1
2323: -1
2324: -1
2325: 1984 -1
2326: 1984 -1
2327: 130 1053 -1
2328: 992 -1
2329: 1768 -1
2330: 141 -1
2331: 992 -1
2332: -1
2333: 1984 -1
2334: 1375 1984 -1
2335: 992 1791 2320 -1
2336: -1
2337: -1
2338: -1
2339: -1
2340: -1
2341: -1
2342: -1
2343: -1
2344: -1
2345: -1
2346: -1
2347: -1
2348: 143 959 -1
2349: 143 -1
2350: 2347 -1
2351: 2347 -1
2352: 2338 143 -1
2353: 143 -1
2354: 143 2338 -1
2355: 2792 143 974 -1
2356: 2557 1007 143 -1
2357: 143 -1
2358: -1
2359: 213 989 -1
2360: -1
2361: -1
2362: 2361 -1
2363: 2361 -1
2364: 145 -1
2365: 2375 2376 2377 2378 2381 -1
2366: 2375 2376 2377 2378 2381 -1
2367: 2375 2376 2377 2378 2381 -1
2368: 2375 2376 2377 2378 2381 -1
2369: 2375 2376 2377 2378 2381 -1
2370: 2375 2376 2377 2378 2381 -1
2371: 2375 2376 2377 2378 2381 -1
2372: 2375 2376 2377 2378 2381 -1
2373: 2375 2376 2377 2378 2381 -1
2374: 2375 2376 2377 2378 2381 -1
2375: -1
2376: -1
2377: -1
2378: -1
2379: -1
2380: 2375 2376 2377 2378 2381 -1
2381: -1
2382: 2375 2376 2377 2378 2381 -1
2383: 2375 2376 2377 2378 2381 -1
2384: 2375 2376 2377 2378 2381 -1
2385: 2375 2376 2377 2378 2381 -1
2386: 2375 2376 2377 2378 2381 -1
2387: 2375 2376 2377 2378 2381 -1
2388: 2375 2376 2377 2378 2381 -1
2389: 2375 2376 2377 2378 2381 -1
2390: 2375 2376 2377 2378 2381 -1
2391: 146 -1
2392: 2375 2376 2377 2378 2381 -1
2393: 2375 2376 2377 2378 2381 -1
2394: 2375 2376 2377 2378 2381 -1
2395: 964 976 1053 989 959 974 31 147 -1
2396: 1361 -1
2397: 1361 -1
2398: 1361 -1
2399: 1361 -1
2400: 976 989 1010 983 -1
2401: 148 980 -1
2402: -1
2403: 989 1053 -1
2404: 989 213 -1
2405: 989 1060 2402 -1
2406: 989 -1
2407: 989 2402 1005 1051 -1
2408: 989 1060 213 51 148 -1
2409: -1
2410: 149 -1
2411: 72 149 -1
2412: 72 149 -1
2413: 149 70 1984 -1
2414: -1
2415: -1
2416: -1
2417: 70 2012 150 959 -1
2418: 150 -1
2419: 150 -1
2420: 165 -1
2421: 151 -1
2422: 152 -1
2423: 149 70 152 -1
2424: 1238 82 152 1998 1361 -1
2425: 152 -1
2426: 2361 152 -1
2427: 152 -1
2428: 152 -1
2429: 1984 -1
2430: 960 153 1984 -1
2431: 960 153 -1
2432: 153 -1
2433: 153 -1
2434: 153 -1
2435: 1977 960 153 -1
2436: 153 1777 -1
2437: 813 960 1984 70 153 -1
2438: 404 153 960 -1
2439: 1279 -1
2440: 1279 -1
2441: 1278 1279 1304 1309 1310 -1
2442: 1279 -1
2443: 1278 1279 -1
2444: 1278 1279 -1
2445: 1278 1279 -1
2446: 1279 -1
2447: 1279 -1
2448: 1279 -1
2449: -1
2450: 2127 213 1320 -1
2451: 1278 1279 1304 929 1309 -1
2452: 1278 1279 1304 1305 1306 1307 1309 1310 -1
2453: 1278 1279 -1
2454: 213 -1
2455: 2449 -1
2456: 1278 1279 1304 1305 1306 1307 1309 1310 -1
2457: 1278 1279 1304 1305 1306 1307 1309 1310 -1
2458: 1278 1279 1304 1305 1306 1307 1309 1310 -1
2459: 1278 1279 1304 1305 1306 1307 1309 1310 -1
2460: 1278 1279 1304 1309 -1
2461: 213 -1
2462: 1278 1279 1304 213 1309 -1
2463: 223 -1
2464: 929 -1
2465: 2557 929 2080 1277 155 813 -1
2466: 213 2059 2080 1651 2129 2126 1984 1617 0 1602 -1
2467: 1278 1279 1304 1305 1306 1307 1309 1310 -1
2468: 1278 1279 1304 1305 1306 1307 1309 1310 -1
2469: 1278 1279 1304 1305 1306 1307 1309 1310 -1
2470: 1278 1279 1304 1305 1306 1307 1309 1310 -1
2471: 155 -1
2472: 1279 -1
2473: 155 1276 1429 213 -1
2474: 2478 2489 2492 2503 -1
2475: 2478 2489 2492 2503 -1
2476: 2478 2489 2492 2503 -1
2477: 2478 2489 2492 2503 -1
2478: -1
2479: 2492 2503 -1
2480: 2478 2489 2492 2503 -1
2481: 2492 2503 -1
2482: 2492 2503 -1
2483: 2492 2503 -1
2484: 2492 2503 -1
2485: 2492 2503 -1
2486: 2492 2503 -1
2487: 2492 2503 -1
2488: 2492 2503 -1
2489: -1
2490: 2503 -1
2491: 2492 2503 -1
2492: -1
2493: 2478 2489 2492 2503 -1
2494: 2478 2489 2492 2503 -1
2495: 2478 2489 2492 2503 -1
2496: 2478 2489 2492 2503 -1
2497: 2478 2489 2492 -1
2498: 2478 2489 2492 2503 -1
2499: 2478 2489 2492 2503 -1
2500: 2478 2489 2492 2503 -1
2501: 2478 2489 2492 2503 -1
2502: 2478 2489 2492 2503 -1
2503: -1
2504: 1656 1652 0 156 -1
2505: 2109 2110 2111 2112 2113 2114 2115 2116 2117 2125 2126 2127 156 2133 -1
2506: 2478 2489 2492 2503 -1
2507: 71 156 -1
2508: 179 156 2500 -1
2509: 156 1375 -1
2510: -1
2511: -1
2512: 2510 157 -1
2513: 157 2515 -1
2514: 2510 157 2511 -1
2515: 157 -1
2516: 157 2510 -1
2517: 159 -1
2518: 159 -1
2519: 159 -1
2520: 159 -1
2521: 160 -1
2522: 160 -1
2523: 2524 -1
2524: 2523 -1
2525: 2523 -1
2526: 2523 -1
2527: 2523 -1
2528: 2523 -1
2529: 2523 -1
2530: 2523 -1
2531: 2523 -1
2532: 2523 -1
2533: 2523 -1
2534: 2531 2547 2546 161 -1
2535: 2523 -1
2536: 2523 -1
2537: 2523 -1
2538: 2523 -1
2539: 2523 -1
2540: 2523 -1
2541: 2523 -1
2542: 2523 -1
2543: 2523 -1
2544: 2523 -1
2545: 2523 -1
2546: 2523 -1
2547: 2523 -1
2548: 2523 -1
2549: 2523 -1
2550: 2523 -1
2551: 2523 -1
2552: 2523 -1
2553: 2523 -1
2554: 2523 -1
2555: 2523 -1
2556: 2531 2547 2546 161 -1
2557: -1
2558: 959 162 -1
2559: 2563 -1
2560: 162 961 2557 -1
2561: 162 121 1984 -1
2562: 162 121 -1
2563: 162 -1
2564: 960 959 974 163 -1
2565: 163 -1
2566: -1
2567: 2566 2568 164 -1
2568: 2567 -1
2569: 165 -1
2570: 165 -1
2571: 165 -1
2572: 165 -1
2573: 165 -1
2574: 165 -1
2575: 1 19 6 165 -1
2576: -1
2577: 2582 -1
2578: 2582 -1
2579: 2582 -1
2580: 2582 -1
2581: 2582 -1
2582: -1
2583: 2582 -1
2584: 2582 -1
2585: 166 -1
2586: 213 1430 0 1552 1652 167 1602 1651 -1
2587: 2081 2109 2110 2111 2112 2113 2114 2115 2119 2120 2121 2122 2123 2124 2125 2126 2127 2131 2132 2133 2134 -1
2588: 2081 2109 2110 2111 2112 2113 2114 2115 2119 2120 2121 2122 2123 2124 2125 2126 2127 2131 2132 2133 2134 -1
2589: 167 -1
2590: 213 1430 0 1552 1652 167 1602 1651 -1
2591: 0 571 1276 167 213 -1
2592: 167 1652 -1
2593: 1656 1652 0 167 -1
2594: 558 2358 167 -1
2595: 167 -1
2596: 168 -1
2597: 168 719 -1
2598: -1
2599: 168 -1
2600: -1
2601: 960 169 -1
2602: 2500 114 2617 960 1179 169 1768 58 -1
2603: 736 170 1143 1144 -1
2604: 1143 1144 -1
2605: 1143 1144 -1
2606: 1143 1144 -1
2607: 1143 1144 -1
2608: 1143 1144 -1
2609: 170 102 961 -1
2610: 170 -1
2611: 170 -1
2612: 2611 2603 170 102 -1
2613: 171 -1
2614: 171 163 974 960 -1
2615: 1768 -1
2616: 2617 2618 2619 2620 2670 2637 2638 2639 2640 2641 2642 2643 2644 2645 2646 2647 2648 2649 2650 2652 2653 2654 2655 2656 2657 2675 2676 2677 -1
2617: -1
2618: -1
2619: 2677 -1
2620: 2616 -1
2621: 2617 2618 2619 2620 2637 2638 2639 2640 2641 2642 2643 2644 2645 2646 2647 2648 2649 2650 2652 2653 2654 2655 2656 2657 2675 2676 2677 -1
2622: 2617 2618 2619 2620 2637 2638 2639 2640 2641 2642 2643 2644 2645 2646 2647 2648 2649 2650 2652 2653 2654 2655 2656 2657 2675 2676 2677 -1
2623: 2617 2618 2619 2620 2632 2633 2634 2637 2638 2639 2640 2641 2642 2643 2644 2645 2646 2647 2648 2649 2650 2652 2653 2654 2655 2656 2657 2660 2661 2662 2663 2664 2665 2666 2667 2668 2669 2670 2673 2675 2676 2677 -1
2624: 2617 2618 2619 2620 2637 2638 2639 2640 2641 2642 2643 2644 2645 2646 2647 2648 2649 2650 2652 2653 2654 2655 2656 2657 2675 2676 2677 -1
2625: 2617 2618 2619 2620 2637 2638 2639 2640 2641 2642 2643 2644 2645 2646 2647 2648 2649 2650 2652 2653 2654 2655 2656 2657 2658 2659 2675 2676 2677 -1
2626: 2617 2618 2619 2620 2637 2638 2639 2640 2641 2642 2643 2644 2645 2646 2647 2648 2649 2650 2652 2653 2654 2655 2656 2657 2675 2676 2677 -1
2627: 2617 2618 2619 2620 2632 2637 2638 2639 2640 2641 2642 2643 2644 2645 2646 2647 2648 2649 2650 2652 2653 2654 2655 2656 2657 2658 2659 2661 2675 2676 2677 -1
2628: 2617 2618 2619 2620 2637 2638 2639 2640 2641 2642 2643 2644 2645 2646 2647 2648 2649 2650 2652 2653 2654 2655 2656 2657 2675 2676 2677 -1
2629: 2617 2618 2619 2620 2637 2638 2639 2640 2641 2642 2643 2644 2645 2646 2647 2648 2649 2650 2652 2653 2654 2655 2656 2657 2675 2676 2677 -1
2630: 2617 2618 2619 2620 2675 2676 2677 -1
2631: 2617 -1
2632: -1
2633: -1
2634: 2616 2617 2618 2619 -1
2635: 2617 2618 2619 2661 2620 2633 -1
2636: 2617 2618 2619 2620 2633 2675 2676 2677 -1
2637: -1
2638: -1
2639: -1
2640: -1
2641: -1
2642: -1
2643: -1
2644: -1
2645: -1
2646: -1
2647: -1
2648: -1
2649: -1
2650: -1
2651: 2617 2675 -1
2652: -1
2653: -1
2654: -1
2655: -1
2656: -1
2657: -1
2658: -1
2659: -1
2660: -1
2661: -1
2662: -1
2663: -1
2664: -1
2665: -1
2666: -1
2667: -1
2668: -1
2669: 2196 1053 2663 -1
2670: 2616 -1
2671: 2617 2618 2619 2661 2620 -1
2672: 2617 2618 2619 2620 2633 2675 2676 2677 -1
2673: -1
2674: 2617 2676 -1
2675: -1
2676: -1
2677: -1
2678: 2683 -1
2679: 2683 213 2749 -1
2680: 2683 2749 -1
2681: 2683 -1
2682: 2683 2749 -1
2683: 1652 1157 -1
2684: 2683 2749 -1
2685: -1
2686: 2683 2685 2708 2724 2726 2749 -1
2687: 2683 -1
2688: 2683 2749 -1
2689: 2683 -1
2690: 2683 -1
2691: 2683 -1
2692: 2683 -1
2693: 2683 2749 -1
2694: 2683 -1
2695: 2683 -1
2696: 2683 -1
2697: 2683 -1
2698: 2683 -1
2699: 2683 2749 -1
2700: 2683 -1
2701: 2683 -1
2702: 2683 2749 -1
2703: 2683 -1
2704: 2683 2749 -1
2705: 2683 2749 -1
2706: 2683 -1
2707: 2683 -1
2708: 213 -1
2709: 2683 2749 -1
2710: 2683 -1
2711: 2683 2749 -1
2712: 2683 -1
2713: 2683 -1
2714: 2683 2749 -1
2715: 2683 2749 -1
2716: 2683 -1
2717: 2683 2749 -1
2718: 2683 -1
2719: 2683 2749 -1
2720: 2683 -1
2721: 2683 2749 -1
2722: 2683 2749 -1
2723: 2683 -1
2724: -1
2725: 2683 2749 -1
2726: 1179 179 0 1439 1097 -1
2727: 2683 2749 -1
2728: 2683 -1
2729: 2683 -1
2730: 2683 -1
2731: 2683 -1
2732: 2683 -1
2733: 2683 2749 -1
2734: 2683 2749 -1
2735: 2683 2749 -1
2736: 2683 -1
2737: 2683 -1
2738: 2683 -1
2739: 2683 2749 -1
2740: 2683 -1
2741: 2683 -1
2742: 2683 -1
2743: 2683 -1
2744: 2683 2749 -1
2745: 2683 -1
2746: 2683 2749 -1
2747: 2683 -1
2748: 2683 2749 -1
2749: -1
2750: 2683 2749 -1
2751: 2683 2749 -1
2752: 2683 2749 -1
2753: 2683 2749 -1
2754: 2683 2749 -1
2755: 2683 2749 -1
2756: 2683 2749 -1
2757: 2683 2749 -1
2758: 2683 2749 -1
2759: 2683 2749 -1
2760: 2683 2749 -1
2761: 2683 2749 -1
2762: 2683 2749 -1
2763: 2683 2749 -1
2764: 2683 2749 -1
2765: 2683 2749 -1
2766: 2683 2749 -1
2767: 2683 -1
2768: 2683 2749 -1
2769: 2683 2749 -1
2770: 2683 2749 -1
2771: 2683 2749 -1
2772: 2683 2749 -1
2773: 2683 2749 -1
2774: 2683 2749 -1
2775: 2683 2749 -1
2776: 2683 2749 -1
2777: 2683 2749 -1
2778: 2683 2749 -1
2779: 2683 2749 -1
2780: 2683 2749 -1
2781: 2683 2749 -1
2782: 2683 2749 -1
2783: 2683 -1
2784: 2683 2749 -1
2785: 2683 2749 -1
2786: 174 -1
2787: 174 -1
2788: 175 -1
2789: 149 1014 175 -1
2790: 1003 966 176 -1
2791: 123 960 2792 177 -1
2792: -1
2793: 177 -1
2794: -1
2795: -1
2796: 1171 2795 -1
2797: 1171 -1
2798: -1
2799: -1
2800: -1
2801: 178 -1
2802: 178 -1
2803: 163 1860 178 -1
2804: 178 -1
2805: 178 -1
2806: 178 -1
2807: 2800 -1
2808: 1694 178 -1
2809: 178 -1
2810: 959 66 243 1053 178 -1
2811: 2800 -1
2812: 178 70 2794 -1
2813: 974 -1
2814: 178 -1
2815: 178 -1
2816: 992 178 1408 -1
2817: 178 -1
2818: 178 -1
2819: 178 -1
