0: 165 176 177 178 179 180 181 182 183 184 185 186 187 188 189 -1
1: -1
2: -1
3: 316 317 -1
4: 87 360 361 362 363 364 365 366 367 -1
5: -1
6: 435 -1
7: -1
8: 503 504 513 -1
9: -1
10: -1
11: -1
12: 4 638 -1
13: 659 660 661 662 1 663 4 664 -1
14: 681 -1
15: -1
16: -1
17: -1
18: 733 734 735 736 23 737 -1
19: -1
20: 745 746 747 748 749 -1
21: 775 -1
22: 778 -1
23: 814 815 816 817 818 819 820 821 822 823 824 825 826 827 828 829 830 831 832 833 834 835 836 837 838 839 840 841 842 843 844 845 846 847 848 849 850 851 852 853 854 855 856 857 858 859 860 861 862 863 864 865 866 867 868 870 871 -1
24: -1
25: -1
26: -1
27: 910 911 912 913 914 915 916 917 918 919 920 921 922 923 924 925 926 927 928 929 930 931 932 933 934 935 936 937 938 939 940 941 942 943 944 945 946 947 948 949 950 951 952 953 954 955 956 957 958 959 960 961 962 963 964 965 966 967 968 969 970 971 972 973 974 975 976 977 978 979 980 981 982 983 984 985 986 987 988 989 990 991 992 993 994 995 996 997 998 999 1000 1001 1002 1003 1004 1005 1006 1007 1008 1009 1010 1011 1012 1013 1014 1015 1016 1017 1018 1019 1020 1021 1022 1023 1024 1025 1026 1027 1028 1029 1030 1031 1032 1033 1034 1035 1036 1037 1038 1039 1040 1041 1042 1043 1044 1045 1046 1047 1048 1049 1050 1051 1052 1053 1054 1055 1056 1057 1058 1059 1060 1061 1062 1063 1064 1065 1066 1067 1068 1069 1070 1071 1072 1073 1074 1075 1076 1077 1078 1079 1080 1081 1082 1083 1084 1085 1086 1087 1088 1089 1090 1091 1092 1093 1094 1095 1096 1097 1098 1099 1100 1101 1102 1103 1104 1105 1106 1107 1108 1109 1110 1111 1112 1113 1114 1115 1116 1117 1118 1119 1120 1121 1122 1123 1124 -1
28: -1
29: 1188 1189 1190 1191 1192 1193 1194 1195 1196 1197 -1
30: 1207 1208 1209 1210 1211 1212 -1
31: 1222 -1
32: 1227 1240 1251 1256 1274 1276 -1
33: 1323 1324 1325 -1
34: 1348 1 -1
35: -1
36: 1363 1364 1366 1367 1368 1369 1370 1371 1372 1373 1374 1375 -1
37: 1377 1197 1378 -1
38: -1
39: -1
40: -1
41: 1417 -1
42: -1
43: 1428 -1
44: 4 1477 1478 20 659 468 1479 1480 1481 1482 1483 1484 1485 1486 -1
45: -1
46: 1490 1491 1492 1493 1494 1495 1496 1497 1498 1499 -1
47: 1511 -1
48: 1513 1514 90 1516 -1
49: -1
50: 1551 1552 1553 397 1554 1555 -1
51: 1565 -1
52: -1
53: 1574 165 -1
54: 1609 1612 1616 1617 -1
55: 778 42 -1
56: 1629 -1
57: -1
58: 1639 -1
59: -1
60: 1373 -1
61: 745 746 747 1660 748 749 -1
62: 1668 1669 1670 1671 -1
63: 1672 1673 1674 -1
64: 1675 -1
65: 1682 -1
66: 1696 -1
67: 1707 1712 1713 1714 1715 1716 1717 1718 1719 1721 1723 1728 1731 1733 1736 1738 1740 1742 1744 1755 -1
68: 1758 -1
69: 1759 1760 1761 1762 1763 4 87 475 677 1764 1765 1766 1767 1768 1769 6 1770 59 1771 1772 20 1773 1774 1775 1776 106 1777 1778 670 662 -1
70: 1784 -1
71: 1789 -1
72: 1811 1812 1813 1814 -1
73: -1
74: 1836 -1
75: 1682 -1
76: -1
77: 1843 -1
78: -1
79: 1850 1852 1853 1854 1855 1856 1857 1858 -1
80: 1861 1862 -1
81: 1863 1864 1865 1866 -1
82: -1
83: 1900 1901 1902 367 1903 1904 1905 440 1906 1907 1908 1909 1910 1911 1912 1913 1914 1915 1916 1917 1918 1919 1920 1921 1922 1923 1924 9 1925 1926 4 1927 1928 1929 1930 1931 1932 1172 1933 1934 1935 1936 1937 1938 1939 1940 1941 1942 1943 1944 1945 380 1947 1948 733 1949 1950 1951 1952 1953 1954 1955 1956 1957 1958 2 1959 1960 1961 1962 111 18 1963 1964 1965 1966 1967 359 81 87 1968 1969 1970 1971 22 1972 1973 1974 1975 1976 1977 28 1978 872 60 1979 1980 1981 1982 12 1983 1984 1985 158 1986 1987 1988 1989 1990 1991 1992 1993 1994 1995 1996 1997 1998 1999 2000 2001 2002 2003 2004 2005 2006 2007 2008 2009 2010 2011 2012 2013 2014 2015 -1
84: 2047 -1
85: -1
86: -1
87: -1
88: 2070 2071 2072 2073 2074 2075 2076 2077 218 -1
89: -1
90: 2108 -1
91: 2109 2110 2111 -1
92: 2118 -1
93: 1836 2120 -1
94: -1
95: -1
96: 2125 -1
97: 2127 -1
98: 7 -1
99: -1
100: 1707 1708 1709 1710 1711 2136 2137 2138 2139 2140 2141 2142 2143 2144 2145 1722 1723 2146 2147 1726 1727 2148 2149 2150 2151 2152 2153 2154 1747 1748 1749 1750 1751 1752 1753 1754 1755 -1
101: 2165 -1
102: 2167 2168 1378 -1
103: 2172 2173 2174 2175 2176 -1
104: 165 -1
105: 2184 -1
106: 2186 2187 2188 2189 2190 2191 2192 2193 2194 2195 2196 2197 2198 2199 1 20 2200 2201 -1
107: -1
108: -1
109: 2205 -1
110: -1
111: 2217 -1
112: 2234 2235 2236 2237 2238 2239 165 2241 2242 2243 1836 2244 2245 2246 57 2247 96 2249 -1
113: -1
114: 2253 2254 2255 -1
115: -1
116: -1
117: -1
118: 778 2265 -1
119: -1
120: 2269 2270 -1
121: 85 1197 -1
122: 814 815 816 817 818 819 820 821 822 823 824 825 826 827 828 829 830 831 832 833 834 835 836 837 838 839 840 841 842 843 844 845 846 847 848 849 850 851 852 853 854 855 856 857 858 859 860 861 862 863 864 2271 2272 2273 2274 36 2275 2276 2277 2278 2279 2280 2281 2282 2283 2284 2285 2286 2287 2288 2289 2290 2291 2292 2293 2294 2295 2296 870 871 -1
123: 165 -1
124: 2300 2301 2302 2303 2304 2305 2306 2307 40 2308 2309 -1
125: 2327 -1
126: 2328 2329 2330 2331 2332 2333 -1
127: 85 -1
128: 2344 2345 2346 2347 2348 2349 2350 814 2351 -1
129: 2356 2359 21 2360 2361 2362 2363 2364 2365 2366 2367 2368 2369 2370 2371 2372 -1
130: 2373 2374 -1
131: -1
132: -1
133: 2385 2403 2404 2405 2406 2407 2408 -1
134: 2428 -1
135: -1
136: 778 2445 -1
137: -1
138: 2453 -1
139: 2454 7 2455 2456 -1
140: 2457 2463 2467 2468 2469 2470 2471 2475 2478 2479 2480 2481 2482 2484 2485 2486 2488 1378 -1
141: 1574 -1
142: 2535 2536 -1
143: 2537 -1
144: -1
145: -1
146: 2540 2541 -1
147: 2544 2545 2546 2547 -1
148: 2600 2601 0 2602 2603 2604 17 214 2605 2606 1862 2607 2121 -1
149: 2610 2611 -1
150: 2630 2631 2632 2633 2634 2635 2636 2637 2638 2639 2640 2641 2642 2643 2644 2645 2646 2647 2648 2649 2650 2651 2652 2653 2654 2655 2656 2657 2658 2659 2660 2661 2662 2663 2664 2665 2666 2667 2668 2669 2670 2671 2672 2673 2674 2675 2676 2677 2678 2679 2680 2681 2682 2683 2685 -1
151: -1
152: 87 1926 2692 2693 317 -1
153: 2696 2697 2698 2699 2700 2701 2702 -1
154: 2704 2705 2706 2707 2708 2709 -1
155: -1
156: 2715 2716 -1
157: -1
158: -1
159: 83 440 299 2689 2724 2725 6 2726 2727 2728 2729 4 89 130 2106 441 2730 2731 2732 2733 2734 2735 2736 2737 2738 2739 2740 2741 2742 2743 2744 2745 2746 2747 2748 2749 2750 2751 2752 2753 2754 2755 2756 2757 2758 2759 2543 2760 2761 2762 2763 2764 2765 2766 2767 2768 -1
160: -1
161: 2775 2777 -1
162: 2779 -1
163: 2781 2783 2784 2785 -1
164: 2788 1770 6 -1
165: 177 2180 2181 2182 2183 -1
166: 178 165 -1
167: 2604 178 165 -1
168: 178 165 -1
169: 178 165 -1
170: 178 165 -1
171: 178 165 -1
172: 178 165 -1
173: 165 178 -1
174: 178 165 -1
175: 178 165 -1
176: -1
177: 165 -1
178: 165 0 -1
179: 165 0 -1
180: 165 0 -1
181: 165 0 -1
182: 165 0 -1
183: 165 0 -1
184: 165 0 -1
185: 165 0 -1
186: 165 0 -1
187: 165 0 189 -1
188: 165 0 -1
189: -1
190: 178 165 -1
191: 165 -1
192: 165 -1
193: 178 165 -1
194: 165 -1
195: 165 -1
196: 165 -1
197: 165 -1
198: 0 -1
199: 0 8 126 -1
200: 96 440 0 -1
201: 0 -1
202: 2488 0 90 103 58 776 129 117 121 94 120 148 21 93 73 2417 2122 777 -1
203: 165 -1
204: 165 -1
205: 90 53 0 -1
206: 2187 0 -1
207: 99 0 -1
208: 0 1612 -1
209: 0 -1
210: 165 -1
211: 165 -1
212: 165 -1
213: 0 -1
214: 179 0 177 -1
215: 937 0 2609 2544 -1
216: 0 -1
217: 1612 0 2229 -1
218: 165 -1
219: 165 -1
220: 165 -1
221: 178 165 -1
222: 178 165 -1
223: 178 165 -1
224: 0 1721 -1
225: 0 -1
226: 0 -1
227: 0 -1
228: 165 -1
229: 165 -1
230: 165 -1
231: 178 165 -1
232: 0 -1
233: 53 0 -1
234: 165 -1
235: 2457 0 2609 2630 17 62 150 -1
236: 126 0 1378 -1
237: 1640 1 -1
238: 745 746 747 1 748 749 -1
239: 13 2200 2201 1640 1 4 11 2375 661 660 1400 20 33 2212 663 -1
240: 1 -1
241: 659 660 661 662 1 663 4 -1
242: 1 2198 -1
243: 1 -1
244: 1490 1491 1492 1493 1494 1495 1496 1497 1498 1499 -1
245: 1349 1 -1
246: 1 1974 148 -1
247: 2774 2773 1 2376 267 -1
248: 1 1935 11 99 -1
249: 1640 1 11 4 -1
250: 126 4 1721 16 1 11 -1
251: 2 2342 1863 1 -1
252: 663 4 1 -1
253: 1974 359 4 126 16 3 11 81 77 1 -1
254: 61 1477 1 13 1836 2376 4 11 1770 6 468 1640 661 -1
255: 1 4 34 -1
256: 13 1 4 69 -1
257: 4 20 1 -1
258: 11 468 126 661 1551 1640 4 21 1 -1
259: 1527 1640 4 90 11 2212 661 81 359 458 148 33 1 -1
260: 1 -1
261: 1 -1
262: 2609 833 20 1 664 2457 1612 199 1033 1032 -1
263: 1 -1
264: 1 4 2199 663 -1
265: 1028 1032 1033 1 1048 -1
266: 661 1353 1 -1
267: 359 1640 1 1974 2212 -1
268: 1 4 34 -1
269: 1 359 11 721 90 -1
270: 659 660 661 662 1 663 4 -1
271: 659 660 661 662 1 663 -1
272: 1 -1
273: 1 -1
274: 1 11 -1
275: 2187 2 39 -1
276: 1922 2 -1
277: 1490 1491 1492 1493 1494 1495 1496 1497 1498 1499 -1
278: 1490 1491 1492 1493 1494 1495 1496 1497 1498 1499 -1
279: 1490 1491 1492 1493 1494 1495 1496 1497 1498 1499 -1
280: 1490 1491 1492 1493 1494 1495 1496 1497 1498 1499 -1
281: 2 1994 -1
282: 2 -1
283: 1188 2 -1
284: 2 1980 2187 833 -1
285: 4 9 1974 2 1984 12 22 793 111 28 158 87 1915 2015 1994 1655 -1
286: 1490 1491 1492 1493 1494 1495 1496 1497 1498 1499 -1
287: 1490 1491 1492 1493 1494 1495 1496 1497 1498 1499 -1
288: 23 737 2 1763 -1
289: 1502 2 1994 -1
290: 1490 1491 1492 1493 1494 1495 1496 1497 1498 1499 -1
291: 1490 1491 1492 1493 1494 1495 1496 1497 1498 1499 -1
292: 1490 1491 1492 1493 1494 1495 1496 1497 1498 1499 -1
293: 1490 1491 1492 1493 1494 1495 1496 1497 1498 1499 -1
294: 2 -1
295: 2015 1949 1326 2 1994 -1
296: 2187 814 1032 926 1069 2 1994 2015 -1
297: 87 2 4 359 2376 33 -1
298: 2 1565 -1
299: 1490 1491 1492 1493 1494 1495 1496 1497 1498 1499 -1
300: 77 1400 2 -1
301: 814 1952 2 1994 440 -1
302: 2015 2 -1
303: 2 -1
304: 2 1994 -1
305: 2 2187 -1
306: 4 2 872 -1
307: 1400 937 1980 2 -1
308: 1400 2 1980 -1
309: 1490 1491 1492 1493 1494 1495 1496 1497 1498 1499 -1
310: 1490 1491 1492 1493 1494 1495 1496 1497 1498 1499 -1
311: 1988 4 1916 2 -1
312: 2 -1
313: 2 1326 1922 1994 -1
314: 87 359 1938 1924 1928 1931 12 1400 9 2 1971 28 60 111 1919 -1
315: 2 2015 840 -1
316: -1
317: -1
318: 2015 1949 2000 1922 1998 3 2003 -1
319: 1922 2000 3 1919 1917 2015 -1
320: 317 -1
321: 4 2692 733 317 -1
322: 3 -1
323: 359 11 1640 4 3 1008 -1
324: 1949 2003 2009 4 3 -1
325: 324 2692 2695 2015 333 28 359 440 317 -1
326: 317 -1
327: 317 -1
328: 4 317 -1
329: 3 932 -1
330: 3 -1
331: 1326 1994 1998 1996 2014 2012 2006 3 -1
332: 937 126 148 745 3 1030 90 -1
333: 3 -1
334: 1104 3 932 2187 1032 1029 814 1026 1025 1033 1050 926 -1
335: 733 2692 4 317 -1
336: 317 -1
337: 1172 2692 -1
338: 317 -1
339: 2187 3 -1
340: 3 -1
341: 1917 1922 1988 1999 2006 4 3 60 1919 -1
342: 1922 1980 1988 877 4 2 3 60 12 1984 1919 2011 -1
343: 1033 1008 2015 311 969 2000 3 1100 -1
344: 1207 1008 -1
345: 317 -1
346: 317 -1
347: 3 663 -1
348: 1917 1998 3 2009 -1
349: 1029 1032 778 1033 1952 3 77 2014 -1
350: 4 9 3 83 87 -1
351: 83 87 9 4 3 350 -1
352: 317 -1
353: 22 77 317 -1
354: 317 -1
355: 317 -1
356: 1008 932 2268 148 1400 2015 4 2004 1922 1919 3 1994 2003 1476 1917 -1
357: 3 -1
358: 1640 3 -1
359: 3 4 1946 440 -1
360: -1
361: -1
362: -1
363: -1
364: -1
365: -1
366: -1
367: 360 361 362 363 364 365 366 -1
368: 1008 4 28 -1
369: 4 -1
370: 2015 4 1917 735 1326 -1
371: 87 -1
372: 2011 1922 1989 1990 1996 1998 2003 2007 4 1919 -1
373: 4 1996 1922 1999 -1
374: 2015 1922 1998 4 -1
375: 1490 1491 1492 1493 1494 1495 1496 1497 1498 1499 -1
376: 87 -1
377: 87 -1
378: 87 -1
379: 10 9 2015 4 22 1977 77 1926 1965 -1
380: 4 10 9 -1
381: 12 9 1926 -1
382: 87 -1
383: 2015 1986 1949 1969 1326 1990 2009 2013 1991 2003 2007 1994 1992 2001 2014 1998 1989 1922 126 1917 1988 1999 2006 4 12 1984 22 111 1915 1400 1993 2002 2004 2012 2011 -1
384: 1922 1987 1988 1990 1996 1998 2003 2004 2006 2007 4 9 1919 2010 2011 2012 2013 -1
385: 1998 4 -1
386: 4 -1
387: 1922 1986 4 -1
388: 4 -1
389: 4 -1
390: 2015 1922 1917 1988 2006 4 22 1919 -1
391: 87 -1
392: 87 -1
393: 87 -1
394: 87 -1
395: 4 60 144 2217 -1
396: 9 4 -1
397: 87 1928 1931 1935 -1
398: 87 -1
399: 4 -1
400: 1987 1986 2000 1999 2001 2007 2009 4 2010 2013 -1
401: 87 -1
402: 23 4 126 1673 -1
403: 1988 1989 1990 1996 1998 9 1922 2000 4 1919 2012 -1
404: 5 -1
405: 5 -1
406: 1814 5 833 -1
407: 1574 1814 5 -1
408: 5 -1
409: 5 -1
410: 126 5 -1
411: 1400 52 -1
412: 1974 1980 77 5 1551 -1
413: 1974 -1
414: 1814 5 -1
415: 1574 1814 5 -1
416: 5 -1
417: 52 -1
418: 5 -1
419: 39 5 -1
420: 969 39 5 -1
421: 5 -1
422: 5 -1
423: 5 -1
424: 5 -1
425: 5 -1
426: 52 -1
427: 1814 5 -1
428: 5 -1
429: 5 -1
430: 5 1817 -1
431: 5 -1
432: 52 -1
433: 1814 5 1033 -1
434: 5 -1
435: -1
436: 1008 1814 2740 6 926 1353 663 -1
437: 6 -1
438: 6 -1
439: 24 6 16 2417 -1
440: 83 359 299 2689 2724 2725 6 2726 2727 2728 2729 4 89 130 2106 441 2730 2731 2732 2733 2734 2735 2736 2737 2738 2739 2740 2741 2742 2743 2744 2745 2746 2747 2748 2749 2750 2751 2752 2753 2754 2755 2756 2757 2758 2759 2543 2760 2761 2762 2763 2764 2765 2766 2767 2768 -1
441: 440 6 -1
442: 1001 21 660 1770 6 -1
443: 1770 6 -1
444: 1770 6 -1
445: 148 2201 20 61 1770 6 458 -1
446: 6 -1
447: 42 1477 61 6 106 -1
448: 2742 1814 475 1062 814 -1
449: 6 -1
450: 6 1770 13 -1
451: 660 6 -1
452: 6 -1
453: 1769 2740 6 1770 -1
454: 937 932 2457 6 -1
455: 1770 6 -1
456: 6 4 -1
457: 458 4 89 1770 6 663 468 11 -1
458: 6 663 1770 -1
459: 1770 6 -1
460: 4 660 1353 458 1770 6 -1
461: 1373 6 -1
462: 458 1770 6 -1
463: 1770 6 -1
464: 6 2201 44 -1
465: 6 -1
466: 1189 6 13 -1
467: 6 -1
468: 1770 6 20 106 1 2200 2201 -1
469: 6 2457 -1
470: 90 1980 1 1779 46 4 6 47 2417 -1
471: 722 6 1770 20 1353 458 -1
472: 6 -1
473: 6 1120 -1
474: 6 -1
475: 6 1 4 46 33 107 13 -1
476: 7 -1
477: 77 937 1986 21 7 100 -1
478: 77 440 7 126 1974 -1
479: 7 -1
480: 7 43 1211 1212 -1
481: 7 937 -1
482: 1974 7 -1
483: 21 937 7 1980 1626 1087 2187 1029 1038 1037 2348 1025 1026 1028 975 814 1033 1008 1032 1105 1103 1106 1104 926 1974 2609 1088 932 1070 2698 -1
484: 21 7 -1
485: 7 99 -1
486: 1986 7 -1
487: 440 7 937 -1
488: 7 -1
489: 7 937 -1
490: 7 1986 440 -1
491: 745 7 937 -1
492: 7 937 -1
493: 7 -1
494: 503 504 -1
495: 503 504 -1
496: 503 504 -1
497: 503 504 -1
498: 503 504 -1
499: 503 504 -1
500: 503 504 -1
501: 503 504 -1
502: 503 504 -1
503: 8 -1
504: -1
505: 503 504 -1
506: 503 504 0 1038 -1
507: 503 504 1038 -1
508: 503 504 -1
509: 503 504 -1
510: 503 504 -1
511: 503 504 19 55 129 90 131 57 2417 127 0 -1
512: 503 504 -1
513: -1
514: 503 504 -1
515: 503 504 -1
516: 503 504 -1
517: 503 504 -1
518: 503 504 -1
519: 503 504 -1
520: 8 126 -1
521: 503 504 -1
522: 503 504 -1
523: 503 504 -1
524: 503 504 -1
525: 503 504 -1
526: 503 504 -1
527: 503 504 -1
528: 503 504 -1
529: 8 1382 62 127 -1
530: 503 504 -1
531: 503 504 -1
532: 503 504 -1
533: 503 504 -1
534: 503 504 -1
535: 503 504 -1
536: 503 504 -1
537: 503 504 -1
538: 503 504 -1
539: 77 126 1721 90 2417 8 815 -1
540: 503 504 -1
541: 503 504 -1
542: 503 504 0 -1
543: 503 504 -1
544: 503 504 -1
545: 503 504 -1
546: 503 504 -1
547: 23 -1
548: 23 -1
549: 23 -1
550: 23 -1
551: 23 -1
552: 23 -1
553: 23 -1
554: 23 -1
555: 23 -1
556: 23 -1
557: 23 -1
558: 23 -1
559: 23 -1
560: 23 -1
561: 23 -1
562: 23 -1
563: 10 9 144 -1
564: 23 -1
565: 23 -1
566: 23 4 1915 1917 -1
567: 23 -1
568: 23 -1
569: 23 -1
570: 23 -1
571: 23 -1
572: 23 -1
573: 11 21 1640 4 661 9 1008 -1
574: 23 -1
575: 23 -1
576: 23 -1
577: 23 -1
578: 23 -1
579: 23 -1
580: 23 -1
581: 23 -1
582: 23 -1
583: 23 -1
584: 23 -1
585: 23 -1
586: 23 -1
587: 23 -1
588: 23 -1
589: 23 -1
590: 10 9 144 -1
591: 23 -1
592: 23 -1
593: 23 -1
594: 23 -1
595: 23 -1
596: 23 12 1984 -1
597: 10 9 144 -1
598: 11 -1
599: 11 -1
600: 11 -1
601: 1032 814 1025 778 1026 1033 1087 1038 1088 1091 1711 11 -1
602: 11 -1
603: 11 458 -1
604: 11 -1
605: 11 440 16 -1
606: 1028 11 932 77 731 2 1008 1197 154 48 2201 1488 -1
607: 1779 659 1980 1540 1515 154 -1
608: 661 4 11 -1
609: 745 746 747 748 749 -1
610: 1878 1207 2544 -1
611: 11 1025 -1
612: 1640 814 1028 90 11 757 70 359 753 126 2212 468 1974 1683 1524 100 1980 1008 -1
613: 11 165 -1
614: 1640 130 16 1353 1849 11 1863 359 1721 2703 937 2 1476 -1
615: 1400 11 -1
616: 11 599 1640 -1
617: 11 -1
618: 11 -1
619: 11 -1
620: 1400 11 21 -1
621: 359 1640 1935 11 2212 -1
622: 126 11 -1
623: 11 -1
624: 11 154 609 -1
625: 11 -1
626: 21 11 -1
627: 1640 937 11 -1
628: 11 90 1353 440 2001 -1
629: 814 1025 926 1349 11 1034 932 -1
630: 126 100 11 458 1641 4 90 2457 -1
631: 39 2609 2165 1980 2457 11 -1
632: 1770 11 1969 2417 21 2544 148 1527 661 4 932 100 90 1008 458 -1
633: 11 2 -1
634: 1692 11 1974 77 -1
635: 100 661 21 126 359 107 440 721 90 11 1974 -1
636: 11 154 -1
637: 4 -1
638: 12 -1
639: 12 -1
640: 12 -1
641: 12 -1
642: 12 -1
643: -1
644: 12 -1
645: 643 12 -1
646: 12 -1
647: 12 1984 -1
648: 12 1984 -1
649: 1917 1922 111 2015 311 12 -1
650: 12 -1
651: 12 -1
652: 12 -1
653: 1565 -1
654: 12 -1
655: 12 1984 -1
656: 12 -1
657: 12 -1
658: 735 -1
659: -1
660: -1
661: -1
662: -1
663: -1
664: -1
665: 90 -1
666: 13 -1
667: 13 -1
668: 660 89 13 -1
669: 659 660 661 662 1 663 4 -1
670: 659 660 661 662 1 663 4 -1
671: 13 33 1 4 6 46 107 475 -1
672: 13 -1
673: 13 2199 -1
674: 13 663 -1
675: 2703 33 77 13 659 -1
676: 13 -1
677: -1
678: 659 660 661 662 1 663 4 -1
679: 2187 1769 2 663 16 1 6 20 13 1770 1682 -1
680: 321 4 1770 6 13 1774 46 59 1 255 69 -1
681: -1
682: 41 126 139 2698 -1
683: 1969 681 -1
684: 14 30 -1
685: 1376 14 -1
686: 160 14 2698 7 -1
687: 1400 14 440 833 99 148 139 -1
688: 214 -1
689: 1836 214 -1
690: 2698 39 14 -1
691: 77 1986 745 833 440 1935 14 -1
692: 14 -1
693: 937 692 1974 -1
694: 14 126 -1
695: 14 -1
696: -1
697: 15 -1
698: 15 -1
699: 15 -1
700: 15 -1
701: 937 1980 15 1001 -1
702: 1089 2003 15 -1
703: 15 -1
704: 15 -1
705: 11 15 -1
706: 15 937 1980 -1
707: 937 15 -1
708: 1008 1980 1029 814 440 15 1087 937 1784 1026 1711 1105 1032 1116 -1
709: 937 1980 15 1001 -1
710: 15 696 1062 -1
711: 90 136 1032 15 -1
712: 2201 -1
713: 16 -1
714: 16 20 -1
715: 16 1640 118 1353 55 42 2338 661 135 126 136 -1
716: 16 -1
717: 11 1640 721 2212 16 1980 359 21 -1
718: 659 11 16 2 2001 -1
719: 359 16 -1
720: 16 -1
721: 1008 11 2201 2043 16 2417 1640 359 77 247 1969 1 4 458 660 1400 48 126 2198 242 9 750 1980 2212 1612 100 468 1974 -1
722: -1
723: 16 -1
724: 11 16 4 100 1 661 -1
725: 1008 90 4 11 33 16 9 359 441 -1
726: 126 90 11 16 1008 -1
727: 16 20 -1
728: 16 20 -1
729: 1400 16 61 106 1640 661 -1
730: 17 822 -1
731: -1
732: 17 2229 -1
733: -1
734: -1
735: -1
736: 814 815 816 817 818 819 820 821 822 823 824 825 826 827 828 829 830 831 832 833 834 835 836 837 838 839 840 841 842 843 844 845 846 847 848 849 850 851 852 853 854 855 856 857 858 859 860 861 862 863 864 870 871 -1
737: 814 815 816 817 818 819 820 821 822 823 824 825 826 827 828 829 830 831 832 833 834 835 836 837 838 839 840 841 842 843 844 845 846 847 848 849 850 851 852 853 854 855 856 857 858 859 860 861 862 863 864 870 871 -1
738: 18 -1
739: 18 -1
740: 18 -1
741: 1032 18 -1
742: 23 1172 18 311 -1
743: 19 97 57 -1
744: 2488 126 90 1721 1969 1382 58 776 95 8 2417 2370 19 162 148 138 118 38 157 135 127 96 2 131 55 97 37 108 62 165 189 121 2372 76 -1
745: -1
746: -1
747: 746 -1
748: -1
749: -1
750: 745 746 747 748 749 -1
751: 1032 1026 1116 1640 20 -1
752: 20 -1
753: 20 2201 722 -1
754: 77 2740 20 61 -1
755: 2189 2191 2196 2198 20 2200 2201 -1
756: 745 746 747 748 749 -1
757: 728 -1
758: 20 -1
759: 2200 20 2201 -1
760: 20 -1
761: 1008 1640 20 -1
762: 20 -1
763: 20 2201 722 -1
764: 1476 20 2202 2703 90 766 -1
765: 1476 20 90 766 2703 764 -1
766: 2201 1479 1353 2197 660 20 1770 106 722 468 1476 2202 1008 1400 768 442 2363 -1
767: 1036 1 20 2201 1640 2190 1070 814 1032 1033 1980 -1
768: 20 -1
769: 20 61 -1
770: 20 -1
771: 660 20 -1
772: 766 1774 20 678 670 450 1770 6 2197 4 106 -1
773: 20 -1
774: 21 659 1 4 1640 2212 1008 -1
775: -1
776: 21 57 -1
777: 0 776 94 129 117 21 90 2417 58 120 93 121 148 103 2488 2122 73 -1
778: -1
779: 22 -1
780: 22 -1
781: 22 -1
782: 22 -1
783: 1949 1994 2015 22 4 -1
784: 4 22 -1
785: 22 -1
786: 22 9 -1
787: 22 -1
788: 22 -1
789: 2015 1957 22 -1
790: 22 1915 -1
791: 1986 1922 2000 2005 1917 9 2 22 1988 1919 2001 -1
792: 22 -1
793: 22 -1
794: 22 -1
795: 1989 1922 1996 22 2015 1957 -1
796: 814 1974 22 926 -1
797: 1984 4 22 -1
798: 22 -1
799: 440 -1
800: 1974 22 2015 -1
801: 833 1994 2015 22 1956 937 -1
802: 937 1994 22 2015 -1
803: 22 -1
804: 22 -1
805: 22 -1
806: 22 -1
807: 22 -1
808: 2015 1917 1915 4 22 1957 1994 -1
809: 4 22 359 -1
810: 1721 1974 440 77 126 1994 2015 22 793 1326 937 83 1008 -1
811: 937 2015 22 -1
812: 814 815 816 817 818 819 820 821 822 823 824 825 826 827 828 829 830 831 832 833 834 835 836 837 838 839 840 841 842 843 844 845 846 847 848 849 850 851 852 853 854 855 856 857 858 859 860 861 862 863 864 870 871 -1
813: 814 815 816 817 818 819 820 821 822 823 824 825 826 827 828 829 830 831 832 833 834 835 836 837 838 839 840 841 842 843 844 845 846 847 848 849 850 851 852 853 854 855 856 857 858 859 860 861 862 863 864 -1
814: 1028 -1
815: -1
816: 814 -1
817: 814 -1
818: -1
819: -1
820: -1
821: 822 823 -1
822: 821 823 -1
823: 821 822 -1
824: 829 -1
825: 830 -1
826: -1
827: -1
828: 830 -1
829: 824 -1
830: 825 -1
831: -1
832: 824 -1
833: -1
834: -1
835: -1
836: 837 -1
837: -1
838: -1
839: -1
840: -1
841: -1
842: -1
843: -1
844: -1
845: -1
846: -1
847: -1
848: -1
849: -1
850: -1
851: -1
852: 854 -1
853: -1
854: -1
855: -1
856: -1
857: -1
858: -1
859: -1
860: -1
861: -1
862: -1
863: -1
864: 861 862 863 -1
865: -1
866: -1
867: -1
868: -1
869: 814 815 816 817 818 819 820 821 822 823 824 825 826 827 828 829 830 831 832 833 834 835 836 837 838 839 840 841 842 843 844 845 846 847 848 849 850 851 852 853 854 855 856 857 858 859 860 861 862 863 864 100 870 871 -1
870: -1
871: -1
872: 23 -1
873: 1070 23 1378 -1
874: 23 -1
875: 814 815 816 817 818 819 820 821 822 823 824 825 826 827 828 829 830 831 832 833 834 835 836 837 838 839 840 841 842 843 844 845 846 847 848 849 850 851 852 853 854 855 856 857 858 859 860 861 862 863 864 870 871 -1
876: 736 23 -1
877: 23 9 -1
878: 1974 2342 24 100 1980 2001 -1
879: 1974 126 1551 90 440 39 1400 1721 24 99 1952 77 -1
880: 77 24 -1
881: 1980 24 -1
882: 1980 -1
883: 24 -1
884: 24 -1
885: 100 24 39 -1
886: 24 120 -1
887: 24 90 -1
888: 1974 77 937 90 24 148 39 21 1957 100 1721 -1
889: 24 1974 2342 148 1957 100 -1
890: 24 39 1957 83 2001 -1
891: 2001 24 -1
892: 24 -1
893: 24 -1
894: 90 24 440 1957 1980 2001 100 1974 2609 -1
895: 24 -1
896: 100 25 77 -1
897: 100 25 -1
898: 100 25 77 -1
899: 25 -1
900: 7 25 691 1214 1980 -1
901: 25 7 -1
902: 99 25 1721 833 77 1974 -1
903: 21 7 25 -1
904: 77 440 1001 25 99 -1
905: 25 -1
906: 100 25 -1
907: 25 -1
908: 26 100 -1
909: 814 26 2298 -1
910: -1
911: -1
912: -1
913: -1
914: -1
915: -1
916: -1
917: -1
918: -1
919: 910 -1
920: -1
921: -1
922: -1
923: -1
924: -1
925: -1
926: -1
927: -1
928: -1
929: -1
930: -1
931: -1
932: -1
933: -1
934: -1
935: -1
936: -1
937: -1
938: -1
939: -1
940: -1
941: -1
942: -1
943: 2229 -1
944: -1
945: -1
946: -1
947: 1574 -1
948: -1
949: 1112 -1
950: -1
951: -1
952: -1
953: -1
954: -1
955: -1
956: 969 950 -1
957: -1
958: 1110 -1
959: 954 -1
960: -1
961: -1
962: -1
963: -1
964: -1
965: -1
966: -1
967: -1
968: -1
969: -1
970: -1
971: -1
972: -1
973: -1
974: 778 -1
975: -1
976: -1
977: -1
978: -1
979: -1
980: -1
981: -1
982: -1
983: -1
984: -1
985: -1
986: -1
987: -1
988: 958 1019 1104 926 -1
989: -1
990: -1
991: -1
992: -1
993: -1
994: -1
995: -1
996: -1
997: -1
998: -1
999: 993 -1
1000: -1
1001: -1
1002: -1
1003: -1
1004: 1197 -1
1005: -1
1006: -1
1007: 1015 926 1054 1048 77 -1
1008: -1
1009: -1
1010: -1
1011: -1
1012: 950 1047 1048 -1
1013: 1008 1111 1066 1021 969 1047 954 100 970 1001 914 932 137 1057 -1
1014: -1
1015: 1114 984 1048 926 977 1070 1104 1034 1103 -1
1016: 1104 1028 1032 1017 1041 1033 969 958 962 1015 1066 1013 1048 1114 1054 1110 -1
1017: -1
1018: -1
1019: 1021 969 440 1046 1047 1054 914 1012 1013 -1
1020: 954 1001 937 -1
1021: -1
1022: -1
1023: -1
1024: -1
1025: -1
1026: -1
1027: -1
1028: -1
1029: -1
1030: 2780 -1
1031: 1207 -1
1032: -1
1033: -1
1034: -1
1035: -1
1036: -1
1037: -1
1038: -1
1039: -1
1040: -1
1041: -1
1042: -1
1043: -1
1044: 1046 1047 1033 -1
1045: -1
1046: -1
1047: -1
1048: -1
1049: -1
1050: -1
1051: -1
1052: 2698 97 145 937 -1
1053: 969 1008 440 -1
1054: 1048 1021 1017 -1
1055: -1
1056: -1
1057: -1
1058: -1
1059: -1
1060: -1
1061: -1
1062: -1
1063: -1
1064: -1
1065: -1
1066: -1
1067: -1
1068: -1
1069: -1
1070: -1
1071: 2544 -1
1072: 2544 -1
1073: -1
1074: -1
1075: 1207 -1
1076: 914 -1
1077: -1
1078: 914 -1
1079: 1037 -1
1080: -1
1081: -1
1082: -1
1083: -1
1084: 1087 1038 1110 -1
1085: -1
1086: -1
1087: -1
1088: -1
1089: -1
1090: -1
1091: -1
1092: -1
1093: -1
1094: -1
1095: -1
1096: -1
1097: -1
1098: -1
1099: -1
1100: -1
1101: -1
1102: -1
1103: -1
1104: -1
1105: -1
1106: -1
1107: -1
1108: -1
1109: -1
1110: -1
1111: -1
1112: 1574 -1
1113: -1
1114: -1
1115: 1114 926 -1
1116: -1
1117: -1
1118: -1
1119: -1
1120: -1
1121: -1
1122: -1
1123: -1
1124: -1
1125: 1138 -1
1126: 914 27 -1
1127: 969 949 1019 1054 950 1057 1085 955 27 954 -1
1128: 27 918 1974 90 -1
1129: 1048 -1
1130: 970 1057 958 1054 994 969 926 1070 914 917 912 27 1108 971 1114 1015 1110 1009 -1
1131: 1017 914 1054 27 -1
1132: 976 1056 27 -1
1133: 1001 914 27 -1
1134: 27 914 -1
1135: 27 1015 914 1032 1029 -1
1136: 962 965 969 1085 27 1013 -1
1137: 969 962 954 1001 1008 1019 926 1070 1057 958 957 -1
1138: 1373 27 1019 -1
1139: 958 954 962 1046 1009 1017 27 90 1001 914 1056 1057 -1
1140: 1373 27 -1
1141: 27 953 -1
1142: 1032 1033 1029 27 -1
1143: 1009 27 -1
1144: 1019 958 27 914 -1
1145: 27 -1
1146: 1017 1019 1013 1047 27 -1
1147: 27 -1
1148: 27 -1
1149: 27 -1
1150: 2362 1029 814 1033 27 90 77 240 -1
1151: 100 27 -1
1152: 27 1167 -1
1153: 1149 -1
1154: 1015 1114 1070 1048 27 1087 969 957 962 956 1014 1047 1017 1019 21 983 949 926 929 2609 1065 1033 1034 1104 1029 1088 1013 1026 1032 1116 -1
1155: 77 1054 962 27 -1
1156: 1104 926 814 -1
1157: 27 -1
1158: 1019 27 950 958 954 -1
1159: 27 -1
1160: 932 27 926 1062 1065 440 1980 1087 100 39 2 1105 1104 1032 1033 1029 814 1116 1036 -1
1161: 1008 1009 1980 1096 1070 1001 1019 914 27 814 1032 1029 -1
1162: 27 -1
1163: 27 1048 -1
1164: 27 -1
1165: 1008 1009 1980 1096 1070 1001 938 1019 914 27 814 1032 1029 -1
1166: 1015 1114 1048 27 969 957 956 1014 1047 1017 1019 983 949 926 929 1104 1033 1029 1088 1013 1026 1032 1116 -1
1167: 27 -1
1168: 914 27 -1
1169: 910 -1
1170: 1373 27 -1
1171: 1053 1014 1008 1013 27 1047 954 1019 1017 950 1048 -1
1172: 23 1029 1033 -1
1173: 28 126 -1
1174: 2015 28 1952 -1
1175: 440 28 100 937 1974 126 -1
1176: 126 -1
1177: 23 1975 1972 28 111 -1
1178: 28 -1
1179: 126 1032 440 100 214 1952 90 1980 2417 28 1974 77 -1
1180: 39 90 1400 1001 99 1183 28 1696 -1
1181: 126 28 -1
1182: 1974 28 1326 -1
1183: 28 -1
1184: 99 100 28 -1
1185: 124 1973 28 2314 -1
1186: 1974 1326 28 440 -1
1187: 28 2417 90 440 148 126 -1
1188: -1
1189: 29 -1
1190: 1609 1616 1617 -1
1191: -1
1192: -1
1193: -1
1194: 47 -1
1195: -1
1196: -1
1197: -1
1198: 1189 -1
1199: 1194 1188 1189 -1
1200: 1400 1197 -1
1201: 1189 -1
1202: 1189 -1
1203: 1189 -1
1204: 1189 -1
1205: 88 147 31 29 133 54 1206 -1
1206: 31 29 88 54 147 133 -1
1207: -1
1208: -1
1209: -1
1210: 1220 -1
1211: -1
1212: -1
1213: 1211 1212 -1
1214: 100 7 937 30 440 1986 -1
1215: 30 -1
1216: 30 1986 -1
1217: 21 440 7 30 -1
1218: 7 30 -1
1219: 1029 1033 1032 -1
1220: 1209 -1
1221: 1222 -1
1222: 31 -1
1223: 31 -1
1224: 1222 -1
1225: 31 2270 2606 2604 496 -1
1226: 31 1222 77 -1
1227: 32 -1
1228: 1274 1276 1240 -1
1229: 1276 1240 -1
1230: -1
1231: 1276 1240 -1
1232: 1276 1240 -1
1233: 1276 1240 -1
1234: 1276 1240 -1
1235: 1276 1240 -1
1236: 1276 1240 -1
1237: 1276 1240 -1
1238: 1274 1276 1240 -1
1239: 1276 1240 -1
1240: 1241 1275 1281 1282 1283 -1
1241: 1240 1227 1274 1276 -1
1242: 1274 1276 1240 -1
1243: 1274 1276 1240 -1
1244: 1276 1240 -1
1245: 1274 1276 1240 -1
1246: 1276 1240 -1
1247: 1274 1276 1240 -1
1248: 1274 1276 1240 -1
1249: 1274 1276 1240 -1
1250: 1276 1240 -1
1251: 32 1233 1276 1277 1241 1275 1281 1282 1283 1240 -1
1252: 1274 1276 1240 -1
1253: 1274 1276 1240 -1
1254: 1276 1240 -1
1255: 1274 1276 1240 -1
1256: 32 1233 1276 1277 1241 1275 1281 1282 1283 1240 -1
1257: 1276 1240 -1
1258: 1276 1240 -1
1259: 1276 1240 -1
1260: 1276 1240 -1
1261: 1276 1240 -1
1262: 1276 1240 -1
1263: 1276 1240 -1
1264: 1240 1276 -1
1265: 1274 1276 1240 -1
1266: 1274 1276 1240 -1
1267: 1274 1276 1240 -1
1268: 1274 1276 1240 -1
1269: 1274 1276 1240 -1
1270: 1276 1240 -1
1271: 1276 1283 1240 -1
1272: 1274 1276 1240 -1
1273: 1276 1240 -1
1274: -1
1275: 1276 1240 -1
1276: -1
1277: 1276 1240 -1
1278: 1240 1227 1274 1276 -1
1279: 1276 1240 -1
1280: 1276 1240 -1
1281: 1240 1276 -1
1282: 1276 1240 -1
1283: 1276 1240 -1
1284: 1008 32 -1
1285: 1276 1240 -1
1286: 32 -1
1287: 32 814 -1
1288: 32 -1
1289: 77 1969 1980 -1
1290: 1274 1276 1240 -1
1291: 1274 1276 1240 -1
1292: 32 -1
1293: 32 -1
1294: 32 -1
1295: 32 -1
1296: 32 -1
1297: 1240 1276 -1
1298: 1274 1276 1240 -1
1299: 1276 1240 -1
1300: 1276 1240 -1
1301: 77 -1
1302: 1276 1240 -1
1303: 32 1275 1283 1240 -1
1304: 32 -1
1305: 32 -1
1306: 32 -1
1307: 32 -1
1308: 32 -1
1309: 32 -1
1310: 1276 1240 -1
1311: 32 -1
1312: 1274 1276 1240 -1
1313: 1276 1240 -1
1314: 1271 1274 1276 1240 -1
1315: 1271 1274 1276 1240 -1
1316: 1276 1240 -1
1317: 32 -1
1318: 1240 1276 -1
1319: 1274 1276 1240 -1
1320: 1274 1276 1240 -1
1321: 32 1034 77 1980 -1
1322: 32 -1
1323: -1
1324: 1345 49 1340 33 -1
1325: -1
1326: -1
1327: 33 -1
1328: 33 -1
1329: 1323 -1
1330: 33 -1
1331: 33 -1
1332: 1324 -1
1333: 2010 -1
1334: 126 11 90 833 1400 1974 100 937 110 1865 440 39 1524 48 2229 1721 1980 2609 77 4 33 137 148 1008 458 359 -1
1335: 1612 33 -1
1336: 33 -1
1337: 33 -1
1338: 1340 -1
1339: 2609 33 1711 2457 -1
1340: 33 -1
1341: 33 -1
1342: 148 33 -1
1343: 1340 33 -1
1344: 1323 1546 359 -1
1345: -1
1346: 148 33 -1
1347: 1323 -1
1348: -1
1349: -1
1350: 1008 35 660 -1
1351: 1353 35 1974 1008 1612 2544 2457 1032 1980 24 -1
1352: 2417 1353 35 1528 1028 -1
1353: -1
1354: 126 1640 1008 21 1969 35 663 11 90 110 -1
1355: 35 663 -1
1356: 35 -1
1357: -1
1358: 1371 -1
1359: 1372 -1
1360: 1372 -1
1361: 1371 1368 1372 -1
1362: 1368 1371 1372 -1
1363: 1034 -1
1364: -1
1365: 1371 -1
1366: -1
1367: -1
1368: -1
1369: -1
1370: 814 815 816 817 818 819 820 821 822 823 824 825 826 827 828 829 830 831 832 833 834 835 836 837 838 839 840 841 842 843 844 845 846 847 848 849 850 851 852 853 854 855 856 857 858 859 860 861 862 863 864 36 870 871 -1
1371: -1
1372: 36 -1
1373: -1
1374: 1375 -1
1375: -1
1376: 814 815 816 817 818 819 820 821 822 823 824 825 826 827 828 829 830 831 832 833 834 835 836 837 838 839 840 841 842 843 844 845 846 847 848 849 850 851 852 853 854 855 856 857 858 859 860 861 862 863 864 2278 2283 2275 2277 36 2276 2282 2281 2279 870 871 -1
1377: 1197 -1
1378: 1510 -1
1379: 126 37 -1
1380: 37 2684 -1
1381: 37 2684 -1
1382: 0 165 776 37 189 1675 -1
1383: 776 94 90 37 2372 113 64 137 0 165 189 -1
1384: 1510 1378 -1
1385: 38 -1
1386: 440 39 -1
1387: 126 2342 1952 77 39 1980 2417 1974 440 1476 937 1400 99 90 2001 -1
1388: 926 -1
1389: 126 1391 39 -1
1390: 937 126 1974 90 2417 2001 440 148 1476 2342 100 39 1952 -1
1391: -1
1392: 1400 1974 39 -1
1393: 1008 39 -1
1394: 39 -1
1395: 39 -1
1396: 1400 -1
1397: 1952 1008 100 -1
1398: 40 1412 -1
1399: 40 -1
1400: 40 -1
1401: 124 40 -1
1402: 2609 40 1974 1032 2348 2684 1476 1980 1008 77 839 -1
1403: 40 -1
1404: 124 40 -1
1405: 40 124 -1
1406: 40 -1
1407: 40 -1
1408: 40 77 1412 126 -1
1409: 40 1412 -1
1410: 40 -1
1411: 40 -1
1412: 40 -1
1413: 40 -1
1414: 40 -1
1415: 40 -1
1416: 40 1721 77 -1
1417: -1
1418: 90 126 100 41 -1
1419: 1974 41 126 -1
1420: 41 926 -1
1421: 1974 126 41 100 -1
1422: 41 1980 -1
1423: 126 99 41 1721 -1
1424: 833 41 -1
1425: 100 126 90 41 1721 745 1974 99 -1
1426: 833 440 1974 41 90 -1
1427: 440 1400 148 100 937 1974 21 126 41 -1
1428: -1
1429: 43 -1
1430: 833 43 1974 -1
1431: 43 77 -1
1432: 1428 -1
1433: 1428 -1
1434: 77 43 -1
1435: 1400 440 1980 1969 77 43 833 1982 2 21 1769 -1
1436: 43 -1
1437: 1428 -1
1438: 1428 -1
1439: 1784 -1
1440: 1980 43 1400 -1
1441: 77 1400 440 21 1980 937 43 1952 2 39 -1
1442: 43 77 1980 -1
1443: 1980 77 1029 1033 1032 43 926 -1
1444: 43 -1
1445: 1980 43 77 -1
1446: 43 833 -1
1447: 1428 -1
1448: 1428 -1
1449: 1428 -1
1450: 1980 43 1982 77 21 1062 -1
1451: 43 833 -1
1452: 1001 1034 926 1980 43 2698 25 -1
1453: 43 -1
1454: 43 -1
1455: 1400 43 1980 1952 77 2 148 39 21 -1
1456: 43 77 440 -1
1457: 1400 1980 43 1982 -1
1458: 43 1980 2187 -1
1459: 1400 1980 43 77 -1
1460: 43 833 77 -1
1461: 43 833 681 -1
1462: 1400 43 77 1980 1982 21 -1
1463: 43 -1
1464: 43 1969 -1
1465: 43 -1
1466: 1428 -1
1467: 1980 43 77 1400 -1
1468: 43 -1
1469: 77 43 1980 -1
1470: 833 43 -1
1471: 43 1029 814 1032 -1
1472: 43 -1
1473: 43 833 -1
1474: 43 -1
1475: 99 833 43 1008 1025 1029 814 1026 1033 1032 -1
1476: -1
1477: 728 -1
1478: 745 746 747 748 749 -1
1479: 2201 2200 -1
1480: -1
1481: -1
1482: -1
1483: -1
1484: -1
1485: -1
1486: -1
1487: 468 1481 -1
1488: 1974 -1
1489: 4 661 -1
1490: -1
1491: -1
1492: -1
1493: -1
1494: -1
1495: -1
1496: -1
1497: -1
1498: -1
1499: -1
1500: 1490 1491 1492 1493 1494 1495 1496 1497 1498 1499 -1
1501: 1490 1491 1492 1493 1494 1495 1496 1497 1498 1499 -1
1502: 1490 1491 1492 1493 1494 1495 1496 1497 1498 1499 -1
1503: 1490 1491 1492 1493 1494 1495 1496 1497 1498 1499 -1
1504: 46 932 1326 1994 -1
1505: 4 46 -1
1506: 2 46 -1
1507: 1490 1491 1492 1493 1494 1495 1496 1497 1498 1499 -1
1508: 2417 4 100 11 46 126 440 1974 -1
1509: 46 2011 -1
1510: -1
1511: -1
1512: 47 -1
1513: -1
1514: -1
1515: -1
1516: -1
1517: 48 -1
1518: 661 48 1008 -1
1519: 107 4 90 661 81 1524 11 48 126 -1
1520: 1935 1711 1476 48 2201 -1
1521: 48 -1
1522: 2544 11 48 -1
1523: 48 -1
1524: 1194 48 1373 -1
1525: 48 -1
1526: 48 -1
1527: 48 11 440 -1
1528: 48 -1
1529: 48 -1
1530: 1377 814 2348 1033 11 2001 2 48 2605 2457 2609 1087 1091 -1
1531: 48 441 2204 359 -1
1532: 2 21 833 1400 77 1980 2229 48 11 -1
1533: 11 1400 48 -1
1534: 126 90 1980 2342 2703 48 2417 2104 2544 -1
1535: 48 -1
1536: 48 833 -1
1537: 77 90 11 48 1980 -1
1538: 48 -1
1539: 2 126 48 154 1540 2000 1916 440 -1
1540: 48 -1
1541: 833 77 48 -1
1542: 11 48 2036 1946 -1
1543: 21 65 4 11 661 126 48 1849 -1
1544: 48 -1
1545: 1490 1491 1492 1493 1494 1495 1496 1497 1498 1499 -1
1546: -1
1547: 1400 -1
1548: 2609 833 49 1969 -1
1549: 1980 -1
1550: 1400 -1
1551: -1
1552: -1
1553: -1
1554: -1
1555: -1
1556: 1721 50 -1
1557: 397 1554 -1
1558: 1965 397 -1
1559: 397 1554 -1
1560: 397 1554 -1
1561: 397 1554 -1
1562: 1551 397 1554 -1
1563: 397 1554 -1
1564: 1721 50 -1
1565: -1
1566: 51 1568 -1
1567: 1008 1952 2014 1980 1001 77 51 1974 -1
1568: 51 -1
1569: 1008 1974 96 148 45 90 1400 833 145 77 937 51 100 1952 -1
1570: 51 137 -1
1571: 1400 77 51 1573 -1
1572: 51 1952 -1
1573: 51 -1
1574: -1
1575: 165 -1
1576: 165 -1
1577: 165 -1
1578: 165 -1
1579: 178 165 -1
1580: 165 -1
1581: 178 165 -1
1582: 165 -1
1583: 165 -1
1584: 165 -1
1585: 165 -1
1586: 178 165 -1
1587: 2229 165 53 1531 814 -1
1588: 53 0 2630 -1
1589: 178 165 -1
1590: 178 165 -1
1591: 165 -1
1592: 165 -1
1593: 165 -1
1594: 178 165 -1
1595: 165 -1
1596: 178 165 -1
1597: 165 -1
1598: 53 -1
1599: -1
1600: 1609 1616 1617 -1
1601: 1609 1616 1617 -1
1602: 1609 1616 1617 -1
1603: 1609 1616 1617 -1
1604: 1609 1616 1617 -1
1605: 1609 1616 1617 -1
1606: 1609 1616 1617 -1
1607: 1609 1616 -1
1608: 1609 1616 1617 -1
1609: 1599 -1
1610: 1609 1616 1617 -1
1611: 1609 1616 1617 -1
1612: -1
1613: 1609 1616 1617 -1
1614: 1609 1616 1617 -1
1615: 1609 2596 53 150 0 8 118 85 148 47 1616 1617 -1
1616: -1
1617: -1
1618: 1609 1616 1617 -1
1619: 1609 1616 1617 -1
1620: 1609 1616 1617 -1
1621: 1609 1616 1617 -1
1622: 1609 1616 1617 -1
1623: 1609 1616 1617 -1
1624: 1609 1616 1617 -1
1625: 1609 1616 1617 -1
1626: -1
1627: 1609 1616 1617 -1
1628: 2348 55 -1
1629: -1
1630: 56 1629 115 -1
1631: 56 1629 -1
1632: 1629 -1
1633: 56 1629 -1
1634: 56 1637 -1
1635: 56 1629 -1
1636: 56 1629 -1
1637: 56 -1
1638: 1637 1629 -1
1639: -1
1640: 1574 -1
1641: 661 -1
1642: 926 59 1476 -1
1643: -1
1644: 60 -1
1645: 60 1994 1655 -1
1646: 60 1994 1655 -1
1647: 60 1643 1659 -1
1648: 60 -1
1649: 1952 214 1326 39 1962 1945 311 1974 2012 2 1992 9 2003 1922 1998 937 -1
1650: 1922 -1
1651: 1326 1400 60 -1
1652: 1032 1029 814 1105 1103 1612 2609 1062 2015 1994 60 943 -1
1653: 2015 735 1400 60 1326 1651 -1
1654: 2 -1
1655: 60 -1
1656: 60 1643 1994 1655 -1
1657: 60 1994 -1
1658: 60 -1
1659: -1
1660: -1
1661: 745 746 747 748 749 -1
1662: 745 746 747 748 749 -1
1663: 61 -1
1664: 2356 61 -1
1665: 61 1197 -1
1666: 814 1028 1029 1062 1032 1375 1087 2609 61 -1
1667: 468 61 -1
1668: -1
1669: 62 -1
1670: -1
1671: -1
1672: -1
1673: -1
1674: -1
1675: -1
1676: 64 -1
1677: 64 -1
1678: 137 8 90 64 -1
1679: 140 148 113 64 -1
1680: 2206 17 2242 90 214 31 64 -1
1681: 64 -1
1682: 1721 1688 -1
1683: 778 1032 11 1980 65 -1
1684: 2201 662 65 1476 468 926 1033 -1
1685: 126 1956 1980 1039 1038 1037 2 2609 2740 1087 975 1036 100 937 65 926 1062 932 1116 1008 1029 1028 1026 1022 1033 1032 -1
1686: 65 11 -1
1687: 21 65 -1
1688: 65 -1
1689: 1038 65 11 -1
1690: 1476 2201 65 77 937 -1
1691: 65 -1
1692: 65 -1
1693: 65 100 -1
1694: 11 65 -1
1695: 65 -1
1696: -1
1697: 66 1706 -1
1698: 66 100 -1
1699: 2417 90 66 937 2229 126 -1
1700: 66 1696 -1
1701: 66 1696 1706 -1
1702: 66 -1
1703: 66 -1
1704: 1696 -1
1705: 440 66 -1
1706: 1696 66 -1
1707: -1
1708: 1707 1755 -1
1709: 1707 1755 -1
1710: -1
1711: 1707 1755 -1
1712: 1708 1709 1710 1711 1721 1722 1726 1747 1748 1749 1750 1751 1752 1753 1754 1755 -1
1713: 1708 1709 1710 1711 1721 1722 1726 1747 1748 1749 1750 1751 1752 1753 1754 1755 -1
1714: 1708 1709 1710 1711 1721 1722 1726 1747 1748 1749 1750 1751 1752 1753 1754 1755 -1
1715: 1708 1709 1710 1711 1721 1722 1726 1747 1748 1749 1750 1751 1752 1753 1754 1755 -1
1716: 1708 1709 1710 1711 1721 1722 1726 1747 1748 1749 1750 1751 1752 1753 1754 1755 -1
1717: 1708 1709 1710 1711 1721 1722 1726 1747 1748 1749 1750 1751 1752 1753 1754 1755 -1
1718: 1708 1709 1710 1711 1721 1722 1726 1747 1748 1749 1750 1751 1752 1753 1754 1755 -1
1719: 1708 1709 1710 1711 1721 1722 1726 1747 1748 1749 1750 1751 1752 1753 1754 1755 -1
1720: 1755 -1
1721: -1
1722: -1
1723: 1708 1709 1710 1711 1747 1748 1749 1750 1751 1752 1753 1754 1755 -1
1724: 1755 -1
1725: 1755 -1
1726: 1707 1755 -1
1727: -1
1728: 1708 1709 1710 1711 1721 1722 1726 1747 1748 1749 1750 1751 1752 1753 1754 1755 -1
1729: 1755 -1
1730: 1755 -1
1731: 1708 1709 1710 1711 1721 1722 1726 1747 1748 1749 1750 1751 1752 1753 1754 1755 -1
1732: 1755 -1
1733: 1708 1709 1710 1711 1721 1722 1726 1747 1748 1749 1750 1751 1752 1753 1754 1755 -1
1734: 1755 -1
1735: 1755 -1
1736: 1708 1709 1710 1711 1721 1722 1726 1747 1748 1749 1750 1751 1752 1753 1754 1755 -1
1737: 1755 -1
1738: 1708 1709 1710 1711 1721 1722 1726 1747 1748 1749 1750 1751 1752 1753 1754 1755 -1
1739: 1755 -1
1740: 1708 1709 1710 1711 1721 1722 1726 1747 1748 1749 1750 1751 1752 1753 1754 1755 -1
1741: 1755 -1
1742: 1708 1709 1710 1711 1721 1722 1726 1747 1748 1749 1750 1751 1752 1753 1754 1755 -1
1743: 1755 -1
1744: 1708 1709 1710 1711 1721 1722 1726 1747 1748 1749 1750 1751 1752 1753 1754 1755 -1
1745: 1755 -1
1746: 1755 -1
1747: 1707 1755 -1
1748: 1707 1755 -1
1749: 1707 1755 -1
1750: -1
1751: -1
1752: -1
1753: 1707 1755 -1
1754: 1707 1755 -1
1755: -1
1756: 99 67 -1
1757: 96 90 148 97 440 1721 77 1974 126 1400 137 21 2417 100 1865 1527 937 99 214 1524 67 2342 1969 1551 2001 -1
1758: 2611 -1
1759: -1
1760: -1
1761: -1
1762: -1
1763: -1
1764: 69 4 677 46 -1
1765: -1
1766: -1
1767: 1490 1491 1492 1493 1494 1495 1496 1497 1498 1499 -1
1768: 1490 1491 1492 1493 1494 1495 1496 1497 1498 1499 -1
1769: -1
1770: -1
1771: -1
1772: -1
1773: -1
1774: -1
1775: -1
1776: -1
1777: -1
1778: -1
1779: 1759 1780 90 -1
1780: 1759 1779 -1
1781: 1759 1779 69 -1
1782: 1759 69 1779 -1
1783: 1759 -1
1784: -1
1785: 1784 -1
1786: 126 2417 90 107 70 753 468 1683 1008 100 2212 1787 -1
1787: 1008 468 2212 100 1683 107 90 753 70 126 2417 -1
1788: 1789 -1
1789: -1
1790: 1789 -1
1791: 1789 -1
1792: 1789 -1
1793: 1789 -1
1794: 1789 -1
1795: 1789 -1
1796: 1789 -1
1797: 1789 -1
1798: 2457 -1
1799: 1789 -1
1800: 1789 -1
1801: 1789 -1
1802: 1789 -1
1803: 1789 -1
1804: 1789 -1
1805: 1789 -1
1806: 1789 -1
1807: 1789 -1
1808: 71 0 90 -1
1809: 1789 -1
1810: -1
1811: -1
1812: -1
1813: -1
1814: -1
1815: 1811 -1
1816: 72 1810 -1
1817: 72 -1
1818: 72 1814 -1
1819: 72 1827 1574 1565 -1
1820: 1810 72 -1
1821: 72 -1
1822: 72 -1
1823: 1817 -1
1824: 72 -1
1825: 1814 1810 72 -1
1826: 1810 72 -1
1827: -1
1828: 937 72 -1
1829: 72 21 -1
1830: 1974 1400 72 -1
1831: 1810 72 1400 126 -1
1832: 1810 72 1400 126 -1
1833: 72 -1
1834: 1810 72 -1
1835: 72 -1
1836: -1
1837: 74 -1
1838: 2201 1527 84 107 90 74 -1
1839: 2201 107 1527 90 74 84 1838 -1
1840: 75 -1
1841: 75 -1
1842: 90 76 64 -1
1843: -1
1844: 77 -1
1845: 77 -1
1846: 2363 77 -1
1847: 78 -1
1848: -1
1849: -1
1850: -1
1851: 1855 -1
1852: -1
1853: -1
1854: -1
1855: -1
1856: -1
1857: -1
1858: -1
1859: 90 79 1860 -1
1860: 90 79 -1
1861: -1
1862: -1
1863: -1
1864: -1
1865: -1
1866: -1
1867: 1863 -1
1868: 81 -1
1869: 83 441 1531 81 4 1527 11 297 2754 2753 -1
1870: 1863 1864 -1
1871: 81 -1
1872: 359 81 11 757 -1
1873: 1353 81 -1
1874: 1640 81 1505 -1
1875: 1194 81 -1
1876: 2168 -1
1877: 11 81 -1
1878: 148 661 81 11 -1
1879: 81 1865 1866 -1
1880: 11 81 126 -1
1881: 126 77 1974 81 1008 -1
1882: 1008 -1
1883: 1863 -1
1884: 1969 11 81 -1
1885: 4 87 11 81 -1
1886: 100 126 2376 81 2449 2450 -1
1887: 81 -1
1888: 81 -1
1889: 82 -1
1890: 82 -1
1891: 82 126 1974 -1
1892: 82 1893 -1
1893: -1
1894: 82 937 -1
1895: 126 1974 82 1891 -1
1896: 82 -1
1897: 82 -1
1898: 82 -1
1899: 82 -1
1900: -1
1901: -1
1902: -1
1903: -1
1904: 1490 1491 1492 1493 1494 1495 1496 1497 1498 1499 -1
1905: 1903 -1
1906: -1
1907: -1
1908: -1
1909: -1
1910: -1
1911: -1
1912: 359 -1
1913: -1
1914: -1
1915: -1
1916: -1
1917: -1
1918: -1
1919: 12 -1
1920: -1
1921: -1
1922: 311 -1
1923: -1
1924: -1
1925: -1
1926: -1
1927: -1
1928: -1
1929: -1
1930: -1
1931: -1
1932: -1
1933: -1
1934: -1
1935: -1
1936: -1
1937: -1
1938: -1
1939: -1
1940: -1
1941: -1
1942: -1
1943: -1
1944: -1
1945: -1
1946: 359 440 814 367 1926 -1
1947: -1
1948: -1
1949: -1
1950: 23 -1
1951: 4 440 -1
1952: -1
1953: -1
1954: -1
1955: -1
1956: -1
1957: -1
1958: -1
1959: -1
1960: -1
1961: -1
1962: -1
1963: -1
1964: -1
1965: -1
1966: 4 1917 1915 -1
1967: -1
1968: 23 -1
1969: -1
1970: -1
1971: -1
1972: -1
1973: -1
1974: -1
1975: -1
1976: 23 -1
1977: 23 -1
1978: 23 -1
1979: -1
1980: -1
1981: -1
1982: -1
1983: -1
1984: 4 23 -1
1985: -1
1986: -1
1987: -1
1988: -1
1989: -1
1990: -1
1991: -1
1992: -1
1993: -1
1994: -1
1995: -1
1996: -1
1997: -1
1998: -1
1999: -1
2000: -1
2001: -1
2002: -1
2003: -1
2004: -1
2005: -1
2006: -1
2007: -1
2008: -1
2009: -1
2010: -1
2011: -1
2012: -1
2013: -1
2014: 2015 1565 -1
2015: -1
2016: 83 2754 -1
2017: 83 -1
2018: 83 2754 -1
2019: 83 2754 -1
2020: 83 -1
2021: 83 440 4 87 -1
2022: 83 2754 -1
2023: 83 2754 -1
2024: 83 440 2754 -1
2025: 83 2754 -1
2026: 83 2457 2754 -1
2027: 83 2754 -1
2028: 83 -1
2029: 83 -1
2030: 440 83 2725 252 2754 2759 2750 1524 -1
2031: 83 -1
2032: 83 -1
2033: 83 440 1946 -1
2034: 83 661 2754 -1
2035: 83 2754 -1
2036: 83 -1
2037: 83 2754 -1
2038: 83 87 440 -1
2039: 83 1400 1980 -1
2040: 83 1527 723 1869 267 1641 11 607 1524 1787 721 -1
2041: 83 -1
2042: 83 2754 2759 2750 -1
2043: 83 -1
2044: 83 440 -1
2045: 83 -1
2046: 83 440 661 100 4 -1
2047: -1
2048: 660 84 -1
2049: 85 -1
2050: 0 85 -1
2051: 85 -1
2052: 1974 937 1952 39 1400 86 126 926 -1
2053: 86 -1
2054: 1964 -1
2055: 87 -1
2056: 4 440 87 441 1900 397 -1
2057: 87 -1
2058: 87 111 -1
2059: 87 -1
2060: 87 1961 4 158 -1
2061: 87 -1
2062: 87 -1
2063: 87 -1
2064: 87 -1
2065: 87 -1
2066: 87 -1
2067: 87 359 -1
2068: 87 -1
2069: 2012 1994 87 -1
2070: 178 165 -1
2071: -1
2072: -1
2073: 178 165 -1
2074: 1609 1616 1617 -1
2075: 1609 1616 1617 -1
2076: 1609 1616 1617 -1
2077: -1
2078: 2070 2071 2072 2073 2074 2075 2076 2077 218 -1
2079: 2070 2071 2072 2073 2074 2075 2076 2077 218 -1
2080: 2070 2071 2072 2073 2074 2075 2076 2077 218 -1
2081: 2070 2071 2072 2073 2074 2075 2076 2077 218 -1
2082: 2070 2071 2072 2073 2074 2075 2076 2077 218 -1
2083: 2070 2071 2072 2073 2074 2075 2076 2077 218 -1
2084: 2070 2071 2072 2073 2074 2075 2076 2077 218 -1
2085: 2070 2071 2072 2073 2074 2075 2076 2077 218 -1
2086: 2070 2071 2072 2073 2074 2075 2076 2077 218 -1
2087: 2070 2071 2072 2073 2074 2075 2076 2077 218 -1
2088: 2070 2071 2072 2073 2074 2075 2076 2077 218 -1
2089: 2070 2071 2072 2073 2074 2075 2076 2077 218 -1
2090: 2070 2071 2072 2073 2074 2075 2076 2077 218 -1
2091: 2070 2071 2072 2073 2074 2075 2076 2077 218 -1
2092: 2070 2071 2072 2073 2074 2075 2076 2077 218 -1
2093: 2070 2071 2072 2073 2074 2075 2076 2077 218 -1
2094: 2070 2071 2072 2073 2074 2075 2076 2077 218 -1
2095: 2070 2071 2072 2073 2074 2075 2076 2077 218 -1
2096: 2070 2071 2072 2073 2074 2075 2076 2077 218 -1
2097: 2070 2071 2072 2073 2074 2075 2076 2077 218 -1
2098: 2070 2071 2072 2073 2074 2075 2076 2077 218 -1
2099: 2070 2071 2072 2073 2074 2075 2076 2077 218 -1
2100: 2070 2071 2072 2073 2074 2075 2076 2077 218 -1
2101: 2070 2071 2072 2073 2074 2075 2076 2077 218 -1
2102: 2070 2071 2072 2073 2074 2075 2076 2077 218 -1
2103: 2070 2071 2072 2073 2074 2075 2076 2077 218 -1
2104: -1
2105: 89 -1
2106: -1
2107: 8 -1
2108: 511 -1
2109: -1
2110: -1
2111: -1
2112: 91 -1
2113: 91 -1
2114: 91 -1
2115: 91 2111 -1
2116: 1836 -1
2117: 1836 -1
2118: 92 -1
2119: 92 -1
2120: 93 -1
2121: -1
2122: 94 -1
2123: 94 1675 -1
2124: 2457 95 1612 2609 -1
2125: -1
2126: 937 1974 100 137 136 96 1022 -1
2127: -1
2128: 98 -1
2129: 90 98 -1
2130: 1974 90 440 -1
2131: 1721 -1
2132: 440 1974 1721 90 99 77 1400 21 -1
2133: 21 1400 99 2417 1974 -1
2134: 99 -1
2135: 126 937 99 21 100 -1
2136: -1
2137: 1708 1709 1710 1711 99 1722 1726 1747 1748 1749 1750 1751 1752 1753 1754 1755 -1
2138: 1708 1709 1710 1711 100 1722 1726 1747 1748 1749 1750 1751 1752 1753 1754 1755 -1
2139: 1708 1709 1710 1711 100 1722 1726 1747 1748 1749 1750 1751 1752 1753 1754 1755 -1
2140: 1708 1709 1710 1711 100 1722 1726 1747 1748 1749 1750 1751 1752 1753 1754 1755 -1
2141: 1708 1709 1710 1711 100 1722 1726 1747 1748 1749 1750 1751 1752 1753 1754 1755 -1
2142: 1708 1709 1710 1711 100 1722 1726 1747 1748 1749 1750 1751 1752 1753 1754 1755 -1
2143: 1708 1709 1710 1711 100 1722 1726 1747 1748 1749 1750 1751 1752 1753 1754 1755 -1
2144: 1708 1709 1710 1711 100 1722 1726 1747 1748 1749 1750 1751 1752 1753 1754 1755 -1
2145: 1708 1709 1710 1711 100 1722 1726 1747 1748 1749 1750 1751 1752 1753 1754 1755 -1
2146: 1755 -1
2147: 1755 -1
2148: 1708 1709 1710 1711 100 1722 1726 1747 1748 1749 1750 1751 1752 1753 1754 1755 -1
2149: 1755 -1
2150: 1755 -1
2151: 1708 1709 1710 1711 100 1722 1726 1747 1748 1749 1750 1751 1752 1753 1754 1755 -1
2152: 1755 -1
2153: 1708 1709 1710 1711 100 1722 1726 1747 1748 1749 1750 1751 1752 1753 1754 1755 -1
2154: 1755 -1
2155: 100 1400 -1
2156: 100 1400 -1
2157: 100 1400 77 1980 -1
2158: 100 1400 -1
2159: 100 1400 -1
2160: 100 1400 -1
2161: 21 1400 99 1721 100 -1
2162: 440 77 1476 1974 83 100 99 137 -1
2163: 100 1400 -1
2164: 1974 126 90 1400 1721 99 100 1952 1476 1943 40 -1
2165: -1
2166: 101 -1
2167: -1
2168: -1
2169: 1378 -1
2170: 102 -1
2171: 102 2170 -1
2172: -1
2173: -1
2174: -1
2175: 1207 -1
2176: -1
2177: 2172 2175 2176 -1
2178: 165 -1
2179: 165 -1
2180: 165 -1
2181: 165 -1
2182: 165 -1
2183: 165 -1
2184: -1
2185: 105 -1
2186: 2202 1982 814 1032 1036 -1
2187: 1375 -1
2188: -1
2189: -1
2190: -1
2191: -1
2192: -1
2193: -1
2194: -1
2195: -1
2196: -1
2197: -1
2198: -1
2199: 32 1227 1228 1229 1230 1231 1232 1233 1240 1241 1246 1244 1255 1256 1258 1264 1271 1272 1273 1274 1275 1276 1277 1278 1279 1280 1281 1282 1283 -1
2200: 745 746 747 2201 748 749 -1
2201: -1
2202: -1
2203: 317 1033 2202 106 2189 -1
2204: -1
2205: 2206 -1
2206: -1
2207: 2206 2269 -1
2208: 0 165 2206 109 2121 -1
2209: 110 -1
2210: 2187 -1
2211: 110 -1
2212: 110 -1
2213: 1974 1969 110 441 4 100 -1
2214: 110 -1
2215: 4 9 661 -1
2216: 359 110 100 1008 148 661 1974 -1
2217: -1
2218: 440 126 111 1986 90 1476 -1
2219: 2217 -1
2220: 23 -1
2221: 2217 -1
2222: 2217 -1
2223: 1915 4 111 -1
2224: 2217 -1
2225: 2217 -1
2226: 2217 -1
2227: 39 77 1935 1943 1974 126 111 937 -1
2228: 39 2697 1721 1974 90 99 1400 937 833 1531 126 1326 111 2003 100 148 1943 -1
2229: -1
2230: 2217 -1
2231: 2217 -1
2232: 937 1943 1952 111 -1
2233: 2236 2238 2239 96 2249 97 57 109 2206 214 2245 2246 2269 2606 1586 743 19 0 -1
2234: 112 2241 38 -1
2235: 112 2241 96 137 -1
2236: 112 96 2241 -1
2237: 112 38 2241 -1
2238: 112 2241 38 -1
2239: 112 2241 38 2244 -1
2240: 2236 2238 2239 -1
2241: -1
2242: -1
2243: -1
2244: -1
2245: -1
2246: -1
2247: 2246 -1
2248: 2236 2238 2239 -1
2249: 112 96 2241 -1
2250: 2236 2238 2239 -1
2251: 112 -1
2252: 2609 136 113 -1
2253: -1
2254: -1
2255: -1
2256: 1637 56 1629 115 -1
2257: 56 1637 1629 115 -1
2258: 126 440 90 116 1974 2263 -1
2259: 1974 2342 1326 116 90 2262 -1
2260: 116 2261 -1
2261: 116 -1
2262: 1326 116 90 2342 1974 -1
2263: 126 1974 90 116 440 -1
2264: 117 -1
2265: -1
2266: 118 -1
2267: -1
2268: 2015 119 2267 -1
2269: -1
2270: -1
2271: -1
2272: -1
2273: -1
2274: -1
2275: -1
2276: -1
2277: -1
2278: -1
2279: -1
2280: -1
2281: -1
2282: -1
2283: -1
2284: -1
2285: -1
2286: -1
2287: -1
2288: -1
2289: -1
2290: -1
2291: -1
2292: -1
2293: -1
2294: -1
2295: -1
2296: -1
2297: 1369 100 1721 90 1361 122 -1
2298: 122 -1
2299: 1400 126 122 214 -1
2300: -1
2301: 124 -1
2302: -1
2303: -1
2304: -1
2305: -1
2306: -1
2307: -1
2308: -1
2309: -1
2310: 1401 -1
2311: 1401 -1
2312: 124 -1
2313: 124 -1
2314: 28 1973 124 -1
2315: 1401 -1
2316: 1412 -1
2317: 1401 -1
2318: 1401 -1
2319: 1401 -1
2320: 1401 -1
2321: 1401 -1
2322: 1401 -1
2323: 1401 -1
2324: 124 -1
2325: 124 -1
2326: 1401 40 -1
2327: -1
2328: -1
2329: -1
2330: -1
2331: -1
2332: -1
2333: -1
2334: 126 11 -1
2335: 126 1974 -1
2336: 126 1640 1008 -1
2337: 359 440 126 90 11 2013 1721 1980 1974 1969 77 1091 -1
2338: 1848 126 -1
2339: 126 11 1969 -1
2340: 126 -1
2341: 932 1682 11 -1
2342: 1357 -1
2343: 1197 -1
2344: 128 -1
2345: -1
2346: -1
2347: -1
2348: -1
2349: -1
2350: -1
2351: -1
2352: 814 -1
2353: 814 2350 2351 -1
2354: 2348 2349 814 2351 -1
2355: 2348 2349 814 1612 -1
2356: -1
2357: 2356 -1
2358: 2356 -1
2359: -1
2360: -1
2361: -1
2362: -1
2363: -1
2364: 129 -1
2365: -1
2366: -1
2367: -1
2368: -1
2369: -1
2370: 2362 -1
2371: -1
2372: 64 1382 -1
2373: -1
2374: -1
2375: -1
2376: -1
2377: 130 2378 -1
2378: -1
2379: 1033 -1
2380: 937 132 -1
2381: 2407 2408 -1
2382: 2385 2403 2406 2404 -1
2383: 2404 -1
2384: 2404 -1
2385: -1
2386: 2385 2403 2404 2405 2406 2407 2408 -1
2387: 2404 -1
2388: 2404 -1
2389: 2404 -1
2390: 2404 1980 -1
2391: 2404 -1
2392: 2404 -1
2393: 2404 -1
2394: 2404 -1
2395: 2404 -1
2396: 2404 -1
2397: 2404 2605 -1
2398: 2404 -1
2399: 2404 -1
2400: 2404 -1
2401: 2404 100 24 126 937 90 2427 -1
2402: 2407 2408 -1
2403: -1
2404: -1
2405: 2406 -1
2406: 1574 1037 2386 -1
2407: -1
2408: -1
2409: 1008 1087 1980 440 -1
2410: 833 -1
2411: 2386 2363 -1
2412: 90 -1
2413: 2385 2403 2406 2404 -1
2414: 440 2386 2382 -1
2415: 937 -1
2416: 2386 -1
2417: -1
2418: 2386 -1
2419: 1673 1574 -1
2420: 2386 -1
2421: 2385 2403 2406 2404 -1
2422: 90 1032 -1
2423: 2386 -1
2424: 90 -1
2425: 136 -1
2426: 2386 -1
2427: 2386 -1
2428: -1
2429: 2428 -1
2430: 2428 -1
2431: 2428 -1
2432: 2428 -1
2433: 2428 -1
2434: 2428 -1
2435: 2428 -1
2436: 2428 -1
2437: 2428 -1
2438: 2428 -1
2439: 2428 -1
2440: 2428 -1
2441: 2428 -1
2442: 2428 -1
2443: 134 1721 -1
2444: 1721 134 2443 -1
2445: 136 -1
2446: 2348 137 -1
2447: 137 -1
2448: 137 -1
2449: -1
2450: 126 -1
2451: 1640 660 -1
2452: 126 -1
2453: -1
2454: 139 -1
2455: -1
2456: -1
2457: -1
2458: 2463 2467 2468 2469 2470 2471 2475 2478 2479 2480 2481 2482 2484 2485 2486 1378 -1
2459: 2463 2467 2468 2469 2470 2471 2475 2478 2479 2480 2481 2482 2484 2485 2486 1378 -1
2460: 2511 2463 2467 2468 2469 2470 2471 1378 -1
2461: 2467 2463 2468 2469 2470 2471 2475 2485 1378 -1
2462: 2499 2463 2467 2468 2469 2470 2471 2475 2478 2479 2480 2481 2482 2484 2485 2486 1378 -1
2463: 2471 -1
2464: 2463 2467 2468 2469 2470 2471 2475 2479 2480 2481 2482 2484 2485 2486 2478 1378 -1
2465: 2467 2468 2469 2470 2471 1378 -1
2466: 2463 2467 2468 2469 2470 2471 2475 2478 2479 2480 2481 2482 2484 2485 2486 1378 -1
2467: -1
2468: -1
2469: 1836 1032 99 -1
2470: 137 1032 77 440 96 -1
2471: -1
2472: 2463 2467 2468 2469 2470 2471 2475 2478 2479 2480 2481 2482 2484 2485 2486 1378 -1
2473: 2463 2471 2467 2468 2469 2470 1378 -1
2474: 2463 2467 2468 2469 2470 2471 1378 -1
2475: 2458 2459 2460 2461 2462 2464 2465 2466 2468 2469 2470 2471 2472 2473 2474 2476 2477 2519 140 2483 2487 -1
2476: 2463 2467 2468 2469 2470 2471 2475 2478 2479 2480 2481 2482 2484 2485 2486 1378 -1
2477: 2463 2467 2468 2469 2470 2471 1378 -1
2478: 2457 148 2458 2459 2460 2461 2462 2464 2465 2466 2468 2469 2470 2471 2472 2473 2474 2476 2477 2483 2487 -1
2479: 2458 2459 2460 2461 2462 2464 2465 2468 2469 2470 2471 2472 2473 2474 2487 -1
2480: 2458 2459 2460 2461 2462 2464 2465 2466 2468 2469 2470 2471 2472 2473 2474 2476 2477 2483 2487 -1
2481: 2458 2459 2460 2461 2462 2464 2465 2468 2469 2470 2471 2472 2473 2474 2476 2477 2483 2487 -1
2482: 2471 2468 2469 2470 -1
2483: 2457 2463 2467 2468 2469 2470 2471 2475 2482 2485 2486 1378 -1
2484: 2459 2460 2461 2465 2468 2469 2470 2471 2472 2473 2474 2487 -1
2485: 2533 2468 2469 2470 2471 -1
2486: 2457 2458 2459 2460 2461 2462 2464 2465 2466 2468 2469 2470 2471 2472 2473 2474 2476 2477 2483 2487 -1
2487: 2463 2467 2468 2469 2470 2471 2475 2479 2480 2481 2482 2484 2485 2486 2478 1378 -1
2488: -1
2489: 2463 2467 2468 2469 2470 2471 2475 2485 2486 1378 -1
2490: 2463 2467 2468 2469 2470 2471 2475 2485 2486 1378 -1
2491: 2463 2467 2468 2469 2470 2471 2475 2485 2486 1378 -1
2492: 2463 2467 2468 2469 2470 2471 2475 2485 2486 1378 -1
2493: 2463 2467 2468 2469 2470 2471 2475 2485 2486 1378 -1
2494: 2463 2467 2468 2469 2470 2471 2475 2485 2486 1378 -1
2495: 2458 2459 2460 2461 2462 2464 2465 2466 2468 2469 2470 2471 2472 2473 2474 2476 2477 2519 140 2483 2487 -1
2496: 2506 2494 2508 2460 2507 2461 2465 2458 2459 2462 2464 2466 2468 2469 2470 2471 2472 2473 2474 2476 2477 2519 140 2483 2487 -1
2497: 2458 2459 2460 2461 2462 2464 2465 2466 2468 2469 2470 2471 2472 2473 2474 2476 2477 2519 140 2483 2487 -1
2498: 2458 2459 2460 2461 2462 2464 2465 2466 2468 2469 2470 2471 2472 2473 2474 2476 2477 2519 140 2483 2487 -1
2499: 2462 2458 2459 2460 2461 2464 2465 2466 2468 2469 2470 2471 2472 2473 2474 2476 2477 2519 140 2483 2487 -1
2500: 2458 2459 2460 2461 2462 2464 2465 2466 2468 2469 2470 2471 2472 2473 2474 2476 2477 2519 140 2483 2487 -1
2501: 2458 2459 2460 2461 2462 2464 2465 2466 2468 2469 2470 2471 2472 2473 2474 2476 2477 2519 140 2483 2487 -1
2502: 2473 2458 2459 2460 2461 2462 2464 2465 2466 2468 2469 2470 2471 2472 2474 2476 2477 2519 140 2483 2487 -1
2503: 2463 2467 2468 2469 2470 2471 2475 2485 2486 1378 -1
2504: 2463 2467 2468 2469 2470 2471 2475 2485 2486 1378 -1
2505: 2463 2467 2468 2469 2470 2471 2475 2485 2486 1378 -1
2506: 2463 2467 2468 2469 2470 2471 2475 2485 2486 1378 -1
2507: 2463 2467 2468 2469 2470 2471 1378 -1
2508: 2463 2467 2468 2469 2470 2471 2475 2485 2486 1378 -1
2509: 2458 2459 2460 2461 2462 2464 2465 2466 2468 2469 2470 2471 2472 2473 2474 2476 2477 2519 140 2483 2487 -1
2510: 2458 2459 2460 2461 2462 2464 2465 2466 2468 2469 2470 2471 2472 2473 2474 2476 2477 2519 140 2483 2487 -1
2511: 2458 2459 2460 2461 2462 2464 2465 2466 2468 2469 2470 2471 2472 2473 2474 2476 2477 2519 140 2483 2487 -1
2512: 2458 2459 2460 2461 2462 2464 2465 2466 2468 2469 2470 2471 2472 2473 2474 2476 2477 2519 140 2483 2487 -1
2513: 2463 2467 2468 2469 2470 2471 2475 2485 2486 1378 -1
2514: 2463 2467 2468 2469 2470 2471 2475 2485 2486 1378 -1
2515: 2463 2467 2468 2469 2470 2471 1378 -1
2516: 2468 2463 2467 2469 2470 2471 2475 2485 1378 -1
2517: 2463 2467 2468 2469 2470 2471 2475 2485 1378 -1
2518: 2463 2467 2468 2469 2470 2471 2475 2485 2486 1378 -1
2519: 2463 2467 2468 2469 2470 2471 1378 -1
2520: 2463 2467 2468 2469 2470 2471 2475 2485 2486 1378 -1
2521: 2463 2467 2468 2469 2470 2471 2475 2485 2486 1378 -1
2522: 2463 2467 2468 2469 2470 2471 2475 2485 2486 1378 -1
2523: 2458 2459 2460 2461 2462 2464 2465 2466 2468 2469 2470 2471 2472 2473 2474 2476 2477 2519 140 2483 2487 -1
2524: 2530 2519 2487 2476 2477 140 2483 2474 2458 2459 2460 2461 2462 2464 2465 2466 2472 2516 2468 2469 2470 2471 -1
2525: 2458 2459 2460 2461 2462 2464 2465 2466 2468 2469 2470 2471 2472 2473 2474 2476 2477 2519 140 2483 2487 -1
2526: 2490 2458 2459 2460 2461 2462 2464 2465 2466 2468 2469 2470 2471 2472 2473 2474 2476 2477 2519 140 2483 2487 -1
2527: 2458 2459 2460 2461 2462 2464 2465 2466 2468 2469 2470 2471 2472 2473 2474 2476 2477 2519 140 2483 2487 -1
2528: 2458 2459 2460 2461 2462 2464 2465 2466 2468 2469 2470 2471 2472 2473 2474 2476 2477 2519 140 2483 2487 -1
2529: 2458 2459 2460 2461 2462 2464 2465 2468 2469 2470 2471 2472 2473 2474 2476 2477 2519 140 2483 2487 -1
2530: 2463 2467 2468 2469 2470 2471 1378 -1
2531: 2463 2467 2468 2469 2470 2471 2475 2485 2486 1378 -1
2532: 2463 2467 2468 2469 2470 2471 2475 2485 2486 1378 -1
2533: 2463 2467 2468 2469 2470 2471 1378 -1
2534: 2463 2467 2468 2469 2470 2471 2475 2485 2486 1378 -1
2535: 142 96 -1
2536: -1
2537: -1
2538: 1988 -1
2539: 144 -1
2540: -1
2541: -1
2542: 2014 146 -1
2543: -1
2544: -1
2545: -1
2546: -1
2547: -1
2548: 2544 2545 2546 2547 -1
2549: 2544 2545 2546 2547 -1
2550: 2544 2545 2546 2547 -1
2551: 2544 2545 2546 2547 -1
2552: 2544 2545 2546 2547 -1
2553: 2544 2545 2546 2547 -1
2554: 2544 2545 2546 2547 -1
2555: 2544 2545 2546 2547 -1
2556: 2544 2545 2546 2547 -1
2557: 2544 2545 2546 2547 -1
2558: 2544 2545 2546 2547 -1
2559: 2544 2545 2546 2547 -1
2560: 2544 2545 2546 2547 -1
2561: 2544 2545 2546 2547 -1
2562: 2544 2545 2546 2547 -1
2563: 2544 2545 2546 2547 -1
2564: 2544 2545 2546 2547 -1
2565: 2544 2545 2546 2547 -1
2566: 2544 2545 2546 2547 -1
2567: 2544 2545 2546 2547 -1
2568: 2544 2545 2546 2547 -1
2569: 2544 2545 2546 2547 -1
2570: 2544 2545 2546 2547 -1
2571: 2544 2545 2546 2547 -1
2572: 2544 2545 2546 2547 -1
2573: 2544 2545 2546 2547 -1
2574: 2544 2545 2546 2547 -1
2575: 2544 2545 2546 2547 -1
2576: 2544 2545 2546 2547 -1
2577: 2544 2545 2546 2547 -1
2578: 2544 2545 2546 2547 -1
2579: 2544 2545 2546 2547 -1
2580: 2544 2545 2546 2547 -1
2581: 2544 2545 2546 2547 -1
2582: 2544 2545 2546 2547 -1
2583: 2544 2545 2546 2547 -1
2584: 2544 2545 2546 2547 -1
2585: 2544 2545 2546 2547 -1
2586: 2544 2545 2546 2547 -1
2587: 2544 2545 2546 2547 -1
2588: 2544 2545 2546 2547 -1
2589: 2544 2545 2546 2547 -1
2590: 2544 2545 2546 2547 -1
2591: 2544 2545 2546 2547 -1
2592: 2544 2545 2546 2547 -1
2593: 2544 2545 2546 2547 -1
2594: 2544 2545 2546 2547 -1
2595: 2544 2545 2546 2547 -1
2596: 2600 2601 0 -1
2597: 2600 2601 0 -1
2598: 2600 2601 0 -1
2599: 2600 2601 0 214 -1
2600: -1
2601: -1
2602: -1
2603: 178 165 -1
2604: -1
2605: -1
2606: -1
2607: -1
2608: 2600 2601 2603 2604 17 214 2605 2606 1862 1586 0 222 2121 -1
2609: 2611 -1
2610: -1
2611: -1
2612: 149 -1
2613: 149 1612 -1
2614: 149 -1
2615: 149 -1
2616: 149 -1
2617: 149 -1
2618: 149 -1
2619: 2356 149 -1
2620: 2356 149 -1
2621: 2356 149 -1
2622: 2356 149 -1
2623: 2356 149 -1
2624: 2356 149 -1
2625: 2356 149 -1
2626: 149 -1
2627: 149 -1
2628: 149 -1
2629: 149 -1
2630: 2611 -1
2631: 2611 -1
2632: 2611 -1
2633: 2611 -1
2634: 2611 -1
2635: 2611 -1
2636: 2611 -1
2637: 2611 -1
2638: 2611 -1
2639: -1
2640: -1
2641: -1
2642: -1
2643: -1
2644: -1
2645: -1
2646: -1
2647: -1
2648: -1
2649: -1
2650: -1
2651: -1
2652: -1
2653: -1
2654: -1
2655: -1
2656: -1
2657: -1
2658: -1
2659: -1
2660: -1
2661: -1
2662: -1
2663: -1
2664: -1
2665: -1
2666: -1
2667: -1
2668: -1
2669: -1
2670: -1
2671: -1
2672: -1
2673: -1
2674: -1
2675: -1
2676: -1
2677: -1
2678: -1
2679: -1
2680: -1
2681: -1
2682: -1
2683: -1
2684: -1
2685: -1
2686: 1612 -1
2687: 1612 -1
2688: 2687 2686 150 2685 -1
2689: -1
2690: 90 661 11 2689 151 1640 4 -1
2691: 151 -1
2692: -1
2693: -1
2694: 4 2692 317 -1
2695: 152 -1
2696: -1
2697: -1
2698: -1
2699: -1
2700: -1
2701: -1
2702: -1
2703: 2704 2705 2706 2707 -1
2704: -1
2705: -1
2706: -1
2707: -1
2708: -1
2709: -1
2710: 2704 2705 2706 2707 -1
2711: 11 599 617 154 -1
2712: 11 599 624 154 -1
2713: 2363 2362 -1
2714: 155 -1
2715: -1
2716: -1
2717: 157 -1
2718: 1984 158 1373 -1
2719: 158 -1
2720: 158 -1
2721: 158 -1
2722: 158 12 -1
2723: 158 -1
2724: -1
2725: -1
2726: -1
2727: -1
2728: -1
2729: -1
2730: -1
2731: 2742 2739 2744 -1
2732: 2730 2745 440 -1
2733: -1
2734: -1
2735: -1
2736: -1
2737: -1
2738: -1
2739: -1
2740: -1
2741: -1
2742: 317 -1
2743: -1
2744: -1
2745: -1
2746: -1
2747: -1
2748: -1
2749: -1
2750: -1
2751: -1
2752: -1
2753: -1
2754: -1
2755: -1
2756: -1
2757: -1
2758: 440 -1
2759: -1
2760: 659 660 661 662 1 663 4 -1
2761: 2763 2762 -1
2762: -1
2763: -1
2764: -1
2765: -1
2766: -1
2767: -1
2768: -1
2769: 252 1008 440 159 -1
2770: 359 440 660 11 1524 -1
2771: 937 160 90 -1
2772: 160 90 937 2771 -1
2773: -1
2774: -1
2775: 2776 -1
2776: -1
2777: -1
2778: 161 -1
2779: 38 96 -1
2780: 2782 2783 2784 -1
2781: -1
2782: -1
2783: -1
2784: -1
2785: -1
2786: 2783 2784 -1
2787: 2788 -1
2788: -1
2789: 2788 -1
