0: -1
1: -1
2: 259 260 131 18 215 261 262 116 263 264 265 266 267 268 77 269 52 -1
3: -1
4: -1
5: -1
6: 372 373 -1
7: 389 390 391 51 41 392 393 394 395 50 396 397 398 399 400 401 167 371 402 403 404 405 406 407 408 409 410 411 412 413 414 98 415 416 417 418 419 72 420 421 422 -1
8: -1
9: -1
10: -1
11: -1
12: 565 566 567 568 569 570 -1
13: 0 -1
14: 57 586 587 588 129 589 -1
15: -1
16: 50 -1
17: 634 635 636 638 639 640 641 642 643 644 645 646 647 648 -1
18: 663 -1
19: 700 701 639 640 702 -1
20: -1
21: 732 733 734 735 736 737 738 739 740 741 742 -1
22: 769 770 771 772 773 774 775 -1
23: -1
24: -1
25: 3 -1
26: -1
27: -1
28: 864 865 18 102 866 867 868 869 871 873 874 -1
29: 24 875 876 877 878 879 880 881 882 883 884 885 886 909 971 972 973 -1
30: -1
31: -1
32: 1025 1026 1027 1029 639 640 1030 -1
33: -1
34: 63 1049 1050 -1
35: -1
36: -1
37: 1063 1064 -1
38: 1073 1074 1075 1076 1077 1078 1079 1080 1081 -1
39: -1
40: -1
41: -1
42: 18 -1
43: 82 -1
44: 1147 1149 -1
45: 1150 -1
46: 389 390 391 51 41 392 393 394 395 50 396 397 398 399 400 401 167 371 402 403 404 405 406 407 408 409 410 411 412 413 414 98 415 416 417 418 419 72 420 421 422 -1
47: -1
48: 1176 1177 -1
49: -1
50: 1184 -1
51: -1
52: 1190 -1
53: 1205 740 1206 -1
54: -1
55: -1
56: -1
57: 604 1270 38 617 624 599 1076 586 606 615 614 1083 592 625 600 1087 621 1271 601 594 1272 1273 607 613 1085 589 588 129 622 -1
58: -1
59: -1
60: -1
61: 1341 -1
62: -1
63: -1
64: -1
65: -1
66: -1
67: 1428 1431 -1
68: -1
69: 1459 -1
70: 1466 1147 1467 -1
71: 1469 1470 1471 1472 1473 1474 1475 1476 1477 1478 1479 -1
72: -1
73: 1522 66 1523 1524 1525 1526 1527 1528 1529 91 1530 160 1531 1532 1533 1534 1535 1536 1537 1538 1539 1540 1541 1542 1543 1544 1545 1546 1547 1548 1549 1550 1551 1552 1553 -1
74: -1
75: -1
76: -1
77: -1
78: 1596 1597 1600 1602 -1
79: -1
80: 1633 1634 1635 -1
81: 909 1638 1639 1640 1641 1642 1643 1644 1645 1646 1647 1648 1649 1650 1651 1652 971 972 973 -1
82: 1654 -1
83: 1661 -1
84: 1679 1680 1681 1682 1683 1684 1685 1687 1688 1689 1690 1691 1692 1693 1694 1695 -1
85: 1718 1719 -1
86: -1
87: 1736 1737 1738 -1
88: 1740 869 4 1741 1742 1743 1744 1745 -1
89: 1766 -1
90: -1
91: 1787 1788 -1
92: -1
93: 1829 1830 1831 0 15 1832 1833 -1
94: -1
95: -1
96: 1858 1859 -1
97: 1868 1869 1870 1871 1872 1873 1874 1875 1876 1877 1878 1879 1880 -1
98: -1
99: 663 -1
100: -1
101: -1
102: 1902 1903 1904 1905 1906 1907 1908 1909 1910 1911 1912 1913 1914 1915 1916 1917 1918 1919 1920 1921 1922 1923 1924 1925 1926 1927 1928 1929 1930 1931 1932 1933 1934 1935 1936 1937 1938 1939 1940 1941 1942 1943 1944 1945 1946 1947 1948 1949 130 1950 1951 1952 1192 1953 1954 1955 1956 1957 1958 1959 1960 1961 1962 1963 1964 1965 1966 1967 1968 1969 1699 1970 1971 1972 1973 1974 1975 -1
103: 1989 -1
104: -1
105: -1
106: -1
107: 2061 2062 2063 2064 1787 -1
108: 2070 2071 2072 -1
109: 2081 -1
110: -1
111: 2081 -1
112: 2105 2106 2107 2108 2109 -1
113: 2113 -1
114: 63 -1
115: -1
116: 2118 -1
117: 2124 2125 0 21 2126 159 2127 2128 2129 -1
118: 2133 2134 1600 1602 -1
119: 2142 -1
120: 2145 2146 2147 2148 2149 -1
121: 2155 2156 2157 2158 2160 2161 -1
122: 2176 2177 2105 2107 2108 2109 -1
123: 2185 -1
124: 2189 -1
125: 2194 2195 2196 -1
126: 2242 2243 -1
127: 2244 2245 -1
128: 2260 2261 2262 2263 10 2264 2265 2266 2267 2268 2269 2270 2271 2272 -1
129: 2274 -1
130: 2281 -1
131: 2283 -1
132: -1
133: 1858 1859 -1
134: 2295 -1
135: 2306 2307 2308 418 2309 2310 2311 2312 2313 2314 2315 168 2316 1540 2317 2318 2319 2320 2321 2322 2323 79 2324 2325 2326 2327 2328 2329 2330 2331 2332 2333 169 2334 2335 2336 2337 49 2338 2271 2339 442 2340 2341 2342 1968 94 2343 2344 2345 2036 2346 2153 2347 2348 2349 2350 2351 2352 1309 2353 2354 2355 2356 2357 2358 2359 2360 887 2361 2362 2363 2364 2365 2366 2367 2368 2369 2370 2371 2372 2373 2374 18 2375 2376 2377 2378 20 2379 2380 2381 2382 2383 2384 2385 2386 2387 2388 -1
136: 2392 2393 741 -1
137: -1
138: 2411 2412 740 -1
139: 2449 2451 2452 2453 2454 2455 2456 2457 2458 2459 2460 2461 2462 2463 2464 2465 2466 2467 2468 2469 2470 2471 -1
140: 2512 -1
141: 2523 -1
142: 2573 -1
143: 2597 2601 -1
144: 2316 887 889 2604 2605 2606 2607 2608 2609 2610 2325 2611 2612 2613 2614 2615 2616 2091 2617 2618 11 2619 2620 2621 2622 2623 2624 2625 2626 2627 2628 2629 2630 2631 2378 2632 2633 2634 2635 2379 2636 2637 2638 2639 2640 2641 2642 2643 2644 2645 42 2646 2647 2648 2649 2650 2651 2652 2653 2654 2655 2307 2313 2319 2656 2389 0 261 2 2657 371 2658 2659 169 2660 2661 2662 2663 2664 2665 2666 2376 2667 2668 -1
145: 2675 2676 40 2677 2678 2679 59 2680 2681 2682 2683 1546 1547 2684 86 2685 2686 2687 2688 2689 2360 2690 131 2691 116 2692 102 2693 2694 371 6 2695 2696 104 2697 2698 2699 2700 1936 1912 2701 2702 1968 115 26 2703 65 64 1050 2704 47 1963 2705 2706 2707 2708 2709 2710 2655 2711 2712 1943 -1
146: -1
147: 2732 141 2733 2523 -1
148: 372 2743 1918 -1
149: 2747 2748 2749 2750 2751 2752 2753 2754 2755 2756 2757 2758 2759 2760 2761 2762 2763 2262 2764 2694 102 2765 2766 2767 2768 2769 2770 2771 2772 1947 2773 2774 96 2775 2776 2777 2778 2779 2780 2781 2782 2783 2784 2785 2786 2787 2788 -1
150: 160 2792 5 2793 2794 2795 2796 -1
151: -1
152: 2817 -1
153: -1
154: 2825 2826 -1
155: 2133 2835 2836 2837 2838 867 1701 2839 2840 2841 2842 2843 2844 2845 2846 2847 2848 0 371 887 2849 2850 2851 2852 2853 -1
156: 2870 2871 2872 2675 2873 2874 2875 2876 2877 2878 2879 2880 867 2881 2882 2883 2884 2885 2886 2887 2888 2889 2890 2891 2892 2893 2894 2895 2896 2897 2898 2899 2900 261 6 0 2901 18 33 2902 4 2903 2904 102 2905 2906 2907 2908 2909 422 2910 2911 2912 2913 2914 2915 2916 2917 2918 2919 2920 2921 2922 2923 2924 2925 2926 2927 2928 2844 2929 2930 2931 2932 2933 2934 2935 2936 2843 2937 2938 2939 2940 2941 2942 2943 2944 2945 2946 2840 2947 2948 2949 2950 2951 2952 2953 2954 2955 2956 2957 2958 2959 2960 2961 2962 2963 2964 2965 2966 2967 2968 2969 2970 2971 2972 2973 2974 2975 2976 1698 2977 2978 2979 2980 2981 2982 2983 2984 2985 2986 2987 -1
157: 158 17 2994 2995 2996 -1
158: 635 2999 3001 3002 3003 3004 3006 644 641 3007 646 -1
159: 732 733 3035 3036 3037 3038 740 741 742 -1
160: 3053 -1
161: 3076 -1
162: 336 -1
163: 3089 3097 3134 -1
164: 3135 3136 -1
165: 3139 2133 -1
166: -1
167: -1
168: 2338 2125 2901 2329 50 68 90 259 30 261 148 11 417 44 -1
169: 260 2705 -1
170: -1
171: -1
172: 11 2330 0 2669 1348 776 2948 2685 2944 2272 2846 2973 2975 2978 2984 -1
173: 2968 0 2669 2905 2907 2338 1526 2893 2978 2975 2984 1176 2840 2951 2948 2842 2955 2675 2922 2964 2126 2872 2632 2874 2849 -1
174: 63 18 0 2126 11 1968 1947 2659 102 -1
175: 732 733 18 1755 0 15 1968 867 474 734 2348 96 3036 140 83 101 3035 1149 740 741 742 -1
176: 0 34 261 -1
177: 25 1533 1542 1545 55 884 546 0 31 261 100 27 169 69 325 85 2 42 14 64 1081 8 2943 34 4 66 2711 2329 130 22 807 1049 162 136 880 476 422 82 58 56 53 37 86 1051 1547 16 47 32 2685 -1
178: 1550 2956 2846 0 -1
179: 8 40 2679 1918 59 9 18 36 424 1545 2707 2655 474 884 130 2709 140 83 2710 2708 2681 1547 2696 2684 2 814 2675 19 0 261 1050 47 23 -1
180: 2694 69 146 30 0 64 152 115 1968 -1
181: 0 2706 2631 -1
182: 640 2451 2349 1532 86 2685 1792 2457 2907 0 -1
183: -1
184: 0 -1
185: 0 -1
186: 40 86 1830 0 2663 2132 -1
187: 18 15 0 -1
188: 1176 353 2617 2312 704 2347 2381 867 2639 887 2849 2360 0 63 2316 -1
189: 1872 36 2330 18 0 30 8 2697 152 27 115 43 64 15 77 2338 442 160 1051 2360 2663 2316 68 2264 2696 2357 2376 72 1526 1779 2901 2698 -1
190: 2111 2840 2669 2316 0 2975 8 2984 2663 2846 2944 2321 1267 2964 2461 -1
191: 0 -1
192: 0 -1
193: 0 159 -1
194: 2126 741 2103 2321 420 0 2840 2457 639 159 -1
195: 1526 261 1 2706 18 2669 8 64 1081 28 0 2379 2380 1050 1187 9 10 394 30 1700 1698 422 2774 91 23 588 27 160 869 2663 2382 126 1051 2338 -1
196: 40 0 14 -1
197: 24 0 169 1777 11 -1
198: 1642 2756 2749 1643 0 2262 2762 -1
199: 0 261 2316 -1
200: 0 12 2330 2326 23 868 64 1968 442 42 2271 9 -1
201: 42 0 2330 28 1048 1050 1081 1049 91 1309 -1
202: 2076 2098 1898 1532 2451 293 254 2762 172 2898 2261 2974 2975 2984 2961 2078 0 169 2675 2944 2954 2952 86 1643 2988 2461 2482 2601 2756 2091 1965 2185 1697 298 3053 1829 48 2019 2691 2705 2655 -1
203: 40 639 1309 1532 880 704 1968 86 1547 -1
204: 0 302 -1
205: 86 2126 0 167 -1
206: 2053 2126 0 11 640 -1
207: 0 2334 1532 420 380 -1
208: 1081 867 0 1928 -1
209: 0 14 36 42 1545 2696 19 169 68 2686 11 -1
210: 2330 42 0 2669 16 -1
211: -1
212: 2316 2669 2338 27 2663 42 2624 0 169 807 2604 12 2376 909 971 972 973 -1
213: 115 2679 704 2339 1051 2655 1481 33 1968 12 18 620 0 2608 -1
214: 1599 1643 2838 1 420 163 867 3052 2847 2948 640 2912 11 -1
215: -1
216: 1 702 -1
217: 1 -1
218: 1 3053 702 -1
219: 389 390 391 51 41 392 393 394 395 50 398 399 400 401 167 1 403 404 405 406 407 408 409 410 411 412 413 414 98 416 417 418 419 72 420 -1
220: 57 1 260 2316 79 2639 887 2663 1309 1027 2382 11 1942 2835 -1
221: 1 2849 -1
222: 13 1 -1
223: 1 -1
224: 1 -1
225: 40 2786 1 420 11 2 -1
226: 1 702 -1
227: 702 -1
228: 1 -1
229: 2668 420 2835 1643 1 2635 63 2316 3036 2262 64 2378 -1
230: 1 -1
231: 1 702 -1
232: 1 702 -1
233: 1 702 -1
234: 422 1 40 -1
235: 1 -1
236: 1 -1
237: 18 56 63 1833 34 11 16 3035 474 0 83 2329 1532 1 15 -1
238: 1 -1
239: 1 -1
240: 2756 2354 160 2697 2262 5 1 15 2646 -1
241: 867 410 1083 875 167 130 2 371 1 -1
242: 8 23 42 54 2835 30 64 1 15 -1
243: 160 2338 1 2870 1642 -1
244: 1 -1
245: 1 -1
246: 799 50 18 44 1 30 90 63 102 2694 1700 2774 394 131 -1
247: 1 -1
248: 2679 1293 1 -1
249: 1963 -1
250: 28 1 2 90 0 18 34 1051 262 474 55 1545 140 83 771 776 259 66 35 22 64 1968 14 30 -1
251: 1 702 -1
252: 1 0 2669 2846 2975 2984 -1
253: 1 -1
254: 1 -1
255: 1 -1
256: 91 867 1546 1547 2261 422 2457 2681 2906 1698 869 48 1532 3053 1922 2263 1968 640 55 0 15 1 60 2076 2978 2774 130 2944 2889 2872 25 57 2983 2264 1309 2348 2 42 2907 164 2968 86 32 2655 125 2896 1176 2654 2964 2712 1785 2702 1963 2133 11 2849 325 372 2344 2836 2679 2837 40 2700 2685 2360 880 2683 704 833 -1
257: 886 0 28 11 12 2 43 1779 639 640 1 8 2330 909 971 972 973 -1
258: 1 -1
259: -1
260: -1
261: -1
262: -1
263: -1
264: 1545 -1
265: -1
266: -1
267: -1
268: 25 8 102 79 55 867 -1
269: -1
270: 2838 2261 2264 2027 2871 2873 2872 2950 422 2877 2897 2870 2882 2887 2885 867 2135 2840 2952 8 2962 2846 2847 1968 2 1215 6 2125 2338 2696 86 2975 2976 2984 2973 2948 1962 2964 -1
271: 2 -1
272: 422 2 -1
273: 887 2316 2367 11 2649 1642 3053 2692 2683 2639 2382 2357 2696 1968 2748 2103 160 2354 2 168 12 43 5 16 371 6 2646 3083 2768 -1
274: 2 -1
275: 2412 39 2659 287 -1
276: 2 371 420 -1
277: 11 43 261 2330 2 2316 -1
278: 138 40 39 1963 1698 422 2659 2430 1701 32 1932 1546 1027 889 420 1992 1697 2360 -1
279: 2133 2 -1
280: 2430 2782 3053 2847 2442 411 1083 402 2 371 138 1680 3086 3083 2262 2135 -1
281: 2430 2782 3053 2442 411 1083 402 2 371 138 1680 3086 3083 2262 2135 -1
282: 2 1704 -1
283: 28 2 261 0 69 18 8 102 12 -1
284: 39 41 328 62 94 27 421 -1
285: 422 2620 2 11 1968 2382 2135 1947 1027 2796 19 2179 130 -1
286: 2 -1
287: 2412 39 2659 -1
288: 1680 -1
289: 2982 2697 130 2262 86 3149 2654 8 1922 2981 2684 1947 2 10 18 2980 2457 2749 1532 2126 1609 2977 869 771 3053 2983 -1
290: 2 39 102 1697 2657 261 1532 421 1105 1932 2389 2287 394 2290 18 2312 2314 2315 442 2341 2353 1949 2901 2338 19 -1
291: 2 170 168 0 -1
292: 2 -1
293: -1
294: 1965 2884 2888 2891 2892 2893 2894 2895 2896 2845 2663 2899 261 6 68 2 112 49 0 5 371 44 21 18 33 2902 442 4 325 88 102 2905 2907 2908 40 640 867 2919 2920 2843 2942 2943 2944 2840 2842 1994 138 2694 2958 2959 2961 2846 2972 2973 2975 2976 1698 2978 2981 2983 2984 2986 2987 -1
295: 20 9 0 37 10 22 56 2706 261 12 2 42 442 260 1968 2358 2768 152 701 64 69 394 -1
296: 422 1947 2 798 -1
297: 39 -1
298: 2 -1
299: 2076 2262 2 -1
300: 2 298 2700 -1
301: 2655 2 2821 -1
302: 420 2849 371 2 17 2690 2654 -1
303: 42 4 2696 64 -1
304: 2354 2639 2262 2697 1642 -1
305: 160 2354 8 2663 -1
306: 160 2354 8 2663 -1
307: 3 2354 8 18 -1
308: -1
309: 63 1050 8 868 18 2655 422 -1
310: 1545 102 160 8 18 63 -1
311: 18 53 1968 325 -1
312: 160 2750 2354 3052 -1
313: 18 -1
314: 18 2706 53 2701 394 2334 8 88 325 474 2675 140 55 69 106 11 1545 86 1698 2707 -1
315: 1526 261 1 2706 18 2669 8 64 1081 28 0 2379 2380 1050 1187 9 10 394 30 1700 1698 422 2774 91 23 588 27 160 869 2663 2382 126 1051 2338 -1
316: 2761 8 27 2380 2750 2931 3052 2943 2675 86 -1
317: 261 2706 18 2669 8 64 1081 28 0 1050 9 61 1968 23 -1
318: 3 2347 1113 2656 2663 2307 2360 75 2747 19 -1
319: 18 2696 -1
320: 160 2750 2354 3052 -1
321: 2951 2948 640 639 32 3083 -1
322: 2047 2451 2675 640 2681 8 0 86 -1
323: 2743 25 86 1918 -1
324: 75 1048 2271 26 24 18 32 160 3 2642 2316 2347 2091 2378 79 2647 887 2349 2371 11 2666 2036 2617 2381 72 1697 130 420 2696 2698 2613 2360 2388 -1
325: 68 8 2647 2336 442 18 12 11 215 868 1833 261 2 2663 417 2451 1467 639 640 -1
326: 86 546 1936 2153 5 95 70 261 11 68 2 75 50 16 0 15 468 12 31 28 1 47 37 35 26 21 1391 1532 52 10 838 2701 40 422 2696 2135 97 394 1920 857 1531 1947 331 2358 130 2774 2689 -1
327: 1815 70 39 1110 2693 867 159 148 2741 40 426 14 885 2349 734 27 395 1968 30 246 -1
328: 1025 1026 -1
329: 1740 869 4 1741 1742 1743 1744 1745 -1
330: 2405 82 130 1532 140 474 2687 2262 94 1306 58 1754 1741 807 2655 2347 106 516 869 2796 1051 2710 2701 83 1049 2685 1734 -1
331: 29 18 90 28 261 50 0 15 62 99 41 39 442 4 108 27 19 2107 -1
332: -1
333: 1787 16 18 88 325 1968 2756 -1
334: 0 18 9 10 261 102 64 63 1968 66 70 328 8 1918 325 92 -1
335: 879 2340 9 10 82 22 807 48 162 56 1309 53 2264 1532 1533 1540 1542 55 394 86 69 1961 85 2654 2933 1920 2655 30 83 1202 668 1051 2338 2339 91 23 2689 2686 1481 2317 63 1968 2698 2675 27 2697 776 1050 1522 -1
336: 18 1049 474 57 1803 1050 4 15 61 -1
337: 1740 869 4 1741 1743 1744 -1
338: 14 885 2349 1815 734 27 867 39 395 148 2693 70 1968 30 246 159 2741 40 1110 426 -1
339: 18 2354 55 -1
340: 18 25 325 8 11 867 2706 1963 2705 2338 3053 14 1 2329 1526 72 1549 1550 1458 2341 2348 1741 -1
341: 0 261 4 18 2451 1 -1
342: 4 2 2840 1974 1968 -1
343: 159 -1
344: 102 18 0 2705 48 807 58 2271 37 2316 36 -1
345: 159 2349 885 1815 30 1110 14 867 426 246 734 70 27 148 1968 2741 39 2693 395 40 -1
346: 887 2 42 21 -1
347: 159 -1
348: 5 -1
349: 2135 5 2617 -1
350: 5 -1
351: 2135 -1
352: 394 24 5 -1
353: -1
354: 76 5 2315 2354 2912 2838 -1
355: 2679 887 1833 2378 2669 72 5 771 2354 2326 79 2316 2663 2329 90 169 -1
356: 124 97 867 11 18 0 1081 5 -1
357: 2617 0 261 5 2321 2663 -1
358: 5 -1
359: 5 -1
360: 39 2656 704 2692 2835 414 422 2697 1080 104 2153 5 1651 1928 69 2312 2317 2347 1833 2334 2796 2733 -1
361: 69 -1
362: 5 -1
363: 2952 5 2315 2072 11 2076 2968 -1
364: 5 -1
365: 476 1968 5 261 16 0 -1
366: 20 18 -1
367: 5 2354 2315 -1
368: 25 79 2647 889 90 0 18 5 -1
369: 160 5 76 2963 1027 2651 2656 2316 2347 1785 887 2378 1833 2663 2388 2796 3053 72 86 1947 19 104 2360 1949 2262 2683 2835 -1
370: 18 2663 5 2840 2846 2975 -1
371: -1
372: -1
373: -1
374: 6 371 1758 1699 394 1704 1702 1705 2960 2379 2135 48 2076 2451 2909 2329 2126 2768 640 1596 -1
375: 2454 3083 2601 420 2129 72 418 1532 1643 1701 2838 2632 2909 2748 2103 2948 2955 2669 6 371 261 2663 2624 2316 2968 2966 2907 602 2984 -1
376: 42 -1
377: 18 -1
378: 2613 2605 2135 2656 2343 2307 2316 2376 6 2317 1995 160 2619 704 2091 2371 79 2354 2617 2669 1830 2326 2642 2647 887 40 2635 2036 2319 422 2262 72 105 -1
379: 867 18 102 168 366 250 175 622 334 1019 20 2193 8 11 2317 1027 23 63 1050 1546 30 798 86 2125 1785 2706 407 260 44 90 6 879 261 0 442 2329 1271 371 1968 66 474 3036 140 -1
380: 293 2975 6 371 1243 640 2047 2382 2961 2458 867 2836 2964 816 2459 2681 2675 1546 2683 2160 -1
381: 86 102 6 566 -1
382: 72 418 49 137 422 0 6 371 2316 2647 2360 -1
383: 6 2360 -1
384: 1027 971 2840 2842 2371 6 2036 2316 18 887 1309 2360 1550 2961 1267 2835 2837 1643 2756 60 2749 2314 2452 48 2976 11 867 -1
385: -1
386: 102 2694 86 6 -1
387: 2354 160 2601 1968 771 422 1532 40 2135 867 3149 2654 2655 2849 2347 1 1947 2360 130 420 414 2036 2690 79 -1
388: 424 2307 50 18 2316 72 371 -1
389: 1467 -1
390: -1
391: -1
392: 2360 -1
393: -1
394: 2334 1895 385 33 102 2316 421 2379 1697 -1
395: 50 46 1 -1
396: -1
397: -1
398: -1
399: -1
400: -1
401: -1
402: 2135 2655 -1
403: 388 -1
404: -1
405: -1
406: -1
407: -1
408: -1
409: -1
410: -1
411: -1
412: -1
413: -1
414: 1147 2360 1532 1700 90 1 1697 116 -1
415: -1
416: -1
417: -1
418: 72 1532 2690 422 420 2659 1642 2153 23 -1
419: -1
420: -1
421: -1
422: 39 44 1700 98 371 -1
423: 422 -1
424: 875 8 394 46 -1
425: 1027 7 -1
426: -1
427: 425 3053 420 79 394 328 7 2379 94 -1
428: 2782 7 86 740 -1
429: 1641 2360 418 2330 909 971 972 973 -1
430: 414 909 971 972 973 -1
431: 103 422 1969 977 64 2647 51 7 160 2630 79 1073 704 2 34 1051 1005 -1
432: 2782 7 -1
433: 40 2681 2675 2126 2591 86 422 50 394 72 94 409 424 398 1642 998 2773 3137 2658 -1
434: 7 -1
435: 390 7 371 2655 -1
436: 72 7 -1
437: 7 39 2360 2 419 422 94 1701 -1
438: 1698 2847 -1
439: 160 2338 1550 2354 8 2905 3052 -1
440: 63 35 2338 18 8 87 27 -1
441: 765 3036 8 63 18 102 880 -1
442: -1
443: 72 2347 160 2354 8 79 2316 -1
444: 8 -1
445: 18 1922 2316 8 -1
446: 8 639 42 11 -1
447: 2135 1698 55 2337 1922 869 2262 867 1532 2355 86 160 2354 868 25 8 325 2379 704 2360 2696 2698 104 2353 27 -1
448: 2135 88 23 8 -1
449: 2751 2354 8 2261 2125 -1
450: 2261 2756 1550 867 8 1778 18 -1
451: 18 8 -1
452: 8 -1
453: 1550 160 2354 8 3053 66 2756 -1
454: 8 -1
455: 18 8 63 -1
456: 2338 69 2135 1922 2675 99 18 780 85 516 688 2774 1309 2933 63 2117 2901 14 2317 867 2694 2316 2669 8 2658 152 64 2608 1060 24 1936 29 868 2684 153 840 1796 148 86 146 164 -1
457: 8 -1
458: 2330 261 16 12 100 1 64 442 14 1081 2316 880 34 1968 115 2329 82 1051 1049 162 0 807 136 83 95 8 18 152 169 -1
459: 0 18 63 115 64 1968 116 868 8 -1
460: 325 8 -1
461: 8 -1
462: 2354 8 -1
463: 1533 1545 55 884 2643 159 42 0 63 12 43 21 11 2262 16 2663 2336 2360 420 2312 2901 2378 2132 64 95 1049 2698 8 160 325 27 -1
464: 8 -1
465: 26 2317 95 64 63 115 867 22 0 18 8 116 261 102 48 -1
466: 160 40 2316 2354 8 2681 2380 -1
467: 0 18 8 24 168 2990 -1
468: 0 12 169 8 869 325 25 16 877 474 55 1968 106 83 878 1051 86 27 1547 1 15 2330 2 1048 32 69 62 2774 2693 1545 2281 146 -1
469: 8 -1
470: 2262 18 8 64 30 26 0 1458 27 88 740 -1
471: 8 867 11 -1
472: 2704 86 2684 8 2262 -1
473: 18 2756 28 8 53 -1
474: -1
475: 9 867 -1
476: 9 -1
477: 1205 9 -1
478: 2152 18 9 -1
479: 1536 771 9 -1
480: 9 887 18 102 -1
481: 9 -1
482: 9 -1
483: 2113 9 -1
484: 9 2697 867 -1
485: 9 -1
486: 64 867 2330 140 0 30 12 2326 442 9 42 2271 2748 -1
487: 9 2697 867 -1
488: 2705 91 51 160 86 104 1540 14 62 1545 1546 1547 1552 2347 1732 40 8 1532 1762 23 20 674 90 1777 9 390 474 67 2679 2658 2340 55 2675 422 2681 -1
489: 2171 2113 9 48 2920 -1
490: 9 -1
491: 99 82 48 56 10 9 2340 58 1309 807 22 20 97 867 2193 2271 336 37 53 40 36 -1
492: 1522 66 82 1176 48 56 10 9 2262 130 58 1309 807 22 20 867 97 2193 336 37 422 53 61 40 36 -1
493: 1968 30 325 2125 18 9 422 10 807 36 2271 -1
494: 9 -1
495: 9 867 -1
496: 9 -1
497: 82 48 56 10 20 867 97 2193 9 2262 130 1923 1785 58 807 162 37 422 53 61 2675 40 2679 2681 59 2680 18 12 2135 36 -1
498: 9 -1
499: 9 -1
500: 9 -1
501: 9 2270 2683 2313 2655 92 11 14 67 47 26 125 2036 2666 2382 668 2654 1928 2617 2379 2378 1532 2 131 104 2266 82 22 737 2631 422 24 2667 18 -1
502: 9 130 2133 2697 1532 2113 -1
503: 18 102 9 -1
504: 10 -1
505: 104 2262 1699 160 3052 10 2382 2355 2632 887 2849 776 2666 1968 3051 -1
506: 130 10 97 704 2691 3053 336 59 53 2193 48 -1
507: 10 -1
508: 10 1309 1968 -1
509: 10 3053 2135 2654 -1
510: 1643 2457 2126 60 2458 2757 10 -1
511: 2697 10 2135 -1
512: 10 8 422 2943 103 -1
513: 10 2381 422 104 -1
514: 115 2135 85 -1
515: 10 422 2943 1532 702 -1
516: 1718 10 28 1723 -1
517: 11 -1
518: 11 -1
519: 11 -1
520: 11 -1
521: 11 -1
522: 11 -1
523: 11 -1
524: 11 -1
525: 11 -1
526: 11 -1
527: 11 -1
528: 1147 2759 -1
529: 11 -1
530: 11 -1
531: 2454 11 1309 -1
532: 1738 102 28 69 847 -1
533: 11 1546 2881 1961 1526 -1
534: 11 -1
535: 11 -1
536: 11 -1
537: 11 -1
538: 11 -1
539: 11 -1
540: 11 -1
541: 11 -1
542: 11 -1
543: 11 -1
544: 11 -1
545: 11 -1
546: -1
547: 2696 65 18 11 867 -1
548: 11 -1
549: 11 -1
550: 11 -1
551: 11 -1
552: 11 -1
553: 11 -1
554: 11 -1
555: 11 -1
556: 11 -1
557: 11 -1
558: 11 -1
559: 11 -1
560: 11 -1
561: 11 -1
562: 11 -1
563: 11 -1
564: 871 -1
565: -1
566: 2133 -1
567: 3139 2133 -1
568: 3139 2133 -1
569: 3139 2133 -1
570: 3139 2133 -1
571: 40 48 92 2681 1988 771 1947 2658 424 336 162 159 88 852 12 845 2405 1309 2326 753 56 1050 75 19 77 2347 1968 65 1184 1749 36 34 839 1110 1458 2271 2654 53 737 37 -1
572: 11 34 12 0 2639 -1
573: 2647 2669 2319 2307 16 0 12 11 160 2354 2639 1642 3053 -1
574: 12 -1
575: 28 1050 1149 1532 261 663 546 30 442 2689 12 -1
576: 887 2379 2316 18 82 88 32 325 50 12 1697 -1
577: 2753 0 12 1532 2382 2697 2461 867 2964 2692 2840 2654 -1
578: 91 1547 1733 134 21 95 12 130 1 18 28 69 1732 394 106 259 2135 1309 19 780 833 -1
579: 3053 13 1532 -1
580: 13 -1
581: 2338 42 1947 13 579 474 2696 533 867 50 1083 1 2126 -1
582: 13 -1
583: 13 23 -1
584: 3018 74 13 -1
585: 18 0 13 325 2679 69 -1
586: -1
587: 14 57 1080 -1
588: -1
589: 57 -1
590: 2968 2962 2870 2264 18 2872 2907 14 2329 -1
591: 14 1779 -1
592: 1080 -1
593: 1076 -1
594: -1
595: 72 14 -1
596: 2696 2669 2663 42 100 14 -1
597: 14 -1
598: 14 1526 -1
599: 1078 1076 1073 -1
600: -1
601: -1
602: -1
603: 1083 2968 2955 2840 -1
604: 2581 2582 1078 1081 -1
605: 1076 -1
606: 57 -1
607: -1
608: 588 14 1526 422 639 3083 2601 -1
609: 1779 14 -1
610: 160 2376 31 14 1081 72 1049 -1
611: 2756 2773 2457 2665 60 2705 2975 8 2893 2984 2663 2944 2883 2840 2846 1830 14 2642 2316 2968 1643 2838 -1
612: 90 14 422 -1
613: 1074 1078 -1
614: 1074 -1
615: -1
616: 1080 2581 2582 1081 -1
617: 57 1073 1080 2581 2582 1076 -1
618: 14 -1
619: 1083 -1
620: 2261 2263 2264 18 2963 2125 867 2870 160 3052 1879 704 1965 1962 1532 2355 2376 0 61 2872 169 2135 8 2907 2968 25 68 95 63 64 152 115 2654 1049 1522 887 14 11 2329 2132 -1
621: 1074 -1
622: 589 1080 2317 1526 16 261 129 146 42 0 2835 2357 2758 1076 57 -1
623: 1080 2581 2582 1081 -1
624: 1073 1074 1078 -1
625: 1073 1074 -1
626: 14 1779 -1
627: 2326 2753 2113 2098 2838 354 2315 2870 2072 2055 2756 422 -1
628: 50 -1
629: 631 16 -1
630: 11 2964 2114 16 2756 -1
631: 867 -1
632: 21 64 1049 1051 1081 95 63 1522 2339 1550 442 16 -1
633: 1550 2261 2756 42 2758 16 18 2262 8 -1
634: 17 635 158 636 637 638 639 640 641 642 643 644 646 647 648 -1
635: -1
636: -1
637: 634 636 638 1680 420 646 644 641 1701 -1
638: 646 -1
639: 1532 -1
640: -1
641: -1
642: -1
643: -1
644: -1
645: -1
646: 644 -1
647: 17 650 -1
648: 634 17 635 158 636 637 638 639 640 641 642 643 644 645 646 647 -1
649: 17 -1
650: 636 638 3002 641 643 644 -1
651: 80 1968 1532 2133 2655 130 26 2675 2774 867 2135 1027 1701 17 2659 1939 2920 25 2357 422 2849 2683 816 -1
652: 60 17 658 -1
653: 17 -1
654: 158 17 -1
655: 2681 2684 1176 1532 1949 1833 2665 17 103 146 48 422 867 2662 23 868 1923 1699 25 2675 2679 2687 11 2849 771 2606 2659 1947 1697 1968 2654 3053 2668 2661 2612 1309 704 1933 2658 2353 27 2135 2347 2389 2655 2697 2653 -1
656: 3011 2995 17 -1
657: 1697 1703 2847 2076 1309 1642 11 422 2654 647 2679 2454 72 418 43 1974 2392 2681 130 -1
658: 60 17 702 -1
659: 647 3002 636 3083 638 643 -1
660: 634 3032 1738 3030 3031 -1
661: 3003 634 647 -1
662: 158 17 157 -1
663: 1522 66 770 421 -1
664: 1522 66 -1
665: 1522 66 -1
666: 64 102 18 -1
667: 1935 18 1879 160 2360 -1
668: 2696 2125 102 18 -1
669: 22 18 102 1943 -1
670: 2705 18 102 2872 2870 2874 56 -1
671: 18 116 -1
672: 18 -1
673: 25 2696 18 264 2933 2334 116 33 2348 2701 2686 1050 2380 2681 -1
674: -1
675: 1035 867 2835 2887 18 -1
676: 2783 -1
677: 50 371 18 442 -1
678: 772 22 35 2317 18 2901 -1
679: 1522 66 -1
680: 116 102 18 -1
681: 2885 2872 867 2840 2948 1550 18 2976 -1
682: 18 64 2262 -1
683: 18 1968 -1
684: 2681 2654 867 18 261 2125 635 1935 2781 2783 48 -1
685: 2698 18 2768 1245 2658 -1
686: 39 18 169 474 2779 -1
687: 2126 2698 18 102 2135 -1
688: -1
689: 18 418 -1
690: 2874 2872 2950 2871 2870 2885 18 2907 2975 2976 2840 2930 2846 -1
691: 18 2382 1968 -1
692: 1522 66 -1
693: 1522 66 -1
694: 1205 740 1206 -1
695: 2360 18 2338 2316 -1
696: 3036 18 52 -1
697: 18 -1
698: 1697 442 36 2340 18 867 1834 65 -1
699: 2702 -1
700: -1
701: 3145 3146 3147 2850 -1
702: -1
703: 2704 2675 40 702 -1
704: 19 2654 115 152 65 -1
705: 19 2704 151 -1
706: 75 2097 2681 95 35 1982 422 8 1050 152 64 115 2654 66 104 2704 110 776 19 1522 130 2701 2135 2355 1544 126 146 2339 2933 1872 704 1785 25 1947 2655 -1
707: 1643 2103 11 1968 19 48 -1
708: 2675 2704 703 -1
709: 6 371 422 116 2692 19 2360 -1
710: 2689 63 66 1050 19 -1
711: 19 2656 2651 2835 -1
712: 2632 2654 1785 1546 19 2185 2655 1968 771 -1
713: 2694 0 15 442 19 2348 1545 2774 2710 2655 1441 1918 59 18 -1
714: 867 1879 -1
715: 2388 1785 1532 867 1947 48 422 2091 -1
716: 1879 -1
717: 20 -1
718: 20 130 2135 -1
719: 20 130 -1
720: 2613 20 2933 2376 2382 422 2639 2647 1962 2349 2381 -1
721: 2756 867 20 131 1309 97 1877 2193 1532 1785 2840 422 1947 1879 130 -1
722: 20 1868 2193 867 18 -1
723: 20 2654 2375 867 728 -1
724: 20 -1
725: 20 729 -1
726: 20 1968 -1
727: 336 171 1660 40 20 -1
728: 20 2654 2375 867 -1
729: -1
730: 20 130 -1
731: 42 20 97 867 2271 30 2329 -1
732: -1
733: -1
734: 735 -1
735: -1
736: -1
737: -1
738: 741 1205 86 -1
739: -1
740: -1
741: -1
742: 11 -1
743: 732 733 740 741 742 -1
744: 1205 -1
745: 741 -1
746: 732 733 740 741 742 -1
747: 741 -1
748: 732 733 140 740 741 742 -1
749: 732 733 740 741 742 -1
750: 60 21 2103 639 -1
751: 2457 21 2076 -1
752: 741 -1
753: 732 733 740 741 742 -1
754: 732 733 740 741 742 -1
755: 732 733 740 741 742 -1
756: 732 733 740 741 742 -1
757: 140 732 733 160 740 741 742 -1
758: 880 2456 159 1914 140 1968 640 30 474 83 2126 90 422 21 -1
759: 21 1642 -1
760: 732 733 740 741 742 -1
761: 733 741 -1
762: 741 -1
763: 732 733 740 741 742 -1
764: 880 2456 159 1914 140 1968 640 30 474 83 2126 90 422 21 -1
765: 732 733 740 741 742 -1
766: 732 733 740 741 742 -1
767: 769 770 1533 771 -1
768: 772 773 774 474 775 769 -1
769: -1
770: 18 -1
771: -1
772: -1
773: -1
774: -1
775: -1
776: 22 -1
777: 91 24 35 1968 2316 22 -1
778: 771 -1
779: 22 18 102 1943 -1
780: 91 22 -1
781: 23 -1
782: 23 -1
783: 23 -1
784: 2354 2679 160 2663 23 -1
785: 23 2675 86 40 2685 -1
786: 42 23 2701 -1
787: 63 66 35 64 104 65 1050 23 -1
788: 23 -1
789: 23 104 -1
790: 1176 3135 2382 23 2663 -1
791: 23 -1
792: 23 2663 -1
793: 23 -1
794: 91 1547 23 25 86 87 2348 4 2686 2317 63 2675 1481 2933 27 2347 32 -1
795: 390 2690 1532 2319 1547 23 2343 394 2334 76 425 887 2617 971 72 1309 2385 422 2943 2378 105 420 -1
796: 474 23 261 2380 0 18 2360 2982 2981 -1
797: 23 -1
798: 1546 2412 2933 23 151 1963 1973 2683 2701 2702 246 2349 1961 8 2757 2964 867 2185 2654 -1
799: 23 -1
800: 23 -1
801: 23 -1
802: 63 1049 1081 26 23 1050 -1
803: 23 2354 -1
804: 23 -1
805: 867 1942 2316 2382 2655 23 2663 40 2707 422 -1
806: 867 23 63 -1
807: -1
808: 24 72 -1
809: 1643 2461 2321 639 60 2126 2851 2846 2975 8 3053 2647 887 24 2840 2984 2768 640 1027 138 -1
810: 79 24 2316 -1
811: 2669 420 3083 144 2347 2647 1488 24 1467 -1
812: 2036 2336 79 704 2312 2692 1485 2647 24 2642 422 2316 1697 2379 2639 1842 2690 72 130 105 2963 1968 2388 2360 2658 2663 2354 -1
813: 2655 2370 2376 2076 94 24 1928 2347 2639 2656 2647 2132 887 2316 2311 1041 -1
814: -1
815: 2912 867 24 -1
816: 2701 1912 1947 2153 38 -1
817: 474 2675 24 261 -1
818: 2126 2135 1642 2461 24 2984 -1
819: 1642 24 2641 -1
820: 24 -1
821: 33 24 -1
822: 867 2836 2684 1949 640 2458 3083 2663 2846 24 2769 2681 -1
823: 24 740 -1
824: 2663 24 261 -1
825: 40 2315 1963 2842 2655 2076 2321 2909 2679 2836 86 2951 2846 24 2336 -1
826: 2036 79 704 2312 422 2378 2336 2663 2354 2316 2379 2647 24 72 2690 1488 2654 2335 2343 1968 -1
827: 2315 24 -1
828: 2055 2975 24 2984 2976 2961 -1
829: 2354 24 -1
830: 2354 160 24 -1
831: 2840 2756 293 2757 24 2461 -1
832: 55 -1
833: 25 -1
834: 422 25 167 130 2317 42 64 -1
835: 25 -1
836: 25 -1
837: 25 2931 -1
838: -1
839: 2656 -1
840: -1
841: 102 -1
842: 2185 64 2262 116 2153 2132 104 26 2757 1049 -1
843: 26 -1
844: 2698 18 102 26 887 -1
845: 1736 26 -1
846: -1
847: 474 26 102 -1
848: 1080 1547 2704 104 869 4 27 130 798 -1
849: -1
850: -1
851: 2349 2757 867 2704 2262 27 86 1309 -1
852: -1
853: 2312 11 27 -1
854: 640 2972 2758 27 2317 256 2050 -1
855: 18 2654 27 2684 -1
856: 1176 27 2786 130 -1
857: -1
858: -1
859: 160 2696 2382 2354 2639 2646 2663 704 27 1309 -1
860: 159 885 27 -1
861: 160 30 418 1189 2378 200 0 27 2307 875 2329 2663 -1
862: 74 40 688 2655 865 1674 1922 457 129 2399 151 2835 422 2329 1962 142 2933 1727 27 30 1391 325 -1
863: 66 152 95 64 1544 146 2339 1947 1051 2338 27 -1
864: 28 -1
865: 268 2697 -1
866: 77 264 1973 841 1736 1917 1955 2679 1903 269 1193 1198 268 -1
867: -1
868: -1
869: -1
870: 874 -1
871: -1
872: 864 -1
873: -1
874: -1
875: -1
876: -1
877: 753 -1
878: 159 -1
879: -1
880: 816 -1
881: 889 -1
882: 757 -1
883: -1
884: -1
885: -1
886: -1
887: 971 972 973 -1
888: 909 971 972 973 -1
889: 971 972 973 -1
890: 971 972 973 -1
891: 971 972 973 -1
892: 702 2632 909 971 972 973 -1
893: 1651 1642 1643 971 2461 2262 1165 1644 909 972 973 -1
894: 909 971 972 973 -1
895: 1638 909 971 972 973 -1
896: 909 971 972 973 -1
897: 2343 72 909 971 972 973 -1
898: 909 971 972 973 -1
899: 909 971 972 973 -1
900: 2262 909 971 972 973 -1
901: 909 971 972 973 -1
902: 971 972 973 -1
903: 886 106 2696 83 909 971 972 973 -1
904: 909 1638 1639 1640 1641 1642 1643 1644 1645 1646 1647 1648 1649 1650 1651 1652 971 972 973 -1
905: 2076 11 909 971 972 973 -1
906: 971 909 972 973 -1
907: 971 972 973 -1
908: 909 971 972 973 -1
909: -1
910: 2632 867 909 971 972 973 -1
911: 909 971 972 973 -1
912: 2706 148 169 1531 1928 2697 2705 909 971 972 973 -1
913: 2376 1650 909 971 972 973 -1
914: 909 971 972 973 -1
915: 971 972 973 -1
916: 1652 1645 2378 2308 909 971 972 973 -1
917: 2316 2669 2338 27 2663 42 2624 0 169 807 2604 12 2376 909 971 972 973 -1
918: 2646 2639 2329 909 971 972 973 -1
919: 909 971 972 973 -1
920: 971 972 973 -1
921: 909 971 972 973 -1
922: 2378 909 971 972 973 -1
923: 909 971 972 973 -1
924: 2338 1051 1081 909 971 972 973 -1
925: 3083 2601 909 971 972 973 -1
926: 909 971 972 973 -1
927: 1638 11 2461 1647 909 971 972 973 -1
928: 414 881 909 971 972 973 -1
929: 909 971 972 973 -1
930: 909 971 972 973 -1
931: 909 1652 971 972 973 -1
932: 1644 1642 909 971 972 973 -1
933: 1644 1643 909 971 972 973 -1
934: 971 972 973 -1
935: 1638 72 1643 1642 3083 909 971 972 973 -1
936: 2669 72 2360 2601 909 971 972 973 -1
937: 1638 1652 3083 1644 1640 971 909 972 973 -1
938: 1638 2382 2632 422 909 971 972 973 -1
939: 1638 2639 1309 909 971 972 973 -1
940: 971 972 973 -1
941: 1641 2360 418 2330 909 971 972 973 -1
942: 2076 86 418 909 971 972 973 -1
943: 72 2378 2647 418 909 971 972 973 -1
944: 909 971 972 973 -1
945: 909 971 972 973 -1
946: 971 972 973 -1
947: 2647 2324 909 971 972 973 -1
948: 2338 909 971 972 973 -1
949: 971 972 973 -1
950: 2076 909 971 972 973 -1
951: 1642 1643 1644 909 971 972 973 -1
952: 1642 1643 1644 909 971 972 973 -1
953: 909 971 972 973 -1
954: 909 971 972 973 -1
955: 1642 1643 1644 909 971 972 973 -1
956: 1642 1643 1644 909 971 972 973 -1
957: 11 909 971 972 973 -1
958: 1641 1638 1642 1643 1644 909 971 972 973 -1
959: 909 971 972 973 -1
960: 909 971 972 973 -1
961: 1638 909 971 972 973 -1
962: 909 971 972 973 -1
963: 1642 1643 1644 909 971 972 973 -1
964: 1642 1643 1644 909 971 972 973 -1
965: 1638 1642 1643 1644 909 971 972 973 -1
966: 1643 1644 1642 909 971 972 973 -1
967: 1642 1643 1644 -1
968: 24 875 876 877 878 879 880 881 882 883 884 885 886 909 971 972 973 -1
969: 24 875 876 877 878 879 880 881 882 883 884 885 886 909 971 972 973 -1
970: 909 971 972 973 -1
971: 1010 907 889 -1
972: -1
973: 887 1010 -1
974: 1642 1643 1644 909 971 972 973 -1
975: 909 971 972 973 -1
976: 2378 909 971 972 973 -1
977: 2663 2309 106 1642 1643 1644 909 971 972 973 -1
978: 1651 1642 1643 971 2461 2262 1165 1644 909 972 973 -1
979: 414 2245 2741 909 971 972 973 -1
980: 1644 909 971 972 973 -1
981: 2646 2639 2329 909 971 972 973 -1
982: 1642 1643 1644 909 971 972 973 -1
983: 971 909 972 973 -1
984: 909 971 972 973 -1
985: 414 881 909 971 972 973 -1
986: 414 2376 1638 909 971 972 973 -1
987: 909 971 972 973 -1
988: 886 106 2696 83 909 971 972 973 -1
989: 909 971 972 973 -1
990: 2376 1650 909 971 972 973 -1
991: 702 2632 909 971 972 973 -1
992: 2076 86 418 909 971 972 973 -1
993: 909 971 972 973 -1
994: 2378 909 971 972 973 -1
995: 909 971 972 973 -1
996: 909 971 972 973 -1
997: 909 971 972 973 -1
998: 1638 909 971 972 973 -1
999: 909 971 972 973 -1
1000: 2330 971 972 973 -1
1001: 3083 2601 909 971 972 973 -1
1002: 1642 1643 1644 909 971 972 973 -1
1003: 1642 1643 1644 -1
1004: 909 971 972 973 -1
1005: 2706 148 169 1531 1928 2697 2705 909 971 972 973 -1
1006: 2262 909 971 972 973 -1
1007: 909 971 972 973 -1
1008: 1638 2382 2632 422 909 971 972 973 -1
1009: 909 971 972 973 -1
1010: 909 971 972 973 -1
1011: 1638 72 1643 1642 3083 909 971 972 973 -1
1012: 1638 11 2461 1647 909 971 972 973 -1
1013: 2338 1051 1081 909 971 972 973 -1
1014: 1638 2639 1309 909 971 972 973 -1
1015: 1642 1643 1644 909 971 972 973 -1
1016: 298 0 30 169 68 64 -1
1017: 1080 30 76 2948 2835 3149 -1
1018: 1080 741 2696 2748 30 2656 1205 2103 48 2357 11 867 88 104 -1
1019: 30 1049 1064 -1
1020: 0 170 1458 1060 160 18 166 183 34 442 1049 1081 30 68 211 2330 2126 2329 64 1051 2338 620 104 -1
1021: 2872 2950 31 2840 2962 2264 -1
1022: 160 31 -1
1023: 31 8 2658 86 -1
1024: 2944 31 261 14 2647 2669 2624 2132 2840 2984 2263 2968 -1
1025: -1
1026: 32 -1
1027: 425 -1
1028: -1
1029: -1
1030: -1
1031: 48 -1
1032: 2944 32 325 2348 2907 2933 1545 11 2968 2870 2329 2872 -1
1033: 1348 1733 447 2319 2311 2076 79 887 394 1968 2379 88 2381 32 2683 130 -1
1034: 34 92 442 1545 70 2339 2675 2663 2658 1968 840 32 86 2698 2796 66 1051 104 -1
1035: 2681 2263 55 0 15 2944 2889 2872 57 2983 2264 2 2907 2968 422 2896 2344 1698 1532 1963 60 1 2076 32 -1
1036: 2262 86 2976 2681 2975 2683 2654 2126 2961 867 1963 130 2757 1 40 2958 1532 2963 421 -1
1037: 2681 2961 1 2958 2963 421 -1
1038: 1025 1026 422 131 103 80 1700 74 284 2334 41 98 84 2694 44 166 850 2 2675 1532 -1
1039: 2334 371 46 32 62 421 -1
1040: 867 887 640 2047 33 -1
1041: 2697 40 394 8 688 140 757 2515 159 753 883 2363 33 702 77 -1
1042: 887 88 639 640 2647 1968 79 421 33 2933 52 -1
1043: 2348 18 33 2688 308 1050 -1
1044: 33 2334 2135 1895 258 -1
1045: 18 33 2684 39 -1
1046: 2696 2363 2310 18 2316 1230 2379 33 2353 1348 1290 1671 2076 86 2262 2357 1642 104 -1
1047: 33 -1
1048: 33 -1
1049: -1
1050: -1
1051: -1
1052: 34 -1
1053: 565 2392 2076 2142 8 3053 2383 1968 48 138 2349 639 3083 2330 876 0 2 2377 34 166 90 18 -1
1054: 2696 35 -1
1055: 2849 2388 134 422 8 2821 1968 771 66 2654 67 776 35 152 2322 -1
1056: 35 -1
1057: 35 2689 1050 1968 776 65 104 2698 2697 -1
1058: 2663 76 2382 8 35 -1
1059: 422 1027 1947 2683 1872 887 2712 76 131 2663 2692 2360 1949 3135 -1
1060: 56 40 53 100 36 58 2271 37 -1
1061: 36 -1
1062: 771 2679 40 130 -1
1063: -1
1064: -1
1065: 1064 -1
1066: 1064 -1
1067: 37 -1
1068: 1064 -1
1069: 1064 -1
1070: 1064 -1
1071: 753 159 -1
1072: 1064 -1
1073: -1
1074: 14 -1
1075: 57 -1
1076: 3080 3081 3082 57 599 1080 2317 14 3126 3127 3128 3129 3130 3131 3132 3133 3134 -1
1077: 3080 3081 3082 3126 3127 3128 3129 3130 3131 3132 3133 3134 -1
1078: 3134 -1
1079: 57 -1
1080: 3083 -1
1081: -1
1082: -1
1083: 1076 1074 -1
1084: 2581 2582 1080 -1
1085: 1080 589 57 -1
1086: 1080 2581 2582 1081 -1
1087: -1
1088: 1080 2581 1081 -1
1089: 1097 1027 -1
1090: 39 -1
1091: 2317 23 2655 2675 1547 86 148 2685 2686 -1
1092: 2153 39 2659 2179 2683 -1
1093: 39 -1
1094: 2153 39 2659 2179 2683 -1
1095: 151 1642 2262 2704 11 2321 72 105 420 51 39 82 2316 49 2330 -1
1096: 1147 -1
1097: 131 103 39 -1
1098: 1532 2287 39 103 2659 1111 1701 -1
1099: 1147 -1
1100: 39 131 1038 -1
1101: 130 103 39 -1
1102: 2690 -1
1103: 1147 2747 1111 138 1994 2287 39 2659 1532 103 1701 1027 798 2185 2964 -1
1104: 1911 2791 421 -1
1105: 39 131 1038 -1
1106: 39 131 1038 -1
1107: 39 -1
1108: 1147 -1
1109: -1
1110: -1
1111: 131 103 39 -1
1112: 2655 -1
1113: 2675 2677 2678 2679 1918 2681 59 2680 -1
1114: 40 2677 2678 2681 59 2680 -1
1115: 1113 266 2675 101 388 1391 40 102 44 1149 668 867 1522 846 -1
1116: 867 640 40 422 25 2675 2681 -1
1117: 166 2694 62 1680 -1
1118: 41 -1
1119: 41 -1
1120: 41 86 -1
1121: 42 2907 270 2939 2840 2872 2873 -1
1122: 42 640 -1
1123: 2338 42 -1
1124: 2972 2981 2984 2944 2840 2846 42 2457 11 1879 -1
1125: 2883 103 90 2665 2376 2310 28 2382 260 867 79 42 2316 64 39 2835 -1
1126: 2316 42 159 1205 -1
1127: 2840 42 -1
1128: 91 1546 1547 2457 2906 1968 2702 11 2849 48 372 2679 2837 86 25 2700 2685 2683 867 2261 640 3053 42 125 -1
1129: 2261 2756 42 2758 2113 -1
1130: 42 -1
1131: 2260 2261 2870 704 1968 2871 2886 2887 118 2977 2872 1923 2132 2675 2873 2264 42 2838 2876 2874 2846 1785 2964 2910 2850 1962 2878 2840 2787 2882 2968 2140 2851 -1
1132: 2338 2264 42 160 1922 -1
1133: 1550 2870 2756 2103 2371 2846 1083 2132 2264 1532 3053 42 2316 1968 2654 2329 2849 72 25 867 2681 -1
1134: 1534 2706 2705 42 1968 1912 -1
1135: 42 0 2382 2132 1968 2964 -1
1136: 2316 11 -1
1137: 2135 152 1049 64 95 42 2647 2338 0 2669 442 169 1051 2316 2367 1544 -1
1138: 1995 42 2338 -1
1139: 42 -1
1140: 2264 42 2271 2870 -1
1141: 2754 11 42 2756 1642 -1
1142: 2260 2261 2264 42 2846 -1
1143: 1779 1272 42 -1
1144: 2696 42 2194 2195 2196 -1
1145: 1176 0 2382 169 94 2639 42 2647 2316 2644 2646 2663 2376 2307 2649 2624 -1
1146: 2696 160 2354 2663 42 -1
1147: -1
1148: 25 63 18 -1
1149: -1
1150: -1
1151: 1150 -1
1152: 1150 45 -1
1153: 1150 45 -1
1154: 1150 -1
1155: 1150 2349 -1
1156: 1150 -1
1157: 1150 1170 -1
1158: 1150 -1
1159: 1150 2349 -1
1160: 1532 2655 2658 2262 1939 2654 48 1913 66 2675 86 130 2707 422 3036 1485 2135 1309 131 2849 867 45 3053 25 2681 -1
1161: 1150 45 2349 -1
1162: 1150 1170 -1
1163: 1150 45 -1
1164: 1150 1170 45 -1
1165: -1
1166: 45 -1
1167: 45 -1
1168: 1150 1170 -1
1169: 3036 45 86 867 422 2655 2707 66 1532 2654 2675 2135 25 2262 2681 1913 130 1485 2849 2658 1176 131 3053 1309 702 -1
1170: 45 -1
1171: 1170 1150 2349 45 -1
1172: 147 -1
1173: 47 867 -1
1174: 2317 47 -1
1175: 47 1968 -1
1176: -1
1177: -1
1178: 2654 1965 867 1935 1939 11 48 771 8 -1
1179: 18 2701 63 48 56 -1
1180: 18 99 102 64 56 48 116 52 -1
1181: 18 2696 160 63 102 48 -1
1182: 2766 1947 102 28 421 48 56 -1
1183: 48 8 11 867 1939 2654 1965 -1
1184: -1
1185: 50 2987 -1
1186: 50 1184 -1
1187: -1
1188: 2326 388 51 971 972 973 -1
1189: -1
1190: -1
1191: 130 69 40 48 2654 139 1544 131 2679 867 52 631 2758 869 2906 2133 422 86 2684 1947 1176 2681 2655 2135 816 11 2348 2453 2675 849 2457 2344 1785 25 2707 1546 1932 2683 2458 1968 2685 293 2047 2884 1027 2632 2659 2849 640 2697 1243 2451 2382 2836 19 2747 2360 91 702 -1
1192: -1
1193: -1
1194: 52 2847 1481 2701 2702 1741 77 869 1922 92 2262 3149 -1
1195: 52 -1
1196: 52 -1
1197: 52 3053 -1
1198: -1
1199: 1202 2135 -1
1200: 52 -1
1201: 1522 66 1545 269 52 867 2262 474 -1
1202: 52 -1
1203: 52 -1
1204: 52 -1
1205: -1
1206: -1
1207: 1545 2837 64 53 -1
1208: 18 422 53 336 99 1051 90 1081 0 102 -1
1209: 53 -1
1210: 53 -1
1211: 422 3053 2135 1532 2707 53 -1
1212: 2679 53 -1
1213: 54 15 1922 2262 169 2264 -1
1214: 2941 640 2691 48 2927 54 2987 -1
1215: 2360 2683 54 2382 887 -1
1216: 1643 2461 2126 54 2786 -1
1217: 2262 86 2888 54 2135 -1
1218: 55 -1
1219: 55 -1
1220: 1947 2697 40 2655 106 474 55 734 3083 -1
1221: 55 -1
1222: 8 55 688 1733 865 101 -1
1223: 55 -1
1224: 55 -1
1225: 55 -1
1226: 55 -1
1227: 55 640 90 867 2964 2909 2948 2840 2683 -1
1228: 3053 55 -1
1229: 1738 55 -1
1230: -1
1231: 55 -1
1232: 55 -1
1233: 55 2643 -1
1234: 1205 55 -1
1235: 2330 2126 55 -1
1236: 2846 640 55 -1
1237: 55 -1
1238: 55 -1
1239: 879 1536 474 1532 2679 55 1947 2774 130 96 117 69 2709 780 85 148 2675 1968 140 2655 106 83 159 2654 1110 2710 101 2933 -1
1240: 55 -1
1241: 55 -1
1242: 55 -1
1243: 55 293 2948 15 640 60 86 2870 -1
1244: 55 -1
1245: 1532 1533 1536 1537 1538 1539 1540 1542 1553 1762 869 474 1828 67 2679 55 2675 422 734 2334 2135 2654 1176 1105 2707 867 394 2348 86 96 3036 69 2701 2467 780 1761 1947 339 1545 1481 1981 130 2656 1968 2712 2655 865 1948 140 2262 83 2708 2388 2681 1753 1202 1110 737 771 101 1149 1543 40 546 1922 2933 2281 85 2711 1309 2779 1661 1698 2380 1527 2774 2684 1741 1697 27 246 -1
1246: 2658 55 -1
1247: 55 -1
1248: 1536 48 2135 55 -1
1249: 55 -1
1250: 3053 2679 2767 55 422 -1
1251: 55 39 2663 -1
1252: 56 2262 -1
1253: 2753 3149 3053 130 1176 2654 56 2141 -1
1254: 56 -1
1255: 48 56 -1
1256: 2681 867 2958 1252 56 -1
1257: 56 -1
1258: 56 372 -1
1259: 56 -1
1260: 2620 56 2036 -1
1261: 1947 2262 56 8 -1
1262: 56 1973 -1
1263: 8 56 -1
1264: 56 -1
1265: 2266 56 2646 2773 44 -1
1266: 56 -1
1267: 2758 2262 2133 2885 2893 2982 2984 1550 76 2639 2647 2907 2846 2663 56 2272 2968 2654 2840 2870 2126 11 60 639 2872 -1
1268: 56 -1
1269: 1532 2262 56 771 -1
1270: -1
1271: -1
1272: 1074 1076 -1
1273: -1
1274: 57 -1
1275: 57 -1
1276: 57 -1
1277: 57 -1
1278: 57 -1
1279: 57 -1
1280: 587 617 146 -1
1281: 2624 2605 2630 104 86 704 2376 2651 57 2378 2245 2666 2633 8 2262 2631 2645 1532 2319 2661 2654 1488 418 422 2681 94 3053 2643 2697 -1
1282: 90 57 1779 2711 2125 -1
1283: 867 57 -1
1284: 2330 2412 57 130 -1
1285: 2330 57 -1
1286: 57 -1
1287: 57 -1
1288: 57 -1
1289: 57 -1
1290: 57 -1
1291: 57 -1
1292: 48 2330 867 57 -1
1293: 2330 867 57 -1
1294: 57 -1
1295: 57 -1
1296: 57 -1
1297: 57 -1
1298: 57 -1
1299: 57 -1
1300: 57 2933 66 848 -1
1301: 57 -1
1302: 57 -1
1303: 57 -1
1304: 2330 867 2918 2272 57 -1
1305: 90 57 1779 2711 2125 -1
1306: -1
1307: 704 2697 1968 58 771 -1
1308: 58 2113 -1
1309: 18 58 865 1467 -1
1310: 1467 -1
1311: 59 116 2689 2330 -1
1312: 293 60 1963 2451 -1
1313: 1915 60 -1
1314: 60 -1
1315: 60 11 -1
1316: 60 11 -1
1317: 60 -1
1318: 60 -1
1319: 60 -1
1320: 640 60 -1
1321: 640 60 -1
1322: 640 60 -1
1323: 422 2129 11 1642 2665 2457 2697 2382 76 2620 -1
1324: 2349 2126 60 1643 -1
1325: 60 2872 1642 2461 2753 -1
1326: 104 2113 2135 3036 2749 11 2691 2846 2758 2840 2756 1968 2757 2457 640 60 2458 -1
1327: 640 60 -1
1328: 2870 60 -1
1329: 2262 60 -1
1330: 60 -1
1331: 2457 2691 2126 2127 880 3135 640 1083 60 -1
1332: 60 -1
1333: 1915 60 -1
1334: 2189 1947 60 3053 97 2193 1309 867 1877 -1
1335: 640 60 -1
1336: 640 60 -1
1337: 86 60 -1
1338: 1915 60 -1
1339: 1309 2262 60 1968 11 -1
1340: 3083 867 60 130 1968 3053 1947 2392 2142 -1
1341: -1
1342: 1205 740 1206 -1
1343: 61 1532 130 867 3053 -1
1344: 61 -1
1345: 61 867 1341 2135 1939 2076 2654 3053 1785 2392 2666 1532 771 130 11 -1
1346: 2360 -1
1347: 1532 62 46 422 2316 2617 72 -1
1348: 62 2388 -1
1349: 62 -1
1350: 25 2707 2963 2262 63 130 867 774 86 8 104 2643 2633 3053 2951 -1
1351: 63 -1
1352: 2103 2355 2132 8 63 115 65 2696 1968 704 104 2384 152 1937 -1
1353: 76 2360 1968 63 2153 -1
1354: 2132 63 -1
1355: 1050 2317 63 -1
1356: 63 -1
1357: 63 -1
1358: 48 8 63 867 2349 19 2388 40 67 127 1467 -1
1359: 63 -1
1360: 2457 63 869 160 -1
1361: 2701 63 -1
1362: 1050 2317 63 -1
1363: 18 63 0 2658 -1
1364: 11 63 -1
1365: 1968 63 -1
1366: 48 8 63 867 2349 19 40 67 127 -1
1367: 3083 95 64 63 -1
1368: 2639 2647 2316 1485 2849 1027 1358 2360 887 76 2663 2692 2382 1949 1968 -1
1369: 63 -1
1370: 95 2639 152 64 104 2696 2698 1968 140 159 3035 867 2339 160 0 2316 2378 887 2835 2357 2326 2756 1309 99 2346 63 2380 -1
1371: 104 2655 2338 2964 86 2889 63 422 -1
1372: 64 -1
1373: 741 -1
1374: 2461 48 2349 95 2135 64 1176 104 2906 422 27 1562 25 2654 11 2837 2756 -1
1375: 11 2756 2758 -1
1376: 131 1968 422 2378 2135 64 887 2262 2610 771 1309 2849 -1
1377: 798 -1
1378: 1704 1309 741 86 3149 104 2767 2696 1176 2748 1947 2135 2698 3053 2103 2883 2702 2262 1975 11 2752 8 -1
1379: 2322 422 11 1968 867 2700 1309 2358 2132 2639 48 2849 1081 64 8 3053 2349 104 39 151 2906 130 67 1532 2179 1947 2523 2135 1933 1176 2336 -1
1380: 3083 11 2707 2352 1968 2347 2338 105 2382 2663 76 64 1643 -1
1381: 2392 2132 64 -1
1382: 2322 422 1968 867 2700 2132 2639 48 2849 1081 64 8 3053 2349 104 39 1309 67 1532 1947 1933 11 1176 2336 -1
1383: 18 64 65 -1
1384: 18 2125 64 -1
1385: 418 0 2663 2354 2647 18 39 2842 2316 160 72 2376 2639 2378 64 1968 2132 95 -1
1386: 48 1968 2132 64 -1
1387: 64 -1
1388: 104 3149 2696 2698 2883 64 8 -1
1389: 64 169 95 1522 2706 -1
1390: 160 76 2382 2624 2316 887 64 2135 1968 867 2643 2360 102 -1
1391: 115 -1
1392: 65 -1
1393: 1947 1027 115 2388 151 65 -1
1394: 1532 -1
1395: 65 2613 48 2643 2697 8 104 -1
1396: 65 -1
1397: 2696 65 1245 1545 -1
1398: 65 -1
1399: 865 65 2515 -1
1400: 65 2696 -1
1401: 65 -1
1402: 65 -1
1403: 1698 1968 2654 1176 1981 2712 865 846 88 40 18 65 63 2452 2758 1191 4 256 887 -1
1404: 115 -1
1405: 1522 66 -1
1406: 1596 -1
1407: 1596 -1
1408: 1522 66 -1
1409: 1522 66 2698 -1
1410: 1522 66 -1
1411: 1522 66 -1
1412: 1522 66 -1
1413: 66 -1
1414: 1522 66 -1
1415: 1522 66 -1
1416: 1522 66 -1
1417: 1522 66 -1
1418: 1522 66 -1
1419: 1428 1431 -1
1420: 1428 1431 -1
1421: 1432 1428 1431 -1
1422: 1432 1451 1428 1431 -1
1423: 1428 1431 -1
1424: 1428 1431 -1
1425: 1428 1431 -1
1426: 1428 1431 -1
1427: 1428 1431 -1
1428: 67 -1
1429: 1428 1431 -1
1430: 1428 1431 -1
1431: -1
1432: 1421 1420 1423 1424 1426 1422 67 1419 1427 1428 1429 1430 1431 -1
1433: 1428 1431 -1
1434: 1428 1431 -1
1435: 1428 1431 -1
1436: 1428 1431 -1
1437: 67 -1
1438: 1428 1431 -1
1439: 1428 1431 -1
1440: 1428 1431 -1
1441: 1428 1431 -1
1442: 1428 1431 -1
1443: 1428 1431 -1
1444: 1428 1431 -1
1445: 1467 1428 1431 -1
1446: 1428 1431 -1
1447: 1431 -1
1448: 1428 1431 -1
1449: 1428 1431 -1
1450: 1428 1431 -1
1451: 1423 1445 1446 1434 1422 1421 1420 1424 1426 67 1419 1427 1428 1429 1430 1431 -1
1452: 1467 67 -1
1453: 1431 -1
1454: 1428 1431 -1
1455: 1428 1431 -1
1456: 67 1452 1453 -1
1457: 1419 1420 1421 1422 1423 1424 1425 1426 1427 1428 1429 1430 1431 -1
1458: 0 18 69 -1
1459: -1
1460: 2849 1243 2758 2451 2453 2382 293 2655 2884 91 86 69 2836 867 2685 -1
1461: 1785 86 422 79 1532 69 2697 2379 2796 2611 2610 1540 2360 414 -1
1462: 69 -1
1463: 96 69 -1
1464: 69 -1
1465: 160 2696 18 2354 64 2329 2872 2663 27 325 2382 1550 2374 14 1968 69 8 2840 28 72 -1
1466: -1
1467: -1
1468: 70 -1
1469: -1
1470: -1
1471: -1
1472: -1
1473: -1
1474: -1
1475: -1
1476: -1
1477: -1
1478: -1
1479: 1481 -1
1480: 71 702 -1
1481: 71 -1
1482: 1481 -1
1483: 71 1480 -1
1484: -1
1485: 72 -1
1486: 72 -1
1487: 72 -1
1488: 72 -1
1489: 72 -1
1490: 72 -1
1491: 72 11 -1
1492: 2392 702 72 -1
1493: 72 -1
1494: 72 -1
1495: 2076 72 27 -1
1496: 738 86 2412 72 740 -1
1497: 48 2392 2262 2601 72 1532 565 -1
1498: 72 2076 -1
1499: 72 -1
1500: 72 -1
1501: 72 -1
1502: 72 -1
1503: 1643 2461 2129 11 72 1642 -1
1504: 131 72 -1
1505: 2697 72 1063 1654 -1
1506: 72 -1
1507: 72 -1
1508: 72 -1
1509: 72 -1
1510: 72 -1
1511: 72 1949 -1
1512: 72 -1
1513: 72 -1
1514: 2616 -1
1515: 72 -1
1516: 72 -1
1517: 72 -1
1518: 72 -1
1519: 72 -1
1520: 816 -1
1521: 816 3083 -1
1522: -1
1523: -1
1524: -1
1525: -1
1526: -1
1527: -1
1528: 3134 -1
1529: -1
1530: -1
1531: -1
1532: -1
1533: -1
1534: -1
1535: -1
1536: -1
1537: -1
1538: -1
1539: -1
1540: -1
1541: -1
1542: 639 640 1467 -1
1543: -1
1544: -1
1545: 2701 2933 -1
1546: -1
1547: 1205 -1
1548: -1
1549: -1
1550: -1
1551: 2317 35 26 -1
1552: 2360 -1
1553: -1
1554: 1522 66 -1
1555: 169 2706 1558 -1
1556: 1522 66 -1
1557: 1522 66 -1
1558: 2706 169 702 -1
1559: 867 1785 146 115 -1
1560: 474 -1
1561: 1522 66 -1
1562: 1522 66 -1
1563: 79 2647 2639 2316 887 1968 1741 19 48 2690 1947 2684 1963 66 -1
1564: 130 2326 3053 -1
1565: 420 76 2036 1309 -1
1566: 420 76 2036 1309 -1
1567: 420 76 2036 1309 -1
1568: 420 76 2036 1309 -1
1569: 2685 40 2655 2683 76 867 -1
1570: 2835 2692 2382 2360 1968 2388 86 76 1699 -1
1571: 76 -1
1572: 1643 76 2382 2773 19 3083 -1
1573: 2262 76 1309 1532 2690 2382 2313 2371 2381 2316 2626 3053 414 -1
1574: 76 2757 8 2654 867 1176 61 704 1532 1923 -1
1575: 76 -1
1576: 2316 887 2850 76 1176 1536 2943 -1
1577: 76 1309 -1
1578: 2679 -1
1579: 420 76 2036 1309 -1
1580: 420 76 2036 1309 -1
1581: 2357 2245 76 2316 887 2656 2360 1962 2388 -1
1582: 86 40 76 2135 1698 2655 2703 -1
1583: 2651 76 -1
1584: 11 76 2316 79 2630 887 2613 -1
1585: 11 76 -1
1586: 76 2642 -1
1587: 2360 1965 76 2382 -1
1588: 420 76 2036 1309 -1
1589: 420 76 2036 1309 -1
1590: 420 76 2036 1309 -1
1591: 76 -1
1592: 103 76 -1
1593: 77 -1
1594: 1922 -1
1595: 2647 77 3053 1176 887 867 1963 2943 -1
1596: -1
1597: -1
1598: 1600 1602 -1
1599: -1
1600: 1598 1601 -1
1601: -1
1602: -1
1603: 78 -1
1604: 78 -1
1605: 78 -1
1606: 78 -1
1607: 78 -1
1608: 78 -1
1609: 2456 1600 1602 -1
1610: 2348 402 2135 78 2683 48 2078 -1
1611: 78 -1
1612: 2262 78 -1
1613: 2135 867 -1
1614: 2696 79 -1
1615: 79 3036 159 -1
1616: 887 79 2663 3083 2461 2354 -1
1617: 1968 2091 1642 2357 79 -1
1618: 27 704 2454 2461 3083 1859 1643 2605 79 971 1642 2455 130 72 2655 2619 -1
1619: 79 2646 1176 86 -1
1620: 2696 79 -1
1621: 2835 79 2316 2315 2321 1968 2381 -1
1622: 1968 422 79 2392 3083 3137 -1
1623: 422 11 79 3053 -1
1624: 79 -1
1625: 2617 2656 79 -1
1626: 160 2354 868 2663 79 422 -1
1627: 86 79 -1
1628: 79 -1
1629: 79 -1
1630: 79 2321 46 -1
1631: 3083 1738 1643 11 1642 2454 2461 971 420 79 2316 887 -1
1632: 79 2354 -1
1633: 80 -1
1634: 80 -1
1635: -1
1636: 422 2655 1532 80 3149 2654 2943 130 1935 1947 25 2681 2135 867 868 -1
1637: 2655 80 2312 -1
1638: -1
1639: 889 -1
1640: 889 1188 -1
1641: -1
1642: -1
1643: -1
1644: 889 -1
1645: 889 -1
1646: 889 -1
1647: 889 -1
1648: 889 -1
1649: 889 -1
1650: 889 -1
1651: -1
1652: 889 -1
1653: 72 25 2679 2655 40 -1
1654: 1968 -1
1655: 865 -1
1656: 82 -1
1657: 82 2268 -1
1658: 86 2756 2388 1698 2964 2185 3053 3083 151 72 2840 422 2179 1309 1701 2707 40 1027 82 2786 2659 2948 -1
1659: 11 2762 422 18 82 2761 1080 -1
1660: 452 -1
1661: -1
1662: 83 -1
1663: 83 2360 -1
1664: 1680 -1
1665: 1680 -1
1666: 83 -1
1667: 83 -1
1668: 83 -1
1669: 83 -1
1670: 83 -1
1671: -1
1672: 83 -1
1673: 83 474 140 -1
1674: 83 18 -1
1675: 83 -1
1676: 83 1661 -1
1677: 83 -1
1678: 474 83 -1
1679: -1
1680: 1838 -1
1681: 1838 -1
1682: 1838 -1
1683: 1838 -1
1684: 1838 -1
1685: 1838 1679 -1
1686: 1680 -1
1687: 1838 -1
1688: 1838 -1
1689: 1838 -1
1690: 1838 98 -1
1691: 1838 -1
1692: 1838 83 -1
1693: 1838 98 -1
1694: 1838 1699 1700 1703 1702 1704 1705 1701 -1
1695: 1838 -1
1696: 2036 1680 -1
1697: 1680 -1
1698: -1
1699: -1
1700: -1
1701: -1
1702: -1
1703: -1
1704: -1
1705: -1
1706: 1680 1681 1682 1683 1684 1685 1687 1688 1689 1690 1691 1692 1693 1694 1695 -1
1707: 1680 1681 1682 1683 1684 1685 1687 1688 1689 1690 1691 1692 1693 1694 1695 -1
1708: 1680 1681 1682 1683 1684 1685 1687 1688 1689 1690 1691 1692 1693 1694 1695 -1
1709: 1679 1680 -1
1710: 1680 1681 1682 1683 1684 1685 1687 1688 1689 1690 1691 1692 1693 1694 1695 -1
1711: 2036 1680 -1
1712: 1680 1681 1682 1683 1684 1685 1687 1688 1689 1690 1691 1692 1693 1694 1695 -1
1713: 1680 1681 1682 1683 1684 1685 1687 1688 1689 1690 1691 1692 1693 1694 1695 -1
1714: 1680 1681 1682 1683 1684 1685 1687 1688 1689 1690 1691 1692 1693 1694 1695 -1
1715: 2426 1532 2694 1038 84 72 1643 2091 -1
1716: 1680 1681 1682 1683 1684 1685 1687 1688 1689 1690 1691 1692 1693 1694 1695 -1
1717: 2617 1708 84 -1
1718: -1
1719: 85 -1
1720: 1718 10 28 -1
1721: 1718 10 28 -1
1722: 2076 2171 2842 2315 1643 867 1968 86 11 1536 1176 85 771 -1
1723: 85 -1
1724: 1718 10 28 -1
1725: 1718 10 28 -1
1726: 1718 10 28 -1
1727: -1
1728: 1697 104 86 -1
1729: 86 -1
1730: 2791 86 -1
1731: 2764 102 86 1741 96 4 1551 -1
1732: -1
1733: -1
1734: -1
1735: 86 2654 -1
1736: -1
1737: -1
1738: -1
1739: 1738 -1
1740: -1
1741: -1
1742: -1
1743: -1
1744: -1
1745: -1
1746: 833 -1
1747: 869 2262 88 1922 2848 -1
1748: 833 -1
1749: -1
1750: 2764 102 -1
1751: 2764 102 1073 -1
1752: 1073 -1
1753: 869 -1
1754: 2764 102 -1
1755: -1
1756: 88 -1
1757: 88 -1
1758: 2260 2941 2951 2379 2639 88 1974 2870 2873 2847 2126 1697 640 420 2103 2114 1293 1643 1699 48 60 3083 2601 -1
1759: 88 -1
1760: 2764 102 -1
1761: -1
1762: -1
1763: 2683 1705 1027 1701 2948 1658 88 640 372 144 -1
1764: 1766 -1
1765: -1
1766: 1765 -1
1767: 90 -1
1768: 2125 2338 86 2388 2681 2655 90 2027 1526 614 2881 -1
1769: 2126 90 -1
1770: 90 1532 2126 -1
1771: 90 -1
1772: 90 858 1947 60 640 639 2451 2683 -1
1773: 1818 90 2348 -1
1774: 0 371 1226 2076 410 2135 2126 90 293 1027 639 640 -1
1775: 90 -1
1776: 2126 90 -1
1777: 2126 90 1600 1602 -1
1778: 2126 1777 1598 90 104 -1
1779: 626 90 -1
1780: 18 90 2126 -1
1781: 1777 2126 1922 90 -1
1782: 2125 1957 130 90 1703 66 2262 -1
1783: 2126 90 -1
1784: 3122 90 2655 -1
1785: 1947 90 -1
1786: 1807 60 640 2457 2126 1777 90 -1
1787: -1
1788: -1
1789: 2061 -1
1790: 2062 2061 1787 -1
1791: 2064 -1
1792: 91 86 2135 2675 1596 125 2458 1968 25 2685 372 1922 11 2681 2456 -1
1793: 91 2685 2756 2457 86 -1
1794: 91 -1
1795: 1787 -1
1796: 2061 1787 -1
1797: 1787 -1
1798: 1787 -1
1799: 2064 1787 -1
1800: 91 -1
1801: 91 86 2697 -1
1802: 91 2685 86 2933 2458 2888 151 -1
1803: 1787 -1
1804: 2062 -1
1805: 1787 -1
1806: 1787 -1
1807: -1
1808: 2064 -1
1809: 1787 -1
1810: 1787 -1
1811: 1787 -1
1812: 771 91 130 422 -1
1813: 91 2840 -1
1814: 91 -1
1815: -1
1816: 1787 -1
1817: 2063 1787 -1
1818: -1
1819: 91 2840 -1
1820: 2749 2758 2757 91 2461 -1
1821: 771 91 130 422 -1
1822: 1309 -1
1823: 92 131 422 3134 2697 1309 -1
1824: 92 422 -1
1825: 159 640 92 2127 -1
1826: 92 -1
1827: 92 -1
1828: -1
1829: 2081 -1
1830: -1
1831: -1
1832: -1
1833: -1
1834: 2036 1680 -1
1835: 2036 1680 -1
1836: 2036 1680 -1
1837: 2036 1680 -1
1838: -1
1839: 2706 2658 422 1920 867 1531 2262 94 -1
1840: 2706 94 2675 -1
1841: 86 2661 2360 94 2786 104 160 -1
1842: -1
1843: 2262 94 1963 -1
1844: 2661 1488 418 1532 2654 2681 94 422 2943 -1
1845: 887 2036 94 2651 2388 2692 1949 447 1968 86 2675 2835 422 2382 2461 704 -1
1846: 2705 169 94 2706 -1
1847: 2883 94 2908 2843 2984 2956 -1
1848: 422 1546 425 25 2185 1698 131 94 2179 1973 2659 -1
1849: 867 116 1522 1531 2705 169 1963 1928 1534 2702 1968 1912 1920 94 1933 -1
1850: 95 1049 -1
1851: 867 2336 95 -1
1852: 2696 2681 1545 2675 95 865 2686 2708 -1
1853: 2185 2132 2382 1968 95 64 867 -1
1854: 95 1912 2706 -1
1855: 64 95 63 -1
1856: 95 -1
1857: -1
1858: 96 1857 -1
1859: -1
1860: 96 -1
1861: 2121 96 -1
1862: 96 101 -1
1863: 2906 96 1309 2774 2791 8 104 2133 2262 867 -1
1864: 96 2338 -1
1865: 96 2654 -1
1866: 2338 96 -1
1867: 1857 96 -1
1868: -1
1869: -1
1870: -1
1871: -1
1872: -1
1873: -1
1874: -1
1875: -1
1876: -1
1877: -1
1878: -1
1879: -1
1880: -1
1881: 422 1531 1869 -1
1882: 1869 -1
1883: 97 130 -1
1884: 1879 97 -1
1885: 422 -1
1886: 97 -1
1887: 97 -1
1888: 97 -1
1889: 1869 -1
1890: 97 -1
1891: 2135 1536 2654 422 97 2193 130 1923 66 1190 131 1532 1947 867 2262 -1
1892: 98 -1
1893: 98 394 -1
1894: 2316 371 72 46 2360 104 98 2412 1701 1833 1698 -1
1895: 166 328 98 876 131 260 850 -1
1896: 99 2126 2317 -1
1897: 99 -1
1898: 18 99 2268 2266 2270 8 2654 2267 1532 2655 2346 -1
1899: 1533 101 -1
1900: 101 2160 -1
1901: 1585 2270 1545 474 140 1968 1922 40 1532 2710 1947 48 1920 1533 2654 2655 2345 101 86 1149 776 2776 1176 83 2675 -1
1902: -1
1903: -1
1904: -1
1905: -1
1906: -1
1907: -1
1908: -1
1909: 1147 2696 79 -1
1910: -1
1911: -1
1912: -1
1913: -1
1914: -1
1915: -1
1916: -1
1917: 102 -1
1918: -1
1919: -1
1920: -1
1921: -1
1922: -1
1923: -1
1924: -1
1925: 2402 -1
1926: -1
1927: -1
1928: -1
1929: -1
1930: 2124 -1
1931: -1
1932: -1
1933: -1
1934: -1
1935: -1
1936: -1
1937: -1
1938: -1
1939: -1
1940: -1
1941: -1
1942: -1
1943: -1
1944: -1
1945: -1
1946: -1
1947: -1
1948: -1
1949: -1
1950: -1
1951: -1
1952: -1
1953: -1
1954: -1
1955: -1
1956: -1
1957: -1
1958: -1
1959: -1
1960: -1
1961: -1
1962: -1
1963: -1
1964: -1
1965: -1
1966: -1
1967: -1
1968: -1
1969: -1
1970: -1
1971: -1
1972: -1
1973: 869 -1
1974: -1
1975: -1
1976: 130 1643 2103 102 1642 2461 11 2837 869 420 2455 2658 -1
1977: 102 -1
1978: 90 2126 1971 102 -1
1979: 102 -1
1980: 40 1485 2316 2710 2668 2840 102 -1
1981: 102 18 1073 -1
1982: 102 -1
1983: 102 -1
1984: 102 2774 -1
1985: 1736 125 102 867 18 146 2697 -1
1986: 98 2125 215 102 18 -1
1987: 102 -1
1988: 2696 102 -1
1989: -1
1990: 1147 2694 2659 2287 2681 328 2839 422 72 1834 1546 246 138 -1
1991: 103 702 -1
1992: 103 1991 -1
1993: 2694 2659 72 328 422 1834 246 2948 1680 2690 2683 1963 -1
1994: 2694 2659 2287 2681 328 2839 422 72 1834 1546 246 138 2948 1680 2690 2683 1963 -1
1995: 2933 1947 1949 2684 104 771 422 704 1933 2355 2605 2614 2630 146 126 3053 2849 2344 1536 1968 48 2675 8 131 867 1309 2357 2696 40 2698 3149 1190 27 2336 2697 1080 86 2312 1081 2347 -1
1996: 104 2696 -1
1997: 2748 2747 104 2696 2697 2757 -1
1998: 104 2696 2698 2697 -1
1999: 104 2696 2748 -1
2000: 104 2696 2748 2749 2461 2656 2103 48 2779 3149 1536 2752 8 -1
2001: 104 2621 -1
2002: 104 2696 -1
2003: 104 2696 2697 -1
2004: 104 2696 2697 -1
2005: 104 -1
2006: 64 2697 2748 704 2696 104 -1
2007: 2696 104 -1
2008: 704 2697 104 1968 2698 -1
2009: 105 -1
2010: 39 2639 105 -1
2011: 105 -1
2012: 105 -1
2013: 105 -1
2014: 2360 79 169 2316 2617 72 105 420 -1
2015: 105 -1
2016: 416 1697 1963 130 2617 420 72 105 422 -1
2017: 105 -1
2018: 105 -1
2019: 105 -1
2020: 105 -1
2021: 130 422 1532 48 1947 105 79 -1
2022: 418 105 2315 2314 -1
2023: 105 -1
2024: 2963 105 -1
2025: 105 1484 -1
2026: 105 420 -1
2027: 40 11 1643 1703 2461 418 105 420 1532 86 -1
2028: 105 -1
2029: 2943 1532 2091 887 2656 72 105 -1
2030: 105 -1
2031: 2613 2381 105 418 90 -1
2032: 72 105 2378 2647 -1
2033: 105 -1
2034: 105 2601 -1
2035: 105 -1
2036: 420 2262 2651 105 -1
2037: 105 -1
2038: 79 105 -1
2039: 79 105 -1
2040: 105 -1
2041: 105 -1
2042: 105 -1
2043: 86 878 -1
2044: 106 -1
2045: 48 164 422 86 1968 2654 2712 1785 2344 867 2655 1532 2774 130 25 833 1922 640 2457 1176 2836 -1
2046: 2981 106 -1
2047: 2679 86 40 2675 2655 2344 2943 2654 1532 867 422 2135 2681 27 2347 414 2133 1922 2658 2348 2692 1973 1785 2262 869 2113 640 1947 1176 2687 25 1961 2707 1939 2704 2933 106 2774 2701 2690 2883 1309 1918 2769 2768 2143 1546 1968 1550 8 771 2809 2685 11 1596 48 2696 2962 2843 2846 293 2948 2683 2458 1703 2884 2835 2849 2870 2961 3149 1931 1700 130 18 2876 2877 1963 268 2842 -1
2048: 11 -1
2049: 131 106 -1
2050: 640 2461 -1
2051: 106 -1
2052: 2774 106 -1
2053: 86 104 2837 -1
2054: 1643 2461 -1
2055: 2990 867 2135 1596 2263 2264 2338 2762 2272 86 2774 1922 2885 2261 2889 2872 2983 2950 2870 2461 2329 2185 422 293 -1
2056: 146 18 64 442 1532 -1
2057: 106 -1
2058: 2113 2774 2126 2749 3083 11 86 104 0 2316 2846 2840 422 2329 40 640 1947 867 2262 848 2683 639 -1
2059: 640 2981 -1
2060: 2981 106 -1
2061: -1
2062: -1
2063: -1
2064: -1
2065: 1787 -1
2066: 1787 -1
2067: 104 2656 107 -1
2068: 107 2656 104 2067 -1
2069: 107 2656 8 104 702 -1
2070: 108 -1
2071: -1
2072: 867 104 2135 2654 108 48 2349 -1
2073: 108 66 48 2349 -1
2074: 2702 2658 2706 130 2135 422 2699 2697 108 1912 2262 -1
2075: 867 104 2135 2654 108 48 2349 -1
2076: -1
2077: 2081 -1
2078: 2081 -1
2079: -1
2080: 2081 -1
2081: 2076 2077 2078 2079 2080 2082 2083 -1
2082: -1
2083: -1
2084: 7 -1
2085: 51 -1
2086: 166 -1
2087: 2694 -1
2088: 876 -1
2089: 328 -1
2090: 2259 -1
2091: 2081 -1
2092: 2081 -1
2093: 2081 -1
2094: 2297 -1
2095: 2295 -1
2096: 18 102 2376 1968 -1
2097: 2295 -1
2098: 2081 -1
2099: 2081 -1
2100: 371 -1
2101: 2690 -1
2102: 3083 -1
2103: -1
2104: 1205 -1
2105: -1
2106: -1
2107: -1
2108: -1
2109: -1
2110: 2081 -1
2111: -1
2112: 2109 2108 2107 -1
2113: -1
2114: 114 1922 -1
2115: 1968 1553 2132 115 152 2336 -1
2116: 115 1049 -1
2117: 64 115 104 152 134 146 -1
2118: 2902 -1
2119: 2681 867 2706 116 2663 40 2387 -1
2120: 2457 2113 2902 2910 2939 2757 2987 -1
2121: -1
2122: 422 1785 2262 116 -1
2123: 116 -1
2124: -1
2125: -1
2126: -1
2127: -1
2128: 57 586 587 588 129 589 -1
2129: -1
2130: 2124 -1
2131: 2658 634 1596 8 2686 2336 1109 404 405 3036 1531 260 117 57 1544 2193 -1
2132: -1
2133: -1
2134: -1
2135: 2262 118 -1
2136: 2968 2343 2349 -1
2137: 2964 118 -1
2138: 118 2838 2975 2944 11 -1
2139: 118 172 1550 11 2137 8 2846 2981 2975 2984 867 2315 1309 -1
2140: 126 118 2964 2968 -1
2141: -1
2142: 2141 -1
2143: -1
2144: 2142 -1
2145: -1
2146: -1
2147: -1
2148: -1
2149: -1
2150: 2147 2148 2149 -1
2151: 2147 2148 2149 -1
2152: -1
2153: -1
2154: 2316 2663 1968 1309 -1
2155: -1
2156: -1
2157: 121 -1
2158: -1
2159: 2155 2171 -1
2160: -1
2161: -1
2162: 2155 2171 -1
2163: 2155 2171 -1
2164: 2155 2171 -1
2165: 2156 2155 2171 -1
2166: 2155 2156 2157 2158 -1
2167: 2155 2157 2156 -1
2168: 2155 2157 2156 -1
2169: 2155 2157 2156 -1
2170: 2262 121 -1
2171: 121 -1
2172: 2654 121 -1
2173: 2155 2157 2156 -1
2174: 2155 2171 -1
2175: 2155 2171 -1
2176: -1
2177: -1
2178: -1
2179: -1
2180: 2185 -1
2181: 2185 -1
2182: 2185 -1
2183: 2185 -1
2184: 2185 -1
2185: -1
2186: 2185 -1
2187: 2185 -1
2188: 2185 -1
2189: -1
2190: 2375 2193 -1
2191: 2193 1532 2192 -1
2192: 1532 2193 -1
2193: -1
2194: -1
2195: -1
2196: -1
2197: 2194 2195 2196 -1
2198: 2194 2195 2196 -1
2199: 2194 2195 2196 -1
2200: 2194 2195 2196 -1
2201: 2194 2195 2196 -1
2202: 125 -1
2203: 2756 125 -1
2204: 2685 2933 2348 2655 125 422 -1
2205: 2194 2195 2196 -1
2206: 2194 2195 2196 -1
2207: 2194 2195 2196 -1
2208: 2194 2195 2196 -1
2209: 2194 2195 2196 -1
2210: 2194 2195 2196 -1
2211: 2194 2195 2196 -1
2212: 125 -1
2213: 125 -1
2214: 2194 2195 2196 -1
2215: 2194 2195 2196 -1
2216: 2194 2195 2196 -1
2217: 2194 2195 2196 -1
2218: 2194 2195 2196 -1
2219: 2194 2195 2196 -1
2220: 125 -1
2221: 640 1596 125 1968 2685 2683 2951 -1
2222: 86 2456 2685 125 869 2679 -1
2223: 2675 86 1596 125 869 1968 372 130 1704 -1
2224: 125 -1
2225: 125 -1
2226: 125 -1
2227: 2194 2195 2196 -1
2228: 2194 2195 2196 -1
2229: 2194 2195 2196 -1
2230: 2194 2195 2196 -1
2231: 2194 2195 2196 -1
2232: 125 -1
2233: 2194 2195 2196 -1
2234: 2194 2195 2196 -1
2235: 2194 2195 2196 -1
2236: 2194 2195 2196 -1
2237: 2194 2195 2196 -1
2238: 2194 2195 2196 -1
2239: 125 -1
2240: 125 -1
2241: 125 -1
2242: -1
2243: -1
2244: -1
2245: -1
2246: 2244 -1
2247: 2244 -1
2248: 2244 -1
2249: 2244 -1
2250: 2244 -1
2251: 2244 2245 -1
2252: 2081 -1
2253: 2244 -1
2254: 2244 -1
2255: 2244 -1
2256: 2244 -1
2257: 2244 -1
2258: 2244 -1
2259: -1
2260: -1
2261: -1
2262: -1
2263: -1
2264: -1
2265: 1205 -1
2266: -1
2267: -1
2268: -1
2269: 1532 -1
2270: -1
2271: 2392 2393 741 -1
2272: -1
2273: 2274 -1
2274: -1
2275: 2274 -1
2276: 2274 -1
2277: 2274 -1
2278: 2274 -1
2279: 2274 -1
2280: 2336 2374 2324 129 2310 2329 2646 -1
2281: -1
2282: 130 -1
2283: -1
2284: 131 1963 2291 -1
2285: 158 394 634 1697 2996 1532 1698 414 867 131 2994 -1
2286: 158 394 634 1697 2996 1532 1698 414 867 131 2994 -1
2287: -1
2288: 1965 2655 2943 40 131 2646 640 867 3083 1027 1701 2692 1785 2382 2821 23 2849 48 1643 2835 -1
2289: 2963 79 2312 131 2316 130 86 1949 422 -1
2290: -1
2291: 1963 131 702 -1
2292: 39 131 1038 -1
2293: 132 -1
2294: 11 1532 132 1947 55 2611 -1
2295: -1
2296: 134 -1
2297: 134 -1
2298: 134 -1
2299: 134 1968 771 2132 2655 867 86 1785 704 2301 -1
2300: 134 -1
2301: 2132 134 1968 86 867 704 2655 1785 771 -1
2302: 134 1176 2376 -1
2303: 2132 2632 1968 867 1785 86 134 704 771 2655 -1
2304: 2376 134 2329 -1
2305: 2113 1933 2706 134 1309 -1
2306: 1968 2343 160 2382 2618 2378 2354 2639 2663 -1
2307: -1
2308: 1785 2270 422 2135 2632 160 2655 2371 2343 2316 2669 2665 -1
2309: -1
2310: -1
2311: -1
2312: -1
2313: 2263 2338 2967 -1
2314: -1
2315: -1
2316: -1
2317: 2573 -1
2318: -1
2319: -1
2320: -1
2321: -1
2322: -1
2323: -1
2324: -1
2325: -1
2326: -1
2327: 2696 72 1642 3071 160 -1
2328: 2376 909 2 14 2639 2647 11 72 1968 -1
2329: 8 867 2646 2837 2341 1532 27 -1
2330: 90 -1
2331: -1
2332: 771 422 394 2643 2309 2515 2310 1533 474 55 1922 3036 169 757 2262 2374 2675 159 101 887 -1
2333: -1
2334: 2360 1147 -1
2335: -1
2336: -1
2337: -1
2338: -1
2339: -1
2340: -1
2341: 1532 -1
2342: 2360 -1
2343: -1
2344: -1
2345: -1
2346: -1
2347: -1
2348: -1
2349: -1
2350: -1
2351: -1
2352: -1
2353: -1
2354: -1
2355: -1
2356: -1
2357: -1
2358: -1
2359: -1
2360: -1
2361: -1
2362: -1
2363: 1540 1968 -1
2364: 2316 2647 2329 2667 2376 -1
2365: -1
2366: 2376 86 14 2316 2647 2669 2639 2663 2604 72 1642 1643 -1
2367: -1
2368: 2307 0 2367 12 -1
2369: 160 2132 79 -1
2370: 2643 418 -1
2371: -1
2372: -1
2373: -1
2374: -1
2375: -1
2376: 867 2667 25 -1
2377: -1
2378: -1
2379: -1
2380: 325 343 1235 347 1672 332 335 -1
2381: -1
2382: -1
2383: -1
2384: 131 -1
2385: 130 -1
2386: 2133 -1
2387: -1
2388: -1
2389: -1
2390: 2655 2135 86 25 2883 2675 2310 135 1042 -1
2391: 2345 2621 90 2135 135 2756 2639 2642 2316 11 2663 2685 160 2354 -1
2392: -1
2393: -1
2394: 2696 -1
2395: 136 -1
2396: 2271 48 -1
2397: 2271 2441 86 -1
2398: 2135 2348 2271 1698 2441 86 2697 -1
2399: 2271 -1
2400: 8 2113 2654 130 771 48 2271 -1
2401: 2125 2271 2272 2264 130 -1
2402: 867 1947 2271 48 -1
2403: 2271 -1
2404: 2260 2261 2262 2263 10 2264 2265 2266 2267 2268 2269 2270 2271 2272 -1
2405: -1
2406: 2757 2348 2271 1698 2933 86 -1
2407: 2113 48 2271 -1
2408: 2113 48 2271 -1
2409: 422 867 2271 -1
2410: 278 -1
2411: -1
2412: -1
2413: 1965 138 1309 2412 565 -1
2414: 2786 138 -1
2415: 2360 2747 2683 798 2437 138 2416 1532 -1
2416: 138 2437 -1
2417: 1680 -1
2418: 1643 2072 2749 2761 2762 2910 3083 867 138 2055 -1
2419: 138 -1
2420: 740 -1
2421: 1697 138 1532 11 1704 2435 2747 -1
2422: 138 2348 702 565 -1
2423: 1974 2688 2451 2889 867 1922 1951 278 2442 138 2747 -1
2424: 1532 2287 138 2135 2704 3149 -1
2425: 138 -1
2426: 2659 2839 422 1546 138 2948 1680 2690 2683 1963 -1
2427: 138 2412 -1
2428: 2360 2747 2683 798 2437 138 2416 1532 -1
2429: 138 2412 -1
2430: 138 740 -1
2431: 1922 138 1698 2412 2452 2849 86 2846 640 1176 2451 -1
2432: 138 -1
2433: 138 -1
2434: 740 -1
2435: 138 2262 -1
2436: 278 138 -1
2437: 740 -1
2438: 138 1027 1701 -1
2439: 1027 2185 2757 2683 138 -1
2440: 1643 2749 2691 138 -1
2441: 138 -1
2442: 138 104 1027 2948 1701 3135 2126 -1
2443: 138 816 -1
2444: 138 -1
2445: 138 -1
2446: 138 -1
2447: 2814 138 640 -1
2448: 1609 138 2412 -1
2449: -1
2450: 2451 2452 2453 -1
2451: -1
2452: 139 -1
2453: 139 2462 2479 -1
2454: -1
2455: -1
2456: -1
2457: -1
2458: -1
2459: -1
2460: 3089 3097 3134 -1
2461: -1
2462: -1
2463: -1
2464: -1
2465: -1
2466: -1
2467: 2696 2479 663 1532 1927 2712 -1
2468: -1
2469: -1
2470: -1
2471: -1
2472: 139 -1
2473: 139 48 11 1947 2262 3053 -1
2474: 139 -1
2475: 139 -1
2476: 139 2099 -1
2477: 2452 -1
2478: 2654 640 139 -1
2479: -1
2480: 2452 -1
2481: 2452 -1
2482: 139 2329 2341 2646 -1
2483: 139 640 3053 130 48 -1
2484: 139 -1
2485: 139 86 -1
2486: 2160 2459 139 640 -1
2487: 139 2762 -1
2488: 139 2872 2870 -1
2489: 139 -1
2490: 139 -1
2491: 139 -1
2492: 2452 -1
2493: 2452 -1
2494: 139 130 -1
2495: 139 1968 86 -1
2496: 139 2870 -1
2497: 139 2697 11 27 704 2757 1309 130 422 86 1785 2658 2383 2611 -1
2498: 139 -1
2499: 139 -1
2500: 2452 2451 2453 -1
2501: 2452 2453 -1
2502: 2453 2452 1596 -1
2503: 139 11 -1
2504: 139 2076 1643 1532 2846 2047 11 867 971 422 -1
2505: 139 -1
2506: 139 2687 1176 -1
2507: 639 139 2452 -1
2508: 2512 -1
2509: 159 -1
2510: 2514 77 -1
2511: 2514 77 -1
2512: -1
2513: 140 -1
2514: 140 -1
2515: 140 1968 2307 2316 2756 887 -1
2516: 140 -1
2517: 140 88 -1
2518: 140 -1
2519: 140 -1
2520: 140 -1
2521: 140 -1
2522: 140 -1
2523: 141 147 -1
2524: 141 -1
2525: 141 2523 -1
2526: 141 2523 -1
2527: 141 2523 -1
2528: 141 2523 -1
2529: 141 2523 -1
2530: 141 2523 -1
2531: 141 2523 -1
2532: 2732 141 1172 2655 2684 422 2681 2652 2523 -1
2533: 2732 141 2523 -1
2534: 141 2523 -1
2535: 141 2523 -1
2536: 141 2523 -1
2537: 141 2523 -1
2538: 141 2523 -1
2539: 141 2523 -1
2540: 141 2523 -1
2541: 141 2523 -1
2542: 141 86 2561 -1
2543: 2769 141 147 -1
2544: 141 2523 -1
2545: 141 2523 -1
2546: 141 2523 -1
2547: 141 2523 -1
2548: 141 2523 -1
2549: 141 2523 -1
2550: 141 2523 -1
2551: 2732 141 2523 -1
2552: 141 147 -1
2553: 141 2523 -1
2554: 141 2523 -1
2555: 141 2523 -1
2556: 141 2523 -1
2557: 141 2523 -1
2558: 141 2523 -1
2559: 2732 141 2523 -1
2560: 2732 141 2523 -1
2561: 86 141 -1
2562: 141 -1
2563: 141 2523 -1
2564: 141 2523 -1
2565: 141 2523 -1
2566: 141 2523 -1
2567: 141 2523 -1
2568: 141 2523 -1
2569: 141 2523 -1
2570: 141 2523 -1
2571: 141 2523 -1
2572: 141 2523 -1
2573: 2317 -1
2574: 2696 2646 1968 2103 2357 -1
2575: 48 2132 1081 1962 -1
2576: 2132 1081 1522 2639 1968 -1
2577: 2178 2179 2757 -1
2578: 11 2132 1081 -1
2579: 418 2310 72 2317 2756 -1
2580: 1081 867 11 -1
2581: 1080 1081 1088 616 1084 1082 -1
2582: 1080 1081 604 -1
2583: 2639 2316 2307 1081 2647 2329 160 2376 0 2669 2663 -1
2584: 2757 2317 3053 2357 2179 3051 -1
2585: 1081 2821 -1
2586: 2681 2135 2317 1642 2621 1785 -1
2587: 1081 130 422 11 3053 2349 2611 2697 -1
2588: 1081 1965 2669 867 8 11 -1
2589: 2135 2944 160 2604 2376 1081 2933 2767 2697 -1
2590: 704 1309 86 2618 2933 104 2576 2583 3051 2647 142 2349 1968 2748 2749 -1
2591: 11 86 1081 -1
2592: 1968 2132 1081 2821 11 -1
2593: 2317 -1
2594: 2321 2357 2316 79 2317 11 1011 -1
2595: -1
2596: 2595 -1
2597: -1
2598: 2601 -1
2599: 2601 -1
2600: 3053 -1
2601: -1
2602: 2601 -1
2603: 2601 -1
2604: -1
2605: -1
2606: 104 1968 -1
2607: -1
2608: -1
2609: -1
2610: -1
2611: -1
2612: -1
2613: 2669 -1
2614: -1
2615: 740 -1
2616: -1
2617: -1
2618: -1
2619: -1
2620: -1
2621: -1
2622: -1
2623: -1
2624: -1
2625: -1
2626: -1
2627: 2147 2148 2149 -1
2628: -1
2629: -1
2630: -1
2631: -1
2632: -1
2633: -1
2634: -1
2635: -1
2636: 130 771 1049 3053 2639 2382 11 2338 2316 48 104 -1
2637: -1
2638: -1
2639: -1
2640: -1
2641: -1
2642: -1
2643: 2757 -1
2644: -1
2645: -1
2646: -1
2647: -1
2648: -1
2649: -1
2650: -1
2651: -1
2652: -1
2653: -1
2654: -1
2655: 86 -1
2656: -1
2657: -1
2658: -1
2659: -1
2660: -1
2661: -1
2662: -1
2663: -1
2664: -1
2665: -1
2666: -1
2667: 1190 -1
2668: -1
2669: 1968 160 2354 868 2663 1949 2681 2741 2733 -1
2670: 2696 144 -1
2671: 144 2617 2343 -1
2672: 2639 2617 144 72 11 2316 2647 0 2663 -1
2673: 144 2669 418 1643 1642 11 2461 3083 -1
2674: 144 2669 72 418 1995 2354 160 2663 2132 2103 -1
2675: -1
2676: -1
2677: -1
2678: -1
2679: -1
2680: -1
2681: -1
2682: -1
2683: -1
2684: 148 -1
2685: -1
2686: -1
2687: -1
2688: -1
2689: -1
2690: -1
2691: -1
2692: -1
2693: -1
2694: -1
2695: -1
2696: -1
2697: -1
2698: -1
2699: -1
2700: -1
2701: -1
2702: -1
2703: -1
2704: -1
2705: -1
2706: -1
2707: -1
2708: -1
2709: -1
2710: -1
2711: -1
2712: -1
2713: 104 146 1968 -1
2714: 146 -1
2715: 146 -1
2716: 2245 2933 1947 1965 2697 103 1544 2630 86 3053 104 146 27 3149 1949 115 2388 3058 1176 48 867 2679 2718 2719 8 422 2262 1962 1968 2613 2684 704 2605 2614 2849 2681 131 2675 2135 64 66 67 2639 2382 2646 1833 82 2617 18 79 2659 -1
2717: 146 3149 -1
2718: 2901 1051 2355 146 -1
2719: -1
2720: 146 11 -1
2721: 2355 146 1947 25 -1
2722: 2355 146 704 -1
2723: 704 146 1643 -1
2724: 146 -1
2725: 130 2326 146 704 -1
2726: 18 146 1923 -1
2727: 146 -1
2728: 2132 160 -1
2729: 103 2933 1176 2696 86 146 1532 704 104 2135 -1
2730: 146 -1
2731: 146 -1
2732: 2523 -1
2733: 147 -1
2734: 147 -1
2735: 147 -1
2736: 147 -1
2737: 147 -1
2738: 2523 -1
2739: 2523 -1
2740: 565 147 -1
2741: 147 -1
2742: 147 -1
2743: -1
2744: 1918 86 -1
2745: 40 130 148 -1
2746: 1918 86 -1
2747: -1
2748: -1
2749: -1
2750: -1
2751: -1
2752: -1
2753: 2758 -1
2754: -1
2755: -1
2756: -1
2757: -1
2758: -1
2759: -1
2760: -1
2761: -1
2762: -1
2763: -1
2764: 102 -1
2765: -1
2766: -1
2767: -1
2768: -1
2769: -1
2770: -1
2771: -1
2772: -1
2773: -1
2774: -1
2775: -1
2776: -1
2777: -1
2778: -1
2779: -1
2780: 2791 2748 8 -1
2781: 565 704 2129 2783 2785 90 -1
2782: -1
2783: 104 2781 -1
2784: -1
2785: -1
2786: 86 -1
2787: -1
2788: -1
2789: 2774 2759 -1
2790: 96 -1
2791: -1
2792: 1829 1830 1831 0 15 1832 1833 2968 -1
2793: -1
2794: -1
2795: -1
2796: -1
2797: 2944 -1
2798: 2887 -1
2799: 1550 2846 -1
2800: 2967 -1
2801: 2263 1968 2968 -1
2802: 151 -1
2803: 151 -1
2804: 151 130 11 3083 1532 2692 -1
2805: 151 -1
2806: 2679 2655 151 -1
2807: 11 151 -1
2808: 1643 1642 3083 1546 151 2647 2658 -1
2809: 1546 425 1701 3053 1027 151 2683 2757 -1
2810: 1968 3053 741 2392 422 1309 -1
2811: 867 887 2836 151 72 2451 -1
2812: 151 -1
2813: 151 -1
2814: 151 2756 2749 48 8 1176 867 2658 2655 798 2113 2135 2457 -1
2815: 151 -1
2816: 86 2135 131 2681 130 422 151 1563 -1
2817: -1
2818: 3053 152 -1
2819: 3053 152 67 -1
2820: 115 152 1968 -1
2821: -1
2822: 153 -1
2823: 153 -1
2824: 153 -1
2825: -1
2826: -1
2827: 2825 2826 -1
2828: 2825 2826 -1
2829: 2148 -1
2830: 86 95 -1
2831: 1923 130 -1
2832: 1532 422 -1
2833: 2135 -1
2834: 2454 -1
2835: -1
2836: -1
2837: -1
2838: -1
2839: 2835 -1
2840: -1
2841: -1
2842: -1
2843: -1
2844: -1
2845: -1
2846: -1
2847: -1
2848: -1
2849: -1
2850: -1
2851: -1
2852: 2133 2853 1643 2458 2867 -1
2853: -1
2854: 2133 2852 2853 -1
2855: 2133 2853 -1
2856: 2133 2852 2853 -1
2857: 2133 2457 1643 2852 2853 -1
2858: 2133 1947 2850 1785 2848 2683 2853 -1
2859: 2133 1703 2852 2853 -1
2860: 2133 1963 2135 2458 2455 371 3083 60 2853 -1
2861: 2133 2852 2853 -1
2862: 2133 2839 1792 2852 2853 -1
2863: 2133 2852 2853 -1
2864: 2133 640 2852 2853 -1
2865: 2133 2853 1643 2458 -1
2866: 2133 2852 2853 -1
2867: 2133 2852 2853 -1
2868: 2133 2456 1792 2852 2853 -1
2869: 2133 1963 2047 2836 640 2852 2853 -1
2870: -1
2871: -1
2872: -1
2873: 2264 2261 -1
2874: 2261 -1
2875: -1
2876: -1
2877: -1
2878: -1
2879: -1
2880: -1
2881: 2871 -1
2882: -1
2883: -1
2884: -1
2885: -1
2886: -1
2887: 422 2886 2874 2881 704 2889 2885 2870 1922 2897 40 11 2684 867 130 771 2675 2747 1698 2849 2349 2658 2656 2357 2315 -1
2888: -1
2889: -1
2890: -1
2891: -1
2892: 1654 -1
2893: -1
2894: -1
2895: -1
2896: -1
2897: -1
2898: -1
2899: -1
2900: -1
2901: -1
2902: 2118 -1
2903: 1544 -1
2904: -1
2905: -1
2906: 2905 -1
2907: 2905 776 86 1962 2701 3053 2837 -1
2908: -1
2909: -1
2910: -1
2911: -1
2912: -1
2913: -1
2914: 639 640 -1
2915: -1
2916: -1
2917: 2135 -1
2918: -1
2919: -1
2920: 293 -1
2921: -1
2922: 2916 -1
2923: -1
2924: -1
2925: -1
2926: -1
2927: -1
2928: -1
2929: -1
2930: -1
2931: -1
2932: -1
2933: -1
2934: -1
2935: -1
2936: -1
2937: -1
2938: -1
2939: -1
2940: -1
2941: -1
2942: -1
2943: -1
2944: -1
2945: -1
2946: -1
2947: -1
2948: -1
2949: 2951 -1
2950: -1
2951: 740 -1
2952: -1
2953: 2949 2027 -1
2954: -1
2955: -1
2956: -1
2957: -1
2958: 2261 2264 -1
2959: 19 1654 -1
2960: -1
2961: 867 2835 2321 1550 90 104 1922 130 2654 869 2135 2849 1546 2933 2348 422 704 2675 1968 2696 2698 2697 2329 2959 19 2357 2684 3149 67 1176 1532 25 2848 3052 -1
2962: -1
2963: -1
2964: -1
2965: 1962 86 -1
2966: -1
2967: -1
2968: -1
2969: -1
2970: -1
2971: -1
2972: -1
2973: -1
2974: 2976 -1
2975: 639 640 -1
2976: 1028 -1
2977: -1
2978: -1
2979: -1
2980: -1
2981: 702 -1
2982: -1
2983: -1
2984: -1
2985: -1
2986: -1
2987: -1
2988: 2987 -1
2989: 156 294 2120 2055 -1
2990: 2261 2756 2749 2055 156 18 2876 2976 2840 1643 1642 2704 -1
2991: 156 172 -1
2992: 156 172 -1
2993: 2314 2762 1961 1214 156 2838 1643 -1
2994: 641 -1
2995: 3003 3002 646 641 644 -1
2996: 3003 3002 646 641 644 -1
2997: 634 157 702 3008 -1
2998: 157 634 -1
2999: -1
3000: -1
3001: -1
3002: -1
3003: -1
3004: -1
3005: -1
3006: -1
3007: -1
3008: 158 -1
3009: 158 2995 -1
3010: 2999 3001 3002 3003 641 3007 -1
3011: 3003 3002 646 641 644 -1
3012: 158 -1
3013: 158 -1
3014: 158 -1
3015: 414 158 565 1947 740 -1
3016: 158 -1
3017: 158 -1
3018: 2994 158 -1
3019: 654 3028 3005 158 -1
3020: 158 -1
3021: 3053 158 3015 -1
3022: 158 -1
3023: 3000 158 -1
3024: 158 -1
3025: 2999 3001 3002 3003 641 3007 -1
3026: 634 158 -1
3027: 158 -1
3028: 654 158 -1
3029: 158 -1
3030: 158 641 -1
3031: 158 3053 -1
3032: 158 3053 -1
3033: 158 -1
3034: 158 3005 -1
3035: -1
3036: -1
3037: -1
3038: -1
3039: 2706 2700 159 -1
3040: 159 -1
3041: 159 -1
3042: 159 -1
3043: 159 -1
3044: 159 2643 865 -1
3045: 159 27 -1
3046: 48 11 159 2663 771 -1
3047: 159 867 -1
3048: 159 -1
3049: 159 -1
3050: 869 -1
3051: -1
3052: -1
3053: -1
3054: 264 1955 -1
3055: 2081 3149 130 160 11 -1
3056: 704 160 -1
3057: 2392 11 2081 160 -1
3058: -1
3059: 160 -1
3060: 160 86 2354 -1
3061: 160 2392 -1
3062: 160 2639 2663 2354 -1
3063: 2696 160 771 -1
3064: 160 -1
3065: 1080 86 11 160 -1
3066: 160 -1
3067: 160 -1
3068: 1642 160 -1
3069: 160 420 2316 -1
3070: 2360 160 -1
3071: 160 2696 8 2307 -1
3072: 1176 160 -1
3073: 2663 160 -1
3074: 2748 2135 11 160 2354 2663 2461 3083 1643 -1
3075: 3076 -1
3076: -1
3077: 3076 -1
3078: -1
3079: 3134 -1
3080: 3078 3134 -1
3081: 3078 3134 -1
3082: -1
3083: 3134 -1
3084: 3080 3081 3082 3126 3127 3128 3129 3130 3131 3132 3133 3134 -1
3085: 3134 -1
3086: 3080 3081 3082 3126 3127 3128 3129 3130 3131 3132 3133 3134 -1
3087: 3134 -1
3088: 3134 -1
3089: -1
3090: 3080 3081 3082 3126 3127 3128 3129 3130 3131 3132 3133 3134 -1
3091: 3080 3081 3082 3126 3127 3128 3129 3130 3131 3132 3133 3134 -1
3092: 3080 3081 3082 3126 3127 3128 3129 3130 3131 3132 3133 3134 -1
3093: 3080 3081 3082 3126 3127 3128 3129 3130 3131 3132 3133 3134 -1
3094: 3080 3081 3082 3126 3127 3128 3129 3130 3131 3132 3133 3134 -1
3095: 3080 3081 3082 3126 3127 3128 3129 3130 3131 3132 3133 3134 -1
3096: 3080 3081 3082 3126 3127 3128 3129 3130 3131 3132 3133 3134 -1
3097: -1
3098: 3080 3081 3082 3126 3127 3128 3129 3130 3131 3132 3133 3134 -1
3099: 3080 3081 3082 3126 3127 3128 3129 3130 3131 3132 3133 3134 -1
3100: 3080 3081 3082 3126 3127 3128 3129 3130 3131 3132 3133 3134 -1
3101: 3080 3081 3082 3126 3127 3128 3129 3130 3131 3132 3133 3134 -1
3102: 3080 3081 3082 3126 3127 3128 3129 3130 3131 3132 3133 3134 -1
3103: 3080 3081 3082 3126 3127 3128 3129 3130 3131 3132 3133 3134 -1
3104: 3080 3081 3082 3053 3126 3127 3128 3129 3130 3131 3132 3133 3134 -1
3105: 3080 3081 3082 3126 3127 3128 3129 3130 3131 3132 3133 3134 -1
3106: 3080 3081 3082 3126 3127 3128 3129 3130 3131 3132 3133 3134 -1
3107: 3080 3081 3082 27 3126 3127 3128 3129 3130 3131 3132 3133 3134 -1
3108: 3080 3081 3082 3126 3127 3128 3129 3130 3131 3132 3133 3134 -1
3109: 3080 3081 3082 3126 3127 3128 3129 3130 3131 3132 3133 3134 -1
3110: 3080 3081 3082 3126 3127 3128 3129 3130 3131 3132 3133 3134 -1
3111: 3080 3081 3082 3126 3127 3128 3129 3130 3131 3132 3133 3134 -1
3112: 3080 3081 3082 3126 3127 3128 3129 3130 3131 3132 3133 3134 -1
3113: 3080 3081 3082 3126 3127 3128 3129 3130 3131 3132 3133 3134 -1
3114: 3080 3081 3082 3126 3127 3128 3129 3130 3131 3132 3133 3134 -1
3115: 3080 3081 3082 27 3126 3127 3128 3129 3130 3131 3132 3133 3134 -1
3116: 3080 3081 3082 3126 3127 3128 3129 3130 3131 3132 3133 3134 -1
3117: 3080 3081 3082 3126 3127 3128 3129 3130 3131 3132 3133 3134 -1
3118: 3080 3081 3082 3126 3127 3128 3129 3130 3131 3132 3133 3134 -1
3119: 3080 3081 3082 3126 3127 3128 3129 3130 3131 3132 3133 3134 -1
3120: 3080 3081 3082 3126 3127 3128 3129 3130 3131 3132 3133 3134 -1
3121: 3080 3081 3082 3126 3127 3128 3129 3130 3131 3132 3133 3134 -1
3122: 3080 3081 3082 3126 3127 3128 3129 3130 3131 3132 3133 3134 -1
3123: 3080 3081 3082 3126 3127 3128 3129 3130 3131 3132 3133 3134 -1
3124: 3080 3081 3082 3126 3127 3128 3129 3130 3131 3132 3133 3134 -1
3125: 3080 3081 3082 27 3126 3127 3128 3129 3130 3131 3132 3133 3134 -1
3126: 3078 3134 -1
3127: 3078 3134 -1
3128: 3078 3134 -1
3129: -1
3130: -1
3131: -1
3132: 3078 3134 -1
3133: 3078 3134 -1
3134: -1
3135: -1
3136: -1
3137: 2133 -1
3138: 2133 -1
3139: -1
3140: 2133 -1
3141: 2133 -1
3142: 2133 -1
3143: 3139 2133 -1
3144: 2133 -1
3145: 2133 -1
3146: 2133 -1
3147: 2133 -1
3148: 2654 165 -1
3149: 165 2848 741 1741 -1
