0: -1
1: 138 -1
2: 8 -1
3: 12 -1
4: 238 240 8 0 6 241 242 243 244 246 247 248 249 250 252 253 254 255 256 258 259 260 -1
5: 27 -1
6: 326 327 328 329 330 253 8 0 241 331 332 333 334 335 336 337 338 339 340 341 342 197 343 344 345 346 347 348 349 350 351 352 353 354 -1
7: 361 1 16 -1
8: 363 364 365 366 367 246 368 369 0 370 371 19 372 -1
9: 383 384 -1
10: 388 389 390 391 392 393 394 397 -1
11: -1
12: -1
13: -1
14: 445 -1
15: 0 452 453 -1
16: 12 455 456 457 458 459 1 461 465 -1
17: 471 474 477 479 481 482 484 485 486 487 488 490 491 492 494 56 497 499 -1
18: 509 510 511 512 513 -1
19: 369 516 517 518 519 520 521 522 523 524 525 526 527 -1
20: 539 540 -1
21: 543 241 544 545 546 547 548 549 550 551 552 553 554 555 556 557 558 559 560 561 562 563 564 565 566 567 568 569 570 571 572 573 574 575 576 577 578 579 580 -1
22: 585 328 586 587 588 589 590 591 592 593 345 594 595 596 597 598 599 600 601 602 603 604 605 606 607 608 609 610 611 612 613 614 615 616 617 618 619 240 620 621 622 623 624 330 625 538 626 627 628 629 630 631 632 633 634 635 636 637 638 639 640 641 642 643 644 645 646 647 648 197 649 650 651 652 653 343 654 655 656 657 658 659 660 661 662 346 663 664 665 228 666 667 668 669 670 475 671 672 673 136 207 674 675 487 676 677 678 679 680 681 682 683 684 685 686 687 688 689 690 691 692 693 694 695 696 697 698 699 700 701 418 702 703 704 -1
23: 731 732 733 734 735 736 737 738 739 740 741 742 743 744 -1
24: 750 751 -1
25: -1
26: 761 -1
27: 762 763 -1
28: 766 -1
29: 766 -1
30: 768 769 -1
31: -1
32: 0 -1
33: 775 776 329 777 6 -1
34: 780 -1
35: 786 787 788 789 790 765 255 792 -1
36: 14 0 -1
37: 794 -1
38: 798 -1
39: 801 -1
40: 803 -1
41: -1
42: 806 -1
43: 809 810 811 812 813 814 816 817 818 819 820 -1
44: 831 -1
45: -1
46: -1
47: 2 835 836 837 838 -1
48: -1
49: -1
50: -1
51: 851 852 240 853 687 854 855 856 857 858 -1
52: 869 -1
53: 872 873 874 -1
54: 879 881 882 -1
55: 885 886 -1
56: 887 -1
57: 896 897 898 665 -1
58: -1
59: 904 -1
60: -1
61: 885 909 -1
62: 910 911 912 913 914 916 917 -1
63: 923 -1
64: 925 926 927 928 929 930 931 932 933 934 935 936 937 938 939 -1
65: 879 24 743 941 942 344 943 944 945 946 947 948 949 115 951 952 624 953 659 954 468 955 956 228 475 676 -1
66: -1
67: 963 875 964 880 -1
68: 965 881 966 -1
69: 432 -1
70: -1
71: 977 -1
72: 979 965 881 966 959 -1
73: 980 -1
74: 987 -1
75: 989 991 992 994 995 996 997 -1
76: 1001 1002 -1
77: 1004 -1
78: -1
79: 1010 1011 -1
80: 1013 -1
81: 240 -1
82: 1017 1018 -1
83: -1
84: 1025 996 1026 -1
85: 1028 1029 1030 1031 0 1032 -1
86: 917 1037 -1
87: 987 -1
88: 1045 -1
89: 1055 1059 -1
90: 1 -1
91: -1
92: 1072 -1
93: 1 992 0 -1
94: 477 556 0 -1
95: 0 -1
96: 0 -1
97: 0 383 -1
98: 0 728 -1
99: 255 327 383 765 8 414 756 6 555 241 561 0 556 371 566 578 138 11 798 729 -1
100: 903 1 0 -1
101: 0 383 255 765 -1
102: 0 -1
103: 556 0 703 22 -1
104: 728 371 56 0 -1
105: 728 903 0 556 -1
106: 0 370 -1
107: 0 -1
108: 0 3 -1
109: 0 642 115 -1
110: 0 -1
111: 7 253 556 0 255 327 383 507 -1
112: 0 -1
113: 371 0 901 4 -1
114: -1
115: -1
116: 1031 0 -1
117: 0 -1
118: 729 370 255 765 0 -1
119: 0 -1
120: 0 756 -1
121: 383 138 0 477 793 561 -1
122: 2 0 -1
123: 2 3 0 556 -1
124: 254 0 8 -1
125: 255 0 -1
126: 728 371 0 730 327 -1
127: 0 -1
128: 0 -1
129: 0 255 327 765 -1
130: 776 0 -1
131: 556 0 -1
132: 255 765 0 1013 -1
133: 0 -1
134: 463 -1
135: 0 255 371 729 -1
136: 0 -1
137: 478 255 0 -1
138: -1
139: 1 992 556 -1
140: 541 327 383 0 2 255 1 556 -1
141: 1 -1
142: 1 -1
143: 1 992 -1
144: 1 -1
145: 1 992 -1
146: 1 992 -1
147: 3 1 -1
148: 1 992 -1
149: 1 992 0 556 -1
150: 1 -1
151: 1 992 -1
152: 1 992 -1
153: 904 591 649 1 -1
154: 1 0 556 -1
155: 328 345 600 240 624 538 626 629 640 665 988 228 818 819 487 0 728 369 1 327 -1
156: 1 992 -1
157: 1 -1
158: 0 255 327 2 1 556 541 383 -1
159: 1 -1
160: 1 -1
161: 1 0 253 556 223 -1
162: 1036 728 1 255 0 -1
163: 1 138 -1
164: 1 -1
165: 1 992 -1
166: 1 1025 992 0 556 477 801 -1
167: 138 1 992 0 885 -1
168: 1 -1
169: 1 369 327 0 729 383 -1
170: 1 -1
171: 1 -1
172: 1 556 -1
173: 1 992 556 -1
174: 765 138 1 992 -1
175: 19 -1
176: 2 -1
177: 588 596 383 416 880 0 2 765 517 -1
178: 2 -1
179: 8 19 369 -1
180: 0 2 -1
181: 369 11 -1
182: 612 16 2 -1
183: 588 656 671 612 16 590 651 852 538 2 341 6 326 629 475 666 586 854 330 344 856 122 -1
184: 1013 138 0 550 383 2 371 711 619 777 255 254 -1
185: 369 -1
186: 2 -1
187: 369 -1
188: 6 901 9 255 775 327 369 3 729 0 370 371 383 -1
189: 369 -1
190: 765 255 2 -1
191: 369 -1
192: 328 369 0 -1
193: 255 369 -1
194: 612 16 590 651 538 2 629 475 586 -1
195: 852 629 475 16 2 344 122 330 -1
196: 0 2 -1
197: 369 -1
198: 369 -1
199: 369 -1
200: 2 666 -1
201: 903 2 19 670 -1
202: 2 393 -1
203: 8 19 369 -1
204: 2 393 -1
205: 2 -1
206: 369 -1
207: 8 901 778 -1
208: 2 850 -1
209: 369 19 -1
210: 2 765 -1
211: 2 383 393 -1
212: 369 11 -1
213: 0 255 327 2 1 556 541 383 -1
214: 729 371 1035 901 1031 416 369 2 776 556 383 22 477 -1
215: 666 2 122 330 -1
216: 0 2 1 1031 596 683 418 255 370 -1
217: 99 -1
218: 709 255 3 -1
219: 3 -1
220: 3 556 237 -1
221: 0 3 -1
222: 0 3 -1
223: 556 3 1013 361 138 -1
224: 3 0 556 361 138 703 555 578 -1
225: 3 -1
226: 1031 3 -1
227: 3 556 -1
228: 0 692 632 136 3 640 665 487 327 -1
229: 3 -1
230: 3 -1
231: 0 3 -1
232: 3 765 -1
233: 253 3 775 765 -1
234: 3 -1
235: 1031 3 -1
236: 3 0 -1
237: 556 3 -1
238: 4 245 -1
239: 238 240 8 0 6 241 242 243 244 -1
240: 4 8 383 -1
241: -1
242: -1
243: -1
244: -1
245: -1
246: 8 -1
247: -1
248: -1
249: 588 418 629 659 -1
250: -1
251: 238 240 8 0 6 241 242 243 244 253 254 255 256 258 259 260 -1
252: -1
253: 660 -1
254: 241 660 -1
255: -1
256: 766 -1
257: 238 240 8 0 6 241 242 243 244 765 -1
258: -1
259: -1
260: -1
261: 4 244 -1
262: 4 798 -1
263: 238 240 8 0 6 241 242 243 244 -1
264: 4 -1
265: 4 -1
266: 4 -1
267: 4 -1
268: 4 -1
269: 4 589 364 728 756 -1
270: 4 -1
271: 4 -1
272: 4 -1
273: 4 -1
274: 580 4 -1
275: 4 -1
276: 4 -1
277: 4 244 -1
278: 4 -1
279: 4 -1
280: 4 -1
281: 4 -1
282: 4 -1
283: 4 -1
284: 4 -1
285: 4 -1
286: 580 4 -1
287: 549 364 240 4 14 550 13 -1
288: 4 -1
289: 4 -1
290: 580 4 -1
291: 4 -1
292: 728 852 676 950 241 4 -1
293: 4 -1
294: 4 -1
295: 4 -1
296: 245 4 244 -1
297: 751 4 -1
298: -1
299: 4 -1
300: 4 -1
301: 4 -1
302: 4 -1
303: 4 -1
304: 244 4 -1
305: 4 244 -1
306: 4 -1
307: 4 -1
308: 4 -1
309: 4 -1
310: 4 -1
311: 580 4 -1
312: 4 -1
313: 4 -1
314: 4 244 -1
315: 4 244 298 798 -1
316: 5 729 0 -1
317: 1044 -1
318: 5 11 -1
319: 5 -1
320: 5 -1
321: 762 -1
322: 674 728 -1
323: 762 -1
324: 763 762 -1
325: 763 56 772 19 43 -1
326: 327 -1
327: 326 -1
328: 384 0 383 -1
329: -1
330: 369 349 2 -1
331: -1
332: -1
333: -1
334: -1
335: -1
336: -1
337: -1
338: -1
339: -1
340: 254 383 477 729 -1
341: -1
342: 655 -1
343: -1
344: -1
345: 899 -1
346: -1
347: -1
348: -1
349: -1
350: -1
351: -1
352: -1
353: 903 -1
354: -1
355: 6 1031 -1
356: 327 16 0 728 596 345 629 744 640 346 665 228 487 696 749 22 6 138 -1
357: 6 240 -1
358: 198 730 341 138 775 776 6 -1
359: 4 8 383 -1
360: 729 0 556 6 703 22 704 223 903 -1
361: -1
362: 255 765 -1
363: -1
364: -1
365: 25 363 852 600 115 624 628 791 692 -1
366: -1
367: 8 -1
368: -1
369: 8 -1
370: 255 756 371 -1
371: -1
372: -1
373: 8 -1
374: 365 30 22 383 -1
375: 8 -1
376: 8 765 254 327 365 0 -1
377: 238 240 8 0 6 241 242 243 244 -1
378: 19 369 -1
379: 8 765 254 327 365 -1
380: 365 8 364 693 653 -1
381: 852 -1
382: 365 8 -1
383: -1
384: -1
385: 0 1031 806 901 550 9 1 188 -1
386: 188 901 1031 1 9 0 806 550 385 -1
387: 397 -1
388: -1
389: -1
390: -1
391: -1
392: -1
393: -1
394: -1
395: 397 -1
396: 397 -1
397: -1
398: 728 751 948 765 850 10 730 494 -1
399: -1
400: 1031 -1
401: 10 -1
402: 10 -1
403: 10 -1
404: 10 570 -1
405: 845 10 138 741 -1
406: 728 765 850 730 494 -1
407: 397 -1
408: 554 751 10 -1
409: 624 -1
410: 988 -1
411: 618 -1
412: 696 256 -1
413: 665 -1
414: -1
415: 517 -1
416: -1
417: 756 11 -1
418: 11 671 -1
419: 756 -1
420: 11 -1
421: 756 11 -1
422: 138 -1
423: 12 556 -1
424: 1013 12 361 0 556 885 -1
425: 12 -1
426: 456 12 0 -1
427: 12 -1
428: 12 -1
429: 12 -1
430: -1
431: -1
432: -1
433: -1
434: -1
435: -1
436: -1
437: -1
438: -1
439: -1
440: -1
441: -1
442: -1
443: 13 -1
444: 13 399 -1
445: -1
446: 14 561 -1
447: 14 724 -1
448: -1
449: 899 14 1031 1030 477 831 -1
450: 14 -1
451: 14 -1
452: -1
453: -1
454: 453 15 -1
455: -1
456: -1
457: -1
458: -1
459: -1
460: 464 465 -1
461: -1
462: 461 -1
463: -1
464: -1
465: -1
466: 464 462 465 -1
467: 474 479 481 484 477 -1
468: -1
469: -1
470: 56 486 -1
471: -1
472: 494 -1
473: 479 -1
474: -1
475: 0 56 -1
476: 494 -1
477: -1
478: -1
479: -1
480: 499 56 -1
481: -1
482: -1
483: 729 56 -1
484: 499 -1
485: -1
486: -1
487: 327 -1
488: -1
489: -1
490: -1
491: 467 502 -1
492: -1
493: -1
494: 472 476 -1
495: 350 -1
496: 570 -1
497: -1
498: 395 -1
499: 467 493 17 500 501 484 480 481 -1
500: -1
501: -1
502: -1
503: 489 -1
504: 497 56 -1
505: 56 497 486 -1
506: 327 973 541 765 -1
507: 17 1042 970 827 1030 -1
508: 497 56 -1
509: -1
510: -1
511: -1
512: -1
513: -1
514: 18 -1
515: 18 -1
516: -1
517: -1
518: -1
519: -1
520: -1
521: -1
522: -1
523: -1
524: -1
525: -1
526: -1
527: -1
528: 19 -1
529: 19 8 56 -1
530: 19 -1
531: 0 365 19 -1
532: 580 1036 19 -1
533: 19 0 241 728 -1
534: 19 -1
535: 19 -1
536: 802 954 556 240 326 19 -1
537: 617 -1
538: -1
539: -1
540: 831 -1
541: 539 -1
542: 22 20 -1
543: -1
544: 573 -1
545: 406 21 700 380 364 693 751 737 554 549 -1
546: -1
547: 477 570 765 561 589 729 885 255 728 138 -1
548: -1
549: -1
550: 552 241 561 1031 0 756 729 4 -1
551: 241 561 1031 0 756 729 4 -1
552: -1
553: -1
554: -1
555: -1
556: -1
557: 728 756 140 -1
558: -1
559: -1
560: -1
561: -1
562: -1
563: -1
564: -1
565: 449 -1
566: 724 578 -1
567: -1
568: -1
569: -1
570: -1
571: -1
572: -1
573: 1036 -1
574: -1
575: -1
576: -1
577: -1
578: 1031 582 588 976 724 -1
579: -1
580: -1
581: 578 449 477 217 752 -1
582: 571 -1
583: 728 580 850 -1
584: 612 632 -1
585: -1
586: -1
587: -1
588: 879 -1
589: 138 729 255 477 548 -1
590: 0 -1
591: -1
592: -1
593: -1
594: -1
595: -1
596: -1
597: -1
598: -1
599: -1
600: -1
601: -1
602: 464 -1
603: 0 686 254 765 383 -1
604: -1
605: -1
606: -1
607: 352 -1
608: 879 -1
609: 0 756 728 -1
610: -1
611: -1
612: -1
613: -1
614: -1
615: 683 -1
616: -1
617: -1
618: -1
619: -1
620: -1
621: -1
622: -1
623: 383 556 -1
624: -1
625: -1
626: -1
627: -1
628: -1
629: 328 346 345 640 665 487 624 648 659 334 -1
630: 744 -1
631: -1
632: -1
633: -1
634: 335 -1
635: -1
636: -1
637: -1
638: -1
639: -1
640: -1
641: 0 253 -1
642: 659 253 -1
643: -1
644: -1
645: -1
646: -1
647: -1
648: -1
649: -1
650: 852 638 -1
651: -1
652: -1
653: -1
654: -1
655: -1
656: 396 671 -1
657: -1
658: -1
659: -1
660: -1
661: -1
662: 177 -1
663: -1
664: 0 728 -1
665: -1
666: -1
667: -1
668: 818 -1
669: -1
670: -1
671: -1
672: -1
673: -1
674: -1
675: 903 -1
676: -1
677: -1
678: -1
679: -1
680: 729 0 -1
681: -1
682: -1
683: 0 749 972 1014 -1
684: -1
685: 0 2 -1
686: -1
687: -1
688: 972 -1
689: -1
690: -1
691: -1
692: -1
693: -1
694: -1
695: 343 655 701 -1
696: -1
697: 728 -1
698: -1
699: -1
700: -1
701: -1
702: 0 -1
703: 589 604 724 396 832 657 883 665 698 -1
704: -1
705: 255 556 0 223 22 383 765 1030 1031 371 416 -1
706: 728 1031 -1
707: 0 327 383 255 556 223 370 371 507 703 22 -1
708: 703 22 556 0 -1
709: 22 703 727 728 -1
710: 0 22 660 -1
711: 703 704 -1
712: 255 -1
713: 507 0 22 -1
714: 452 693 383 22 255 0 765 -1
715: 22 -1
716: 22 -1
717: 241 4 1031 254 240 22 0 1 728 881 -1
718: 383 371 1031 22 -1
719: 326 1 0 556 765 756 22 729 -1
720: 608 396 22 -1
721: 751 22 -1
722: 728 0 22 383 365 517 -1
723: 22 0 477 -1
724: 384 383 255 765 1 0 556 728 22 214 -1
725: 507 656 22 383 371 880 730 255 253 210 765 0 416 -1
726: 588 345 777 329 642 646 1016 659 660 662 829 676 947 683 686 702 418 22 -1
727: 22 588 880 730 617 744 646 648 473 947 696 950 -1
728: -1
729: -1
730: -1
731: -1
732: -1
733: -1
734: -1
735: -1
736: -1
737: 751 -1
738: -1
739: -1
740: -1
741: -1
742: -1
743: -1
744: 946 -1
745: 255 -1
746: 580 -1
747: 138 765 255 751 23 -1
748: 23 -1
749: 383 254 -1
750: -1
751: -1
752: 241 1031 395 65 24 566 -1
753: 365 852 674 -1
754: 24 749 -1
755: 0 728 24 65 60 801 -1
756: -1
757: -1
758: 759 757 -1
759: 869 831 832 -1
760: 728 580 -1
761: 0 1 3 4 2 5 7 6 8 10 -1
762: 27 -1
763: 27 -1
764: 27 -1
765: -1
766: -1
767: 818 29 28 -1
768: -1
769: -1
770: 30 -1
771: 30 -1
772: -1
773: 31 -1
774: 885 -1
775: 327 -1
776: 327 -1
777: 240 -1
778: 590 651 341 138 775 776 33 328 -1
779: 33 0 -1
780: -1
781: 780 -1
782: 780 -1
783: 34 -1
784: 34 -1
785: 786 -1
786: -1
787: -1
788: -1
789: -1
790: -1
791: -1
792: -1
793: -1
794: -1
795: 794 -1
796: 794 -1
797: 794 -1
798: -1
799: 798 -1
800: 798 -1
801: -1
802: 115 -1
803: -1
804: 41 -1
805: 41 -1
806: -1
807: 56 -1
808: 570 561 1031 550 737 751 559 580 255 880 384 -1
809: 810 43 813 -1
810: 43 327 820 -1
811: -1
812: -1
813: -1
814: 869 -1
815: 824 -1
816: -1
817: -1
818: -1
819: 631 -1
820: -1
821: 43 -1
822: 810 43 -1
823: 810 43 -1
824: -1
825: 1002 43 810 -1
826: 1002 43 810 825 -1
827: 801 -1
828: 734 -1
829: -1
830: 829 900 608 -1
831: -1
832: 1031 383 0 -1
833: 45 -1
834: 46 -1
835: -1
836: -1
837: -1
838: -1
839: 47 636 832 -1
840: 47 -1
841: 228 136 345 47 487 624 665 -1
842: 632 47 0 -1
843: 48 -1
844: 49 1002 -1
845: -1
846: -1
847: 50 -1
848: 50 846 -1
849: 801 -1
850: -1
851: 255 -1
852: -1
853: 240 -1
854: -1
855: 681 -1
856: -1
857: -1
858: -1
859: 430 431 434 435 436 437 438 439 440 441 442 -1
860: 430 431 434 435 436 437 438 439 440 441 442 -1
861: 430 431 434 435 436 437 438 439 440 441 442 -1
862: 430 431 434 435 436 437 438 439 440 441 442 -1
863: 430 431 432 433 434 435 436 437 438 439 440 441 442 -1
864: 430 431 434 435 436 437 438 439 440 441 442 -1
865: 430 431 434 435 436 437 438 439 440 441 442 -1
866: 430 431 434 435 436 437 438 439 440 441 442 -1
867: 430 431 434 435 436 437 438 439 440 441 442 -1
868: 430 431 434 435 436 437 438 439 440 441 442 -1
869: -1
870: 869 -1
871: 873 -1
872: -1
873: -1
874: -1
875: -1
876: 873 -1
877: 873 -1
878: 873 872 -1
879: -1
880: -1
881: -1
882: 750 751 -1
883: -1
884: 253 -1
885: -1
886: 885 -1
887: -1
888: 56 -1
889: 56 -1
890: 728 56 497 -1
891: 56 965 -1
892: 56 475 469 -1
893: 56 -1
894: 497 56 -1
895: 497 56 -1
896: -1
897: 954 -1
898: 897 744 -1
899: -1
900: -1
901: -1
902: 58 580 -1
903: -1
904: -1
905: 91 729 114 -1
906: 91 729 114 -1
907: 91 729 114 -1
908: 91 729 114 -1
909: 885 -1
910: 917 -1
911: 915 -1
912: 917 914 -1
913: 917 914 -1
914: 917 -1
915: 916 917 -1
916: 917 -1
917: -1
918: 910 911 912 913 914 916 917 -1
919: 910 916 917 -1
920: 910 911 912 913 914 916 917 -1
921: 910 916 917 -1
922: 910 911 912 913 914 916 917 -1
923: -1
924: 63 -1
925: -1
926: -1
927: -1
928: -1
929: -1
930: -1
931: -1
932: 766 -1
933: -1
934: -1
935: -1
936: -1
937: -1
938: -1
939: -1
940: 879 -1
941: -1
942: -1
943: -1
944: -1
945: -1
946: -1
947: -1
948: -1
949: -1
950: -1
951: -1
952: -1
953: 556 -1
954: -1
955: -1
956: 138 -1
957: 879 -1
958: 879 -1
959: -1
960: 65 750 751 -1
961: 66 810 -1
962: 742 -1
963: -1
964: 879 875 -1
965: -1
966: -1
967: 979 965 966 -1
968: 973 -1
969: 18 -1
970: -1
971: -1
972: 973 -1
973: 972 971 -1
974: 70 -1
975: 70 -1
976: -1
977: -1
978: 979 965 881 966 959 -1
979: -1
980: -1
981: 980 -1
982: 980 -1
983: 980 -1
984: 980 -1
985: 980 -1
986: 869 -1
987: -1
988: -1
989: 990 991 996 997 998 -1
990: 989 991 996 997 -1
991: 989 990 996 997 998 -1
992: -1
993: 996 -1
994: -1
995: -1
996: 990 989 991 138 -1
997: 996 -1
998: 996 -1
999: 989 991 992 996 997 -1
1000: 980 56 -1
1001: 1002 665 -1
1002: -1
1003: 1001 1002 -1
1004: -1
1005: 1004 -1
1006: 1004 -1
1007: 1004 -1
1008: -1
1009: 1008 78 -1
1010: -1
1011: -1
1012: 1010 1011 -1
1013: 509 510 511 512 513 -1
1014: 696 629 -1
1015: 465 -1
1016: -1
1017: -1
1018: -1
1019: 602 -1
1020: 465 -1
1021: 801 -1
1022: 455 -1
1023: 83 -1
1024: 83 -1
1025: -1
1026: 990 989 991 138 -1
1027: 1025 996 1026 -1
1028: -1
1029: -1
1030: -1
1031: -1
1032: -1
1033: 1032 -1
1034: 477 561 724 85 550 729 546 578 565 1030 395 448 552 827 507 -1
1035: -1
1036: 917 -1
1037: 914 -1
1038: 917 1037 -1
1039: 917 -1
1040: 917 -1
1041: 917 1037 -1
1042: 917 -1
1043: 917 -1
1044: 831 -1
1045: -1
1046: 1059 -1
1047: 1059 -1
1048: 1059 -1
1049: 1059 -1
1050: 1059 -1
1051: 1059 -1
1052: 1059 -1
1053: 1059 -1
1054: 1059 -1
1055: 1063 -1
1056: 1059 -1
1057: 1059 -1
1058: 1059 -1
1059: -1
1060: 1059 -1
1061: 1059 -1
1062: 1059 -1
1063: 1059 -1
1064: 1059 -1
1065: 1059 -1
1066: 1059 -1
1067: 1059 -1
1068: 1059 -1
1069: 91 729 114 -1
1070: 91 729 114 -1
1071: 1072 -1
1072: -1
1073: 1072 -1
1074: 1072 -1
