0: -1
1: 153 154 3 155 156 157 158 159 160 161 162 163 164 165 166 167 -1
2: 154 213 214 215 216 217 218 219 220 221 222 223 224 63 225 226 227 228 229 29 230 231 232 5 233 234 235 236 -1
3: 278 -1
4: 15 315 2 3 236 316 23 317 0 318 1522 319 320 321 322 323 324 325 326 327 330 331 332 333 334 335 336 337 338 339 340 341 342 343 344 345 346 347 348 168 349 350 351 352 353 354 213 355 153 356 357 358 359 360 361 362 363 364 365 366 367 368 277 369 370 371 372 373 374 154 375 376 377 378 379 380 381 382 383 384 385 386 387 388 389 390 391 392 393 394 395 396 397 398 399 400 401 402 403 404 405 406 407 408 409 410 411 412 413 414 415 416 417 418 419 420 421 422 423 424 425 426 427 428 429 160 430 431 432 227 433 220 434 435 437 438 439 440 441 442 443 272 176 444 445 446 447 448 449 450 451 452 453 454 456 457 97 458 459 460 235 14 461 462 463 464 465 466 467 224 468 469 470 471 472 473 474 475 476 477 5 478 232 21 -1
5: 8 -1
6: 545 232 546 150 -1
7: 579 -1
8: -1
9: 635 637 638 639 640 641 642 -1
10: 685 686 687 688 689 109 -1
11: 719 720 25 721 722 723 724 725 726 727 232 728 729 730 731 732 733 734 735 736 737 738 739 740 741 742 743 744 745 746 747 748 749 750 751 752 753 754 755 756 757 758 759 760 761 762 395 763 764 402 765 766 767 768 769 770 771 772 773 774 775 776 777 778 779 780 415 781 782 783 449 784 785 786 787 788 789 790 791 792 793 794 461 795 796 797 798 799 800 801 802 803 804 805 806 807 808 809 810 811 812 813 466 814 815 816 817 818 819 820 821 822 823 824 825 826 447 234 436 827 828 455 829 830 831 832 833 834 345 835 836 837 838 839 -1
12: 865 867 -1
13: 97 315 3 294 914 8 915 256 134 14 916 917 4 33 15 918 217 919 920 264 28 921 922 923 924 925 926 927 928 929 930 931 932 933 934 935 936 937 938 939 940 941 779 942 943 944 945 782 946 947 948 949 950 951 952 953 954 955 956 957 958 959 960 961 962 963 964 965 966 967 811 968 969 970 971 972 973 974 719 975 976 977 978 979 980 981 982 983 984 985 986 987 988 989 990 991 992 993 994 995 996 997 998 999 1000 -1
14: -1
15: -1
16: 1046 163 1047 1051 1059 1060 1061 1064 27 1065 -1
17: 1099 -1
18: 68 1107 1108 1109 1110 -1
19: -1
20: -1
21: -1
22: 1158 1046 163 1047 1159 1160 1161 1162 1163 -1
23: -1
24: 1192 1193 1194 473 1195 1196 1197 362 1198 1199 1200 1201 1202 1203 1205 1206 334 1207 -1
25: 1216 1217 1218 -1
26: -1
27: 1046 163 1047 1255 1256 1064 1257 1259 -1
28: -1
29: -1
30: 1299 4 1300 2 1301 105 3 236 21 1302 1303 -1
31: 1309 1310 1311 1312 1313 1316 1317 1318 1319 1320 -1
32: 150 -1
33: 1349 1350 74 -1
34: -1
35: -1
36: 1387 1388 1389 1390 1391 1392 1393 1062 1394 1395 561 1396 1397 1398 1399 1400 1401 1402 1403 1404 1405 1406 1407 1408 1409 1410 1411 1412 1413 1414 1415 1416 1417 1418 1419 1420 1421 1422 1423 -1
37: 1435 107 698 1436 1437 994 1438 1439 1440 1441 1442 1443 979 1444 1445 1446 1447 1448 1449 1450 1451 1452 1453 1454 1303 -1
38: 1459 332 217 1022 1460 1461 1465 461 1466 1202 432 235 42 -1
39: -1
40: 1482 1110 1483 1484 1485 1486 1487 1488 1490 1491 -1
41: 1509 1510 1511 1512 1513 1514 1515 1516 -1
42: 458 360 1521 1378 1522 1523 -1
43: -1
44: -1
45: 12 -1
46: 3 154 153 1549 232 5 234 1550 1551 1552 1553 1554 -1
47: -1
48: 5 1562 719 797 1563 942 1564 1565 1566 721 1567 -1
49: 1576 1577 1578 -1
50: 1579 1580 1581 -1
51: 1588 1589 1590 1591 1592 1593 1594 1595 1596 1597 1598 1599 1600 58 34 27 1064 1601 35 1491 1490 1602 1603 1604 1605 1606 1607 67 47 1516 1608 1609 105 42 38 1610 24 1147 1611 1612 1613 1614 1615 1616 1617 1618 1619 1620 1621 1622 1623 1624 1625 1626 1627 1628 1629 1630 1631 1632 1633 1634 1635 1636 1637 1638 1639 1640 1641 1642 1643 1644 1645 1646 1647 1648 1649 1650 1651 1652 1653 1654 1655 1656 49 1657 1658 1659 1660 278 -1
52: 1669 -1
53: 1681 17 1300 754 317 1682 856 1683 1684 1685 23 97 1686 1687 1688 -1
54: 1692 294 1693 232 5 1694 1695 0 12 754 1697 1698 -1
55: 1300 856 17 317 1685 97 1684 1683 1681 23 1682 754 1699 1700 1701 1702 1703 1704 1705 53 1706 1707 -1
56: -1
57: -1
58: -1
59: -1
60: 8 980 1741 -1
61: 1742 1743 1744 69 315 1300 3 25 1297 1746 1747 8 1685 317 17 11 1748 856 160 2 21 960 1749 1750 1751 1752 1753 1754 105 1755 779 787 1756 1757 236 1758 719 1759 1760 1761 813 1562 1762 1763 1764 1765 972 1766 -1
62: 22 16 -1
63: 379 -1
64: 1815 5 1562 721 21 25 719 1233 11 779 1758 1816 1817 1761 1818 1819 773 1820 980 1821 751 1822 791 1823 1686 -1
65: 5 1819 11 1761 1818 779 25 1758 1233 719 1821 1815 1562 1820 773 751 791 1822 980 21 1816 1817 721 1823 1699 1827 1828 1829 1830 1831 1832 64 1706 1707 -1
66: -1
67: 1834 -1
68: 1490 104 18 40 -1
69: 701 1849 232 1850 1851 3 1300 30 -1
70: 1857 -1
71: -1
72: -1
73: 1303 1871 974 994 -1
74: 1872 1873 1874 1875 315 1877 1878 1879 1880 1881 1883 1884 1887 1888 1889 1890 1891 1893 1894 1895 1627 -1
75: 18 40 -1
76: 1909 1911 1912 1913 1914 -1
77: 1915 567 1253 51 2 236 3 5 1916 721 802 1917 1918 1919 294 1920 -1
78: -1
79: 1928 1929 1930 1931 1932 1933 1754 1934 802 154 236 1 761 1935 1936 -1
80: 1937 56 8 -1
81: 1939 -1
82: 1940 1107 1941 1300 701 1942 1945 -1
83: -1
84: 1948 1949 1950 1951 1924 1952 1923 1439 1953 1954 970 1955 1956 -1
85: 1959 -1
86: 1962 -1
87: 1962 -1
88: 1991 1992 1993 1994 1995 1996 -1
89: 2001 -1
90: -1
91: 2006 14 3 236 -1
92: -1
93: 2007 2008 2009 2010 2011 2013 2026 2027 -1
94: -1
95: 2034 -1
96: 2040 2042 2043 -1
97: 2044 2045 2046 2047 2048 2049 2050 2051 -1
98: -1
99: 2065 2066 2068 2069 2070 2071 2073 2074 2076 2077 2078 2079 2080 2081 2082 2083 2084 2085 2086 2087 2088 2089 2090 -1
100: 2094 -1
101: 2095 -1
102: -1
103: 2098 -1
104: 68 2099 1108 1109 1110 -1
105: 2106 447 2108 2109 -1
106: 150 2115 2116 -1
107: -1
108: 1928 1695 2118 1929 1930 1931 1932 2119 1754 1934 802 154 236 1 761 1935 1936 2062 -1
109: -1
110: 2129 2140 -1
111: 56 -1
112: 6 1300 4 2143 -1
113: 2147 2148 -1
114: 2153 2154 -1
115: 2156 2157 2158 2159 2160 2161 2162 1960 2163 2164 2165 2166 2167 2168 2169 2170 2171 1303 2172 2173 2174 2175 2176 2177 2178 2179 2180 30 2181 2182 -1
116: 2186 -1
117: -1
118: 1191 2192 2193 959 2194 2195 1303 974 2197 160 6 2198 1 1850 3 236 264 754 1180 2199 5 448 2106 -1
119: 2201 2202 2203 2204 2205 20 2206 -1
120: 1562 2207 2208 2209 1962 2210 -1
121: 6 2218 979 2219 1441 1440 1448 1435 1446 2220 2221 -1
122: 6 3 2 567 2198 2224 -1
123: 226 2227 2228 -1
124: -1
125: -1
126: 1742 1743 1744 -1
127: 2241 546 -1
128: -1
129: 1875 -1
130: 6 2248 10 2006 2249 -1
131: -1
132: 22 1158 1046 163 1047 2251 -1
133: 2253 9 -1
134: 973 1871 2254 2255 -1
135: 59 -1
136: 150 -1
137: 10 -1
138: 2259 10 2260 -1
139: -1
140: 2265 2266 -1
141: 12 -1
142: 2094 -1
143: 2268 866 579 2269 2270 2271 2272 -1
144: 2274 -1
145: 2277 -1
146: 2280 2281 2282 -1
147: 6 1915 -1
148: -1
149: 2289 2290 -1
150: 2140 -1
151: 0 1618 1625 1631 1617 1624 -1
152: 0 9 2098 1760 1158 22 1046 813 3 -1
153: -1
154: 278 -1
155: 1046 1102 -1
156: -1
157: 1099 -1
158: -1
159: -1
160: 387 -1
161: -1
162: -1
163: -1
164: -1
165: -1
166: -1
167: -1
168: 1 3 236 -1
169: 1932 1931 1867 -1
170: 1633 1911 1233 1046 163 1984 1297 3 1300 -1
171: 160 1850 1 1562 461 10 8 2207 823 815 2057 942 779 919 776 809 750 25 797 719 721 -1
172: 1 3 1544 1984 -1
173: 217 42 1462 1610 50 1600 58 1360 1358 1359 319 160 370 35 1917 1180 1619 1620 1621 1614 1615 1134 1636 235 1641 1643 1644 1645 1659 1660 -1
174: 10 280 2172 6 3 1 15 856 1180 787 1932 -1
175: 160 1850 1 1562 461 5 2207 823 765 10 942 779 919 776 809 750 25 797 719 721 -1
176: 1300 2143 -1
177: 6 3 236 1 -1
178: 1562 1458 1867 -1
179: 1604 6 1 960 -1
180: 1984 3 1300 2198 155 -1
181: 1742 1743 1744 17 11 69 1748 856 160 315 21 1853 -1
182: 317 731 1918 153 318 -1
183: 374 464 234 1 3 1984 1914 1233 232 1695 1866 155 -1
184: 1695 8 6 10 160 1 11 4 232 1932 2 21 721 919 798 -1
185: 1046 1 1550 1617 1631 27 1624 1625 1626 317 -1
186: 2274 1866 1409 412 1204 736 1955 468 315 1554 687 150 -1
187: 1 2181 -1
188: 1300 -1
189: 51 3 1092 1084 1253 2256 -1
190: 236 1297 14 46 228 124 1921 229 103 29 57 527 89 -1
191: 1300 2229 1929 -1
192: 1851 218 1134 1046 761 1300 1935 155 1911 -1
193: 1 1224 1102 1233 1984 3 834 1929 809 2082 2074 2069 1695 1562 2265 815 -1
194: 1742 1743 1744 160 315 -1
195: 1932 787 1226 785 2 11 3 1300 15 234 1763 -1
196: 1300 3 -1
197: 1742 1743 1744 315 -1
198: 1742 1743 1744 160 315 2 1929 -1
199: 1742 1743 1744 218 8 823 11 315 2 21 -1
200: 12 -1
201: 1610 38 1917 2098 1866 2268 1 1851 -1
202: 1 -1
203: 2274 1765 1 -1
204: 234 1300 3 787 1216 1233 -1
205: 12 0 2282 410 153 318 2203 2098 1760 689 798 769 2115 2132 3 -1
206: 1353 346 1461 217 1022 1460 5 348 321 418 441 213 392 1717 223 63 232 1757 1958 222 92 33 74 434 400 2005 90 -1
207: 2256 1984 234 935 1300 1753 3 1130 1929 1681 1763 -1
208: 374 1984 1689 1300 1866 2268 0 1046 -1
209: 315 1616 155 163 1851 -1
210: 3 1300 -1
211: 2274 1695 1046 1300 5 519 1047 -1
212: 57 162 1300 232 -1
213: -1
214: -1
215: 1309 1310 1311 1316 1317 1318 1319 1320 -1
216: -1
217: 1458 1460 1461 38 42 -1
218: -1
219: -1
220: 2259 -1
221: -1
222: -1
223: -1
224: -1
225: -1
226: -1
227: -1
228: -1
229: 278 -1
230: -1
231: -1
232: 915 -1
233: -1
234: 2106 -1
235: -1
236: 278 -1
237: 1742 1743 1744 160 2 -1
238: 1309 1310 1311 1316 1317 1318 1319 1320 -1
239: 3 2 218 -1
240: 2098 1760 1623 1300 2 1851 1046 163 389 -1
241: 1206 304 154 1638 1637 1636 1625 1624 1623 1622 1621 1620 1619 1064 27 34 58 1631 1630 1626 1618 1617 1616 1615 1614 1613 38 42 317 813 5 3 2 -1
242: 4 2 14 3 -1
243: 341 1047 1461 2229 1935 2 2281 798 -1
244: 2129 2 3 787 1046 -1
245: 15 2 3 236 316 23 317 0 318 1522 35 58 50 319 320 321 322 323 349 326 327 328 329 330 331 332 334 335 336 340 341 342 343 346 347 348 350 351 352 353 354 213 153 356 357 358 359 360 361 362 363 364 365 366 367 368 277 369 370 371 372 373 374 154 375 377 378 379 380 389 390 393 394 395 396 397 398 399 400 401 403 405 406 407 408 409 410 411 412 413 414 417 392 418 419 420 421 422 423 424 427 428 429 160 430 431 432 227 433 220 434 435 436 437 438 439 440 441 442 443 272 444 445 446 447 448 449 453 454 455 456 457 459 460 235 14 461 462 465 224 470 471 472 473 474 475 476 477 5 232 21 -1
246: 2253 2207 2 171 699 233 1434 1929 1233 -1
247: 223 841 1134 44 1451 922 1916 754 1450 945 994 976 2192 1300 3 236 2 317 153 915 5 15 14 926 920 -1
248: 2 -1
249: 304 1636 1637 317 813 8 3 1363 27 1064 42 2 -1
250: 3 2 -1
251: 215 2 -1
252: 3 2 -1
253: 1742 1743 1744 1633 218 2 -1
254: 2 -1
255: 0 205 317 217 727 418 5 1300 3 236 2 1549 35 -1
256: 6 5 232 234 1932 787 3 2 971 -1
257: 1047 1866 2021 155 2 1300 3 699 -1
258: 2 1300 1929 1914 1486 2268 687 2274 -1
259: 476 2 234 -1
260: 2 754 -1
261: 960 979 994 970 6 8 751 1300 3 274 2 234 -1
262: 1742 1743 1744 315 2 -1
263: 1048 1062 461 154 235 234 232 29 2 349 823 923 960 1660 317 346 42 294 1611 418 58 1851 1134 1636 1361 2268 686 438 150 2098 1046 -1
264: 317 8 11 734 234 97 1684 77 1300 114 79 239 4 91 269 2 31 278 -1
265: 2 3 4 236 2029 1760 318 1180 1717 348 217 322 360 731 347 369 373 154 2283 561 410 1377 1378 419 2006 548 432 445 449 455 235 466 1468 472 -1
266: 813 1460 3 2 234 -1
267: 8 1915 2 1300 21 1962 -1
268: 2 -1
269: 2 3 -1
270: 3 1300 2029 1916 228 190 -1
271: 1046 2268 1760 1300 2 1297 190 5 232 234 1932 787 -1
272: 403 2 361 357 398 -1
273: 2 3 -1
274: 3 2 771 232 5 234 1983 721 802 1916 787 803 -1
275: 215 1763 1745 2172 787 721 85 2 236 218 1760 1764 1815 232 351 1101 1106 -1
276: -1
277: -1
278: -1
279: 793 1757 1639 787 225 1932 1641 1642 1643 1644 1645 1646 1647 791 1657 1658 721 278 -1
280: 1233 1932 721 278 -1
281: 3 236 -1
282: 190 29 3 236 -1
283: 3 -1
284: 3 -1
285: 2098 685 2268 1851 1552 3 1548 1134 1940 276 -1
286: 3 -1
287: 1984 3 1763 -1
288: 3 -1
289: 3 1984 1307 -1
290: 2207 3 -1
291: 3 1130 1815 236 -1
292: 278 -1
293: 697 278 -1
294: 2028 1467 1200 1036 356 94 98 1710 399 415 736 899 1503 1403 1418 1063 1364 1030 475 278 -1
295: 1914 1911 1912 1233 1695 1929 3 2274 1866 687 2199 1962 -1
296: 234 1563 1233 -1
297: 3 1046 1047 1134 1866 -1
298: 154 3 236 -1
299: 2274 1867 1984 3 -1
300: 1742 1743 1744 3 -1
301: 1742 218 3 1681 -1
302: 3 1739 -1
303: 1763 2129 1307 1134 218 1434 1739 215 380 2274 -1
304: 1636 1637 1638 278 -1
305: 1932 791 278 -1
306: 278 -1
307: 1461 3 150 441 721 -1
308: 3 -1
309: 236 3 1984 1929 -1
310: 1300 1984 1109 3 236 1130 1739 215 1763 866 1764 1929 1110 -1
311: 1932 1216 3 236 1577 8 213 -1
312: 1762 218 3 1754 1815 1763 -1
313: 1600 128 2171 278 -1
314: 1309 1310 1311 1316 1317 1318 1319 1320 -1
315: 153 154 3 155 156 157 158 159 160 161 162 163 164 165 166 167 -1
316: -1
317: -1
318: -1
319: 1527 22 1347 1528 -1
320: 1459 -1
321: 1834 823 -1
322: -1
323: -1
324: -1
325: -1
326: 1739 -1
327: -1
328: 330 1046 -1
329: -1
330: -1
331: -1
332: -1
333: -1
334: -1
335: 2129 866 150 1867 2268 687 1461 1046 1687 -1
336: -1
337: 2129 1534 317 5 3 815 897 1764 1765 1984 2256 4 751 1046 1960 2268 150 2098 1760 -1
338: -1
339: -1
340: -1
341: -1
342: -1
343: -1
344: -1
345: 1458 1459 -1
346: -1
347: -1
348: -1
349: -1
350: -1
351: -1
352: -1
353: -1
354: -1
355: -1
356: 1378 1377 -1
357: -1
358: -1
359: -1
360: 2154 -1
361: -1
362: -1
363: -1
364: -1
365: -1
366: -1
367: -1
368: 278 -1
369: -1
370: -1
371: -1
372: -1
373: 464 -1
374: 464 -1
375: -1
376: 27 44 8 -1
377: 1959 2227 1962 -1
378: -1
379: 464 -1
380: -1
381: -1
382: -1
383: -1
384: 1515 2274 -1
385: -1
386: -1
387: 388 4 1687 -1
388: -1
389: -1
390: -1
391: 56 -1
392: -1
393: 2069 2274 1851 -1
394: -1
395: 2105 2106 2107 -1
396: -1
397: -1
398: -1
399: -1
400: 401 -1
401: -1
402: -1
403: 1482 -1
404: -1
405: 1102 1984 -1
406: -1
407: -1
408: -1
409: 545 3 -1
410: -1
411: -1
412: -1
413: -1
414: -1
415: -1
416: -1
417: -1
418: 444 1910 -1
419: -1
420: -1
421: 1527 19 448 2106 -1
422: 341 227 -1
423: 2274 -1
424: -1
425: -1
426: -1
427: -1
428: -1
429: -1
430: -1
431: 150 8 -1
432: -1
433: 2259 -1
434: -1
435: -1
436: 1962 -1
437: -1
438: -1
439: -1
440: -1
441: -1
442: -1
443: -1
444: 1718 -1
445: -1
446: 357 -1
447: 2106 332 1046 728 2274 -1
448: -1
449: -1
450: 452 -1
451: -1
452: -1
453: 323 -1
454: -1
455: -1
456: -1
457: 401 -1
458: -1
459: 1059 -1
460: -1
461: -1
462: 1962 -1
463: 374 -1
464: -1
465: -1
466: -1
467: -1
468: -1
469: -1
470: 2274 687 -1
471: -1
472: -1
473: -1
474: -1
475: 1834 26 2121 154 2258 -1
476: 2249 -1
477: 1216 1217 1218 -1
478: -1
479: 347 547 548 236 317 -1
480: 6 150 10 686 1871 1439 1954 970 960 994 2224 5 1695 84 2260 1300 4 -1
481: 2129 1534 317 5 3 815 897 1764 1765 1984 2256 4 751 1046 1960 2268 150 635 2098 1760 -1
482: 4 234 754 351 1929 2274 1102 -1
483: 2029 2143 -1
484: 1233 699 4 -1
485: 699 4 -1
486: 1191 2192 2193 959 2194 2195 1303 974 2197 160 6 2198 1 1850 3 236 264 754 1180 2199 5 448 2106 -1
487: 359 1047 4 -1
488: 959 2197 6 160 153 2198 1611 3 1 264 1931 754 5 448 2106 -1
489: 1300 2143 -1
490: 2274 1851 1046 4 1134 -1
491: 1866 2029 2143 2198 1436 1738 16 687 1694 -1
492: 317 294 1662 2029 2143 854 1300 51 1084 2198 28 701 1866 119 232 5 2119 190 236 4 1460 162 163 -1
493: 2154 3 236 395 2 14 -1
494: 4 -1
495: 1046 3 1300 2200 1180 223 163 761 294 2029 787 1851 155 -1
496: 3 236 4 1300 -1
497: 360 15 317 731 1918 154 3 1662 236 156 157 158 1106 160 294 2143 2029 2030 77 264 30 1763 79 4 69 2 114 270 239 91 269 1549 1754 405 407 -1
498: 4 813 8 915 234 -1
499: 15 1300 1984 3 236 1763 23 2129 -1
500: 15 761 1300 1867 2244 234 23 162 -1
501: 418 2143 -1
502: 163 4 2 3 236 2175 1815 -1
503: 2075 1549 3 236 5 4 1763 1187 2069 15 -1
504: 4 1300 2 162 1134 1754 -1
505: 3 4 2 1549 -1
506: 347 547 548 6 2 3 236 -1
507: 359 1047 4 -1
508: 5 392 -1
509: 2274 1866 771 1929 1434 5 813 1233 687 798 1046 1047 -1
510: 1929 1046 292 1935 233 234 2224 5 162 1760 1297 154 2274 1695 -1
511: 5 -1
512: 5 813 802 -1
513: 5 813 -1
514: -1
515: 232 5 -1
516: 8 5 -1
517: 5 -1
518: 5 813 1983 1857 841 -1
519: 1233 458 5 1929 1822 -1
520: 5 317 -1
521: 5 -1
522: 1309 1310 1311 -1
523: 5 -1
524: 42 5 1459 -1
525: 1929 1695 233 787 1932 5 1046 -1
526: 5 -1
527: 3 5 -1
528: 5 -1
529: 807 5 -1
530: 357 348 361 371 1867 234 1929 684 1106 2098 685 232 5 -1
531: 5 -1
532: 215 1984 1763 218 5 823 -1
533: 1233 813 5 -1
534: 687 1106 5 1911 1233 1983 1687 227 1929 1834 -1
535: 5 -1
536: 8 1911 -1
537: 5 -1
538: 1303 960 5 234 959 1284 3 519 -1
539: 5 -1
540: 5 -1
541: 5 -1
542: 5 -1
543: 232 5 -1
544: 2274 1444 762 834 970 1233 5 8 160 1562 771 787 1931 793 2075 393 -1
545: 2140 -1
546: -1
547: -1
548: -1
549: 1047 798 497 6 -1
550: 6 969 29 2205 -1
551: -1
552: 6 -1
553: 819 6 -1
554: 6 -1
555: 6 -1
556: 1866 561 431 6 160 10 712 1407 1199 1203 1847 964 1205 472 432 1404 960 -1
557: 6 -1
558: 6 -1
559: 6 -1
560: 347 561 431 546 6 150 -1
561: 545 3 -1
562: 6 347 561 431 160 -1
563: 6 -1
564: 6 10 -1
565: 6 10 2260 1300 3 -1
566: 6 -1
567: -1
568: 1866 6 -1
569: 6 -1
570: 6 -1
571: 2249 6 10 2006 8 1962 -1
572: 6 -1
573: 6 -1
574: 6 -1
575: 6 447 -1
576: 348 6 -1
577: 1549 6 8 1411 2252 331 1062 160 421 446 2107 376 447 1400 1063 234 -1
578: 579 -1
579: 865 867 -1
580: 7 0 1984 -1
581: 7 -1
582: 7 -1
583: 7 0 -1
584: 7 -1
585: 7 -1
586: 7 -1
587: 2098 7 0 1984 -1
588: 7 0 -1
589: 7 0 867 2129 -1
590: 7 -1
591: 1746 7 0 -1
592: 7 0 -1
593: 7 -1
594: 7 0 -1
595: 7 0 -1
596: 7 -1
597: 7 0 -1
598: 7 0 -1
599: 7 0 -1
600: 7 -1
601: 7 0 -1
602: 7 0 2281 2268 1739 -1
603: 7 -1
604: 7 -1
605: 7 -1
606: 7 -1
607: 7 -1
608: 7 -1
609: 7 0 -1
610: 7 -1
611: 7 -1
612: 7 -1
613: 7 -1
614: 7 -1
615: 163 7 -1
616: 7 -1
617: 2098 -1
618: 7 -1
619: 7 0 -1
620: 7 -1
621: 7 0 9 -1
622: 8 -1
623: 2274 1851 1866 2260 1984 1695 915 8 -1
624: 8 -1
625: 8 -1
626: 8 0 16 1058 1064 1608 1604 67 -1
627: 8 -1
628: 8 -1
629: 8 1962 -1
630: 8 319 1962 -1
631: 8 -1
632: 8 418 441 1721 348 -1
633: 8 -1
634: 8 1233 -1
635: -1
636: 635 637 638 639 640 641 642 -1
637: -1
638: -1
639: 646 -1
640: 646 -1
641: 635 -1
642: -1
643: 635 639 641 642 -1
644: 635 -1
645: 635 -1
646: 635 641 642 -1
647: 1739 -1
648: 761 2203 0 2098 -1
649: 2203 -1
650: 687 1739 1911 9 -1
651: 635 641 642 -1
652: 635 -1
653: 635 -1
654: 635 637 638 639 640 641 642 -1
655: 635 641 642 -1
656: 0 16 1064 1608 -1
657: 1631 9 -1
658: 71 32 9 -1
659: 866 2098 761 0 2268 47 1760 2281 -1
660: 635 641 642 -1
661: 635 641 642 -1
662: 635 -1
663: 12 1204 35 1377 449 561 343 -1
664: 1047 643 12 0 -1
665: -1
666: 915 444 40 27 1625 1895 1627 22 12 -1
667: 12 0 9 205 673 -1
668: 635 641 642 -1
669: 635 639 641 642 -1
670: 635 -1
671: 1764 2129 2132 685 -1
672: 1941 444 418 1718 232 1260 1910 9 1626 1256 -1
673: 9 0 12 205 1686 1687 1688 -1
674: 1867 2268 0 12 51 294 1932 236 886 2115 1851 62 -1
675: 1866 0 9 -1
676: 761 12 2203 0 277 2098 1760 -1
677: 0 47 -1
678: 9 -1
679: 9 -1
680: 635 -1
681: 635 -1
682: 635 -1
683: 205 2062 9 1760 2129 -1
684: 0 2098 1962 -1
685: 686 -1
686: -1
687: -1
688: -1
689: -1
690: -1
691: 10 2075 -1
692: 10 160 -1
693: 10 -1
694: 10 -1
695: -1
696: 1962 10 232 8 -1
697: 995 10 154 -1
698: -1
699: 1699 160 1850 1 1562 461 10 8 2207 823 815 2057 942 779 919 776 809 750 25 797 719 721 -1
700: 360 417 527 1658 10 1932 1616 156 157 158 159 335 337 155 1106 315 1610 838 974 837 74 0 751 753 762 773 779 39 1622 1623 750 771 797 809 769 5 2030 1092 274 735 756 765 2219 69 1253 89 -1
701: 6 347 561 431 546 551 474 153 686 1718 10 160 712 698 690 432 1394 360 20 235 417 319 445 447 234 475 685 2268 2115 -1
702: 10 -1
703: 6 10 20 -1
704: 1962 10 232 -1
705: 160 10 -1
706: 232 6 20 10 223 -1
707: 10 -1
708: 6 10 3 236 -1
709: 771 10 -1
710: 10 6 20 1686 -1
711: 2274 1867 1866 1687 234 227 771 699 798 2181 346 1047 1983 1106 393 3 236 1414 5 735 10 160 695 787 1932 1450 1130 2288 2207 773 776 942 1566 1695 754 -1
712: -1
713: 6 10 20 710 -1
714: 1875 6 1342 970 -1
715: 561 431 6 160 10 1577 475 1300 -1
716: 6 -1
717: 1303 972 1062 -1
718: 1941 10 236 3 699 1866 1216 1922 881 -1
719: -1
720: -1
721: 1216 1217 787 1932 -1
722: -1
723: -1
724: -1
725: -1
726: -1
727: -1
728: -1
729: -1
730: -1
731: -1
732: -1
733: -1
734: -1
735: -1
736: 341 227 -1
737: -1
738: -1
739: -1
740: -1
741: -1
742: -1
743: -1
744: -1
745: -1
746: 749 752 -1
747: 475 749 1134 3 -1
748: -1
749: 1962 2210 -1
750: -1
751: -1
752: 751 475 1130 3 746 -1
753: -1
754: -1
755: 813 -1
756: -1
757: -1
758: -1
759: -1
760: 327 398 -1
761: -1
762: -1
763: -1
764: -1
765: 699 -1
766: -1
767: -1
768: -1
769: 393 -1
770: -1
771: 1562 -1
772: -1
773: 1695 -1
774: -1
775: -1
776: 1300 1695 -1
777: 775 776 -1
778: 775 776 -1
779: 2106 -1
780: -1
781: 1046 227 -1
782: -1
783: -1
784: 1197 780 -1
785: -1
786: 1932 -1
787: 1932 -1
788: -1
789: -1
790: -1
791: 787 1932 -1
792: 2274 -1
793: -1
794: -1
795: -1
796: 2094 801 -1
797: -1
798: -1
799: -1
800: -1
801: -1
802: -1
803: -1
804: 374 -1
805: 374 -1
806: 374 1695 -1
807: 374 -1
808: 319 1047 -1
809: 810 -1
810: -1
811: -1
812: -1
813: 915 -1
814: -1
815: 369 -1
816: -1
817: -1
818: 1695 819 -1
819: -1
820: 819 -1
821: 1046 -1
822: -1
823: -1
824: -1
825: -1
826: -1
827: -1
828: -1
829: -1
830: -1
831: -1
832: -1
833: -1
834: 813 -1
835: -1
836: -1
837: -1
838: -1
839: -1
840: 1742 1743 1744 11 -1
841: 1550 1851 2229 1551 1552 1612 1628 1553 1554 154 393 225 226 2228 235 155 1106 156 157 158 160 159 -1
842: 3 335 337 804 393 785 1932 787 2153 837 218 1745 161 162 163 689 285 1134 1046 -1
843: 754 1303 366 376 1916 974 154 994 2219 1451 823 824 409 1847 814 979 39 449 730 1410 1405 -1
844: 687 2274 1866 1046 2268 11 1851 8 2079 -1
845: 1061 1255 1822 719 808 813 5 11 1695 1421 787 324 154 1623 446 1300 3 236 -1
846: 1866 1867 1150 2172 11 1409 2166 -1
847: 448 -1
848: 5 1819 11 1761 1818 779 25 1758 1233 719 1821 1815 1562 1820 773 751 791 1822 980 21 1816 1817 721 1823 -1
849: 1866 798 1562 1695 1047 754 5 1233 115 960 11 975 980 942 324 802 1377 415 395 800 2075 2072 808 769 461 165 2079 2208 519 1984 97 2181 -1
850: 2181 5 11 3 519 1929 1046 -1
851: 519 -1
852: 29 971 974 2165 2254 692 90 834 232 72 2194 69 973 5 1871 822 764 115 11 843 734 1780 -1
853: 1742 1743 1744 1685 317 17 11 69 1748 856 160 315 -1
854: 318 1623 1616 1658 1611 1134 -1
855: 5 232 1460 376 234 447 448 784 785 519 2261 786 787 274 461 351 771 1255 -1
856: 360 15 461 1919 393 1958 1031 1917 1180 35 5 369 410 154 3 160 163 -1
857: 2181 5 11 3 519 1929 1046 -1
858: 1851 8 1233 11 274 1984 1763 687 -1
859: 719 721 787 11 21 -1
860: 11 6 -1
861: 5 11 1233 2224 233 1929 2184 791 234 -1
862: 919 11 1562 -1
863: 1742 1743 1744 17 11 856 160 2 -1
864: 1742 1743 1744 11 315 -1
865: -1
866: -1
867: -1
868: 12 1130 75 -1
869: 1046 12 2098 1760 1134 163 276 751 1851 475 1133 162 -1
870: 1411 1063 12 -1
871: 12 798 1851 -1
872: 12 798 1851 -1
873: 12 -1
874: 12 0 -1
875: 2203 761 0 2098 2281 163 -1
876: 431 12 -1
877: 12 -1
878: 1851 1300 12 0 1760 2115 2132 -1
879: 2274 341 1046 12 351 -1
880: 12 2252 160 47 18 67 40 8 1962 -1
881: 168 154 1205 12 -1
882: 12 -1
883: 12 -1
884: 154 475 12 -1
885: 1910 12 0 -1
886: 318 12 -1
887: 15 12 -1
888: 12 0 685 2268 150 -1
889: 2203 12 0 1860 2281 2098 -1
890: 2203 2098 12 0 798 -1
891: 1763 1108 1134 1109 359 1739 1110 218 2268 1983 150 2115 1760 12 0 1106 3 236 1984 1929 -1
892: 1300 7 2 12 97 2274 -1
893: 0 12 -1
894: 12 -1
895: 2203 12 2281 642 -1
896: 1240 51 12 0 1522 3 154 -1
897: 2203 2098 12 0 43 9 146 643 1760 798 2129 -1
898: 154 12 40 -1
899: 1046 12 1633 213 727 -1
900: 2274 1233 2265 1695 2208 798 771 2181 234 162 2098 232 5 1929 514 1 1253 154 3 236 294 0 12 1551 1240 27 754 787 1932 25 1646 1685 2029 1534 1984 1914 1866 -1
901: 371 2 12 -1
902: 12 0 1633 18 24 75 40 1610 1623 1107 -1
903: 0 12 6 20 -1
904: 1047 12 0 2281 798 -1
905: 2268 685 12 687 1851 -1
906: 1046 12 685 2268 150 -1
907: 6 1300 3 154 232 5 234 1550 1551 1552 1553 1554 12 0 -1
908: 1204 12 -1
909: 1390 1943 154 964 672 1944 880 160 12 1205 1410 1411 1063 0 1396 431 730 1945 1062 168 1075 1400 1204 20 1130 104 1203 1633 131 19 16 1467 1147 331 447 18 67 1625 1631 24 75 1607 1624 40 1610 1623 1107 -1
910: 12 0 -1
911: 2203 2098 12 0 -1
912: 1633 1269 12 1760 1368 -1
913: 168 154 12 1147 18 67 24 403 1482 -1
914: -1
915: -1
916: 942 1303 -1
917: 2154 -1
918: -1
919: -1
920: -1
921: 1742 -1
922: -1
923: -1
924: 1983 1984 1985 1986 1987 1988 1989 1990 1997 1998 -1
925: 1983 1984 1985 1986 1987 1988 1989 1990 1997 1998 -1
926: -1
927: 1983 1984 1985 1986 1987 1988 1989 1990 1997 1998 -1
928: 1983 1984 1985 1986 1987 1988 1989 1990 1997 1998 -1
929: -1
930: -1
931: -1
932: -1
933: -1
934: -1
935: -1
936: 278 -1
937: -1
938: 1983 1984 1985 1986 1987 1988 1989 1990 1997 1998 -1
939: 1983 1984 1985 1986 1987 1988 1989 1990 1997 1998 -1
940: 1983 1984 1985 1986 1987 1988 1989 1990 1997 1998 -1
941: 1983 687 -1
942: -1
943: 1983 1984 1985 1986 1987 1988 1989 1990 1991 1993 1995 1997 1998 -1
944: 1983 1984 1985 1986 1987 1988 1989 1990 1997 1998 -1
945: -1
946: -1
947: -1
948: -1
949: -1
950: -1
951: 278 -1
952: -1
953: 278 -1
954: 1983 1984 1985 1986 1987 1988 1989 1990 1997 1998 -1
955: -1
956: 1983 1984 1985 1986 1987 1988 1989 1990 1997 1998 -1
957: -1
958: 1983 1984 1985 1986 1987 1988 1989 1990 1997 1998 -1
959: 2154 -1
960: -1
961: -1
962: -1
963: -1
964: 1941 1526 19 22 1633 104 1251 -1
965: -1
966: -1
967: -1
968: 1983 1984 1985 1986 1987 1988 1989 1990 1997 1998 -1
969: -1
970: -1
971: -1
972: 822 970 1303 2255 278 -1
973: -1
974: -1
975: -1
976: -1
977: 1983 1984 1985 1986 1987 1988 1989 1990 1997 1998 -1
978: -1
979: 232 -1
980: 1233 -1
981: -1
982: -1
983: 1983 1984 1985 1986 1987 1988 1989 1990 1997 1998 -1
984: -1
985: -1
986: 823 -1
987: -1
988: -1
989: 1983 1984 1985 1986 1987 1988 1989 1990 1997 1998 -1
990: -1
991: 75 40 -1
992: -1
993: -1
994: -1
995: 793 957 1932 697 278 -1
996: -1
997: 1983 1984 1985 1986 1987 1988 1989 1990 1997 1998 -1
998: 1983 1984 1985 1986 1987 1988 1989 1990 1997 1998 -1
999: 1983 1984 1985 1986 1987 1988 1989 1990 1997 1998 -1
1000: 1983 1985 1984 2222 1997 1998 -1
1001: 761 5 813 234 346 -1
1002: 435 798 -1
1003: 2164 1189 -1
1004: 1789 1984 1854 1750 1451 1983 227 234 -1
1005: 1866 2274 -1
1006: 1109 1866 2274 218 823 15 213 1929 1106 1695 1233 1434 234 3 349 687 819 2209 -1
1007: 2222 -1
1008: 1189 1954 -1
1009: 1815 2029 263 1217 -1
1010: 6 8 751 1300 3 274 2 234 -1
1011: 1851 1763 1300 3 236 2 5 735 -1
1012: 2222 -1
1013: 2222 -1
1014: 1742 1743 1744 -1
1015: 1916 -1
1016: 236 943 942 -1
1017: 1047 960 2229 97 2069 -1
1018: 154 115 168 324 1564 3 762 -1
1019: -1
1020: 227 14 -1
1021: 14 228 85 -1
1022: 394 1201 334 1461 1458 1460 -1
1023: 227 14 -1
1024: 1300 3 -1
1025: 14 228 85 103 278 -1
1026: 1019 14 235 -1
1027: 1851 1983 232 1760 1046 761 1297 815 235 304 14 2268 685 162 -1
1028: -1
1029: 15 -1
1030: -1
1031: -1
1032: 393 15 1958 1028 804 805 -1
1033: 3 15 232 234 -1
1034: 2129 15 1434 -1
1035: -1
1036: 15 -1
1037: 1041 15 1035 -1
1038: 15 734 58 35 -1
1039: 15 1030 -1
1040: 472 -1
1041: -1
1042: 75 15 -1
1043: 1133 357 233 2268 346 15 1866 155 1046 2115 1983 1434 -1
1044: 461 15 787 721 1851 -1
1045: 318 15 -1
1046: -1
1047: 2274 -1
1048: -1
1049: -1
1050: 1046 163 1047 1059 1060 1051 1061 -1
1051: -1
1052: 1046 163 1047 2086 -1
1053: 1046 163 1047 -1
1054: -1
1055: 1046 163 1047 -1
1056: 1046 163 1047 -1
1057: 1046 163 1047 -1
1058: 1067 8 -1
1059: 389 16 1050 27 1064 162 315 1984 1046 1461 -1
1060: 1176 -1
1061: 389 -1
1062: 1889 1884 1882 1883 1411 2179 1885 1397 431 433 1881 1717 -1
1063: -1
1064: 1046 163 1047 -1
1065: -1
1066: 16 -1
1067: 16 1058 1054 1056 -1
1068: 1693 16 915 -1
1069: 76 1528 49 1573 16 47 1147 1638 1633 18 1627 1618 1064 67 1625 24 27 1263 1277 1607 1624 1630 -1
1070: 47 1058 16 387 1526 19 1528 -1
1071: 22 16 1064 27 68 1962 2210 -1
1072: 76 1528 49 1573 16 47 1147 1638 1633 18 1627 1618 1064 67 1625 24 27 1263 1277 1607 1624 1630 -1
1073: 16 -1
1074: 1623 1046 699 16 22 1817 386 385 418 1176 -1
1075: 1872 754 1892 1890 67 -1
1076: 2096 16 24 1625 -1
1077: 1618 1633 18 1627 1638 16 19 131 1611 44 1526 1528 1527 154 236 324 315 3 731 317 232 5 441 -1
1078: 16 0 -1
1079: 104 22 1158 49 16 47 1618 -1
1080: 16 -1
1081: 17 2198 1 1046 2268 665 68 75 104 1638 16 384 403 220 -1
1082: 227 278 389 16 1638 1633 1637 1631 -1
1083: 22 18 19 24 1064 26 1686 -1
1084: -1
1085: 464 357 278 154 1458 320 1459 444 418 1107 1910 423 389 349 348 321 22 1528 16 24 1064 1624 1623 1610 1622 42 58 1600 1619 1739 380 27 38 12 0 1522 1618 1626 1630 1616 1046 163 1047 -1
1086: 16 -1
1087: 412 186 547 319 347 0 548 1626 1064 1955 41 16 1410 1633 47 1847 -1
1088: 1046 1067 16 1050 47 1526 19 -1
1089: 51 227 16 18 1064 67 24 75 27 1607 40 1610 1462 155 798 317 316 -1
1090: 47 16 466 18 1396 56 8 813 -1
1091: 131 19 47 49 1576 16 1067 448 2106 -1
1092: -1
1093: 319 1061 964 2242 835 1710 1150 417 1204 431 1556 2258 1246 1205 1064 27 34 58 1625 1624 1623 -1
1094: 1625 1064 1633 18 1624 27 1607 1637 75 1616 40 1615 1660 1614 38 1917 -1
1095: 22 1714 1576 1347 47 1627 -1
1096: 16 1067 1526 19 1046 47 1050 -1
1097: 1866 2203 2098 12 0 1 3 294 2 1092 856 23 232 5 50 1354 67 27 1064 16 38 1623 1624 1626 -1
1098: 2206 16 1633 -1
1099: -1
1100: 1102 -1
1101: 1102 -1
1102: -1
1103: 1742 1743 1744 17 69 160 1853 -1
1104: 1742 1743 1744 17 -1
1105: -1
1106: 1102 -1
1107: 1941 -1
1108: -1
1109: -1
1110: -1
1111: 131 18 -1
1112: 1107 1108 1109 1110 -1
1113: 18 1604 -1
1114: 35 1625 1624 1623 1622 68 1605 75 1602 1490 1491 1143 1526 19 1528 -1
1115: 1064 18 24 -1
1116: 867 18 -1
1117: 665 49 1576 16 47 131 1528 1064 1617 -1
1118: 18 -1
1119: 408 18 -1
1120: 18 -1
1121: 154 131 1617 1658 -1
1122: 131 1528 1064 1617 1658 -1
1123: 18 -1
1124: 18 -1
1125: 1602 1626 75 18 -1
1126: 40 1482 75 18 1941 -1
1127: 18 1604 -1
1128: 8 2258 2097 319 561 417 56 0 1064 1608 1604 67 1910 18 1618 12 -1
1129: 18 1604 -1
1130: 1941 1064 -1
1131: 1147 1649 1638 1627 18 1633 1618 1890 1064 1509 67 1625 448 2106 -1
1132: 1867 1046 1106 867 337 1134 1527 2273 1159 687 1739 1984 1763 1109 1217 1434 1929 1687 -1
1133: -1
1134: -1
1135: 1527 19 -1
1136: 22 19 -1
1137: 19 131 -1
1138: 19 -1
1139: 19 -1
1140: 1633 1108 1134 1526 19 1109 1739 1110 1740 1175 2256 -1
1141: 1133 49 19 -1
1142: 19 1631 1625 1046 163 1867 1857 -1
1143: -1
1144: 19 1625 -1
1145: 19 -1
1146: 19 1064 -1
1147: 19 1192 1193 1194 473 1195 1196 1197 362 1198 1202 1204 1205 1206 -1
1148: 1527 22 1739 418 320 448 19 1528 1529 -1
1149: 19 1509 -1
1150: 1064 19 -1
1151: 2274 635 2281 1867 1984 20 685 2132 215 686 150 2115 1851 1764 2256 1760 1750 232 1140 233 1739 160 437 380 1815 3 154 236 1134 728 1047 746 234 363 1297 304 1983 475 1537 1109 1108 359 1687 351 213 348 1857 375 1914 1661 1307 1019 -1
1152: 319 360 320 20 -1
1153: 20 -1
1154: 20 685 2132 215 2281 686 150 2115 1851 1764 -1
1155: 1742 1743 1744 21 -1
1156: 5 813 1300 21 -1
1157: 1046 21 1458 1467 -1
1158: -1
1159: -1
1160: -1
1161: -1
1162: -1
1163: -1
1164: 1633 1624 -1
1165: 665 1633 1739 -1
1166: 1633 1046 1851 2129 413 -1
1167: 1527 1633 104 1739 -1
1168: 2040 2039 22 1627 1625 1617 469 389 -1
1169: 665 1633 -1
1170: 22 317 -1
1171: 22 -1
1172: 1633 1624 -1
1173: 22 -1
1174: 22 1158 1046 1047 -1
1175: 2256 1740 1140 1633 59 1251 -1
1176: 22 -1
1177: 22 16 1064 27 68 -1
1178: 1633 467 -1
1179: 1633 665 1739 -1
1180: 2203 -1
1181: 23 1962 -1
1182: 1742 1743 1744 2115 234 23 -1
1183: 1742 1743 1744 28 773 791 235 234 23 721 2255 754 215 -1
1184: 1742 1743 1744 234 23 -1
1185: 23 -1
1186: 1991 -1
1187: 2208 1562 97 688 1695 1233 2069 2093 860 1633 712 8 919 2058 802 234 2053 1130 2274 1851 1866 -1
1188: 1991 1993 1996 -1
1189: 1991 1993 1994 1992 1996 -1
1190: 1995 1991 1994 1996 -1
1191: 1991 1993 1995 -1
1192: -1
1193: -1
1194: -1
1195: -1
1196: 1197 -1
1197: -1
1198: -1
1199: 8 361 213 1868 -1
1200: -1
1201: -1
1202: 227 277 278 458 1638 1633 1637 1631 240 -1
1203: -1
1204: 1527 19 448 2106 -1
1205: -1
1206: -1
1207: -1
1208: 331 1204 447 24 -1
1209: 24 -1
1210: 1624 1617 27 1626 1637 24 1631 -1
1211: 24 317 -1
1212: 1521 27 1047 1637 24 67 1064 1633 18 1638 1649 1147 1058 1530 1529 41 1527 132 -1
1213: 24 -1
1214: 24 -1
1215: 24 317 -1
1216: 721 25 1234 394 -1
1217: -1
1218: -1
1219: 776 160 750 25 797 -1
1220: 721 25 -1
1221: 58 25 -1
1222: 719 8 1236 25 -1
1223: 1216 -1
1224: 2208 776 719 771 765 25 769 1562 1695 1047 2229 798 -1
1225: 1742 1743 1744 25 -1
1226: 324 787 1932 3 236 25 1218 2224 -1
1227: 721 25 -1
1228: 25 -1
1229: 160 -1
1230: 1742 1743 1744 25 1233 -1
1231: 1742 1743 1744 1509 2098 25 -1
1232: 1742 1743 1744 2098 25 -1
1233: 25 -1
1234: -1
1235: 1929 25 -1
1236: 25 317 -1
1237: 362 719 369 743 154 3 1662 294 1353 1025 236 803 1378 446 721 25 787 2086 447 234 461 734 235 1180 -1
1238: 1742 1743 1744 25 -1
1239: 25 2274 1984 1046 -1
1240: 319 445 1399 1814 322 154 446 153 1202 1206 391 415 1377 2075 409 343 419 2001 475 366 347 461 1403 25 -1
1241: 721 25 -1
1242: 721 25 -1
1243: 1233 25 -1
1244: 1742 1743 1744 2098 25 -1
1245: 1929 1763 25 787 -1
1246: 26 -1
1247: 59 104 26 -1
1248: 8 26 -1
1249: 26 -1
1250: 1764 1765 1106 1739 26 823 751 -1
1251: -1
1252: 26 -1
1253: 1689 469 1739 26 104 1633 22 1159 41 448 2106 -1
1254: 417 561 56 0 76 1527 26 104 12 -1
1255: -1
1256: -1
1257: -1
1258: 1051 -1
1259: 2274 97 -1
1260: 27 -1
1261: 1618 1617 1616 1615 1614 1630 1625 1624 1623 1627 1626 50 1064 27 58 1600 -1
1262: 27 -1
1263: 1046 163 1047 1256 -1
1264: 1256 -1
1265: 27 -1
1266: 27 -1
1267: 1633 1910 27 1623 -1
1268: 1631 1637 1626 75 27 1617 1521 1624 448 2106 -1
1269: 27 -1
1270: 1256 -1
1271: 1617 27 1607 -1
1272: 1251 22 76 1714 47 1064 27 1607 1915 3 -1
1273: 27 445 2291 835 1204 1624 391 1061 1623 -1
1274: 40 1630 1253 75 1626 1637 27 1624 12 1851 2029 294 319 322 1425 964 154 803 561 1396 226 421 422 1399 445 1468 1423 236 3 5 232 1255 1933 -1
1275: 154 792 791 27 233 -1
1276: 27 -1
1277: 1046 163 1047 -1
1278: 1633 1625 27 1623 68 -1
1279: 227 27 -1
1280: 9 27 -1
1281: 27 1046 -1
1282: 1607 1617 27 -1
1283: 41 1509 1134 49 1576 27 1270 1658 1657 1639 1641 -1
1284: -1
1285: 687 3 -1
1286: 1742 1743 1744 28 1289 -1
1287: 1742 1743 1744 960 0 1753 236 28 -1
1288: 1134 1750 -1
1289: 2198 160 278 -1
1290: 1289 -1
1291: 28 1867 -1
1292: 1742 1743 1744 28 -1
1293: 1289 28 2198 1294 -1
1294: 1289 28 2198 1686 -1
1295: 398 -1
1296: 736 29 3 -1
1297: 1019 -1
1298: 1851 1866 1760 2115 319 689 1046 285 190 29 1297 -1
1299: -1
1300: 153 154 3 155 156 157 158 159 160 161 162 163 164 165 166 167 -1
1301: -1
1302: -1
1303: -1
1304: 1763 30 218 1307 215 1534 -1
1305: 1763 30 218 1307 215 1534 -1
1306: 215 1046 1760 1984 685 2268 150 635 1763 30 1929 1983 -1
1307: -1
1308: 1301 1303 1233 -1
1309: -1
1310: -1
1311: -1
1312: 31 -1
1313: 31 -1
1314: 8 -1
1315: 154 276 277 278 1661 -1
1316: -1
1317: -1
1318: -1
1319: -1
1320: -1
1321: 43 -1
1322: 2274 1866 -1
1323: 32 -1
1324: 43 -1
1325: 32 -1
1326: 1764 866 2121 2132 43 2129 1984 351 1763 215 -1
1327: 32 1962 -1
1328: 43 -1
1329: 685 2268 150 43 -1
1330: 685 2268 150 43 -1
1331: 579 43 867 236 -1
1332: 43 769 -1
1333: 43 -1
1334: 2203 43 798 689 -1
1335: 32 -1
1336: 43 -1
1337: 1746 32 -1
1338: 43 -1
1339: 32 -1
1340: 43 -1
1341: 43 -1
1342: -1
1343: 1889 1884 1882 1883 1411 2179 1885 1397 431 433 1881 1717 -1
1344: 50 -1
1345: 5 213 -1
1346: 1067 8 -1
1347: 1046 163 1047 1051 1059 1060 1061 1064 27 1065 -1
1348: 1399 -1
1349: -1
1350: 1873 -1
1351: 1399 -1
1352: 5 213 -1
1353: 222 1458 223 63 218 1757 33 82 278 -1
1354: 50 -1
1355: 1199 360 2242 1090 1062 547 1397 33 432 1063 1205 235 -1
1356: 326 343 358 356 368 377 94 98 1710 393 399 1062 397 405 2248 561 412 736 160 432 1403 433 1063 272 445 447 2230 455 456 1364 1030 33 224 475 -1
1357: 33 74 -1
1358: -1
1359: -1
1360: 5 1460 -1
1361: -1
1362: 1046 -1
1363: 1600 58 -1
1364: 835 235 458 -1
1365: 1046 -1
1366: 5 1460 -1
1367: 1623 -1
1368: -1
1369: 38 50 448 2106 -1
1370: 58 1202 35 362 965 1378 736 235 1917 1180 2203 561 360 1919 1918 472 431 -1
1371: 1648 1047 34 1064 227 -1
1372: 0 -1
1373: 1399 321 -1
1374: 357 227 398 444 1134 348 1851 317 731 1918 1614 50 1636 3 5 162 -1
1375: 1648 1047 34 1064 227 1962 -1
1376: 1614 50 1636 38 -1
1377: -1
1378: -1
1379: 35 -1
1380: 446 1932 1657 389 1644 395 779 762 1197 1255 374 788 793 759 1046 1639 791 792 2115 721 42 1460 35 -1
1381: 1613 58 35 1632 42 -1
1382: 42 58 35 448 2106 -1
1383: 410 35 5 -1
1384: 58 35 -1
1385: 35 441 -1
1386: 163 1384 35 458 -1
1387: -1
1388: 1398 -1
1389: 74 -1
1390: 1107 1638 476 -1
1391: -1
1392: -1
1393: -1
1394: -1
1395: -1
1396: 213 -1
1397: 1760 -1
1398: 2274 -1
1399: -1
1400: 1540 -1
1401: 2259 -1
1402: -1
1403: -1
1404: -1
1405: 104 665 1637 75 1760 1638 -1
1406: -1
1407: 2259 -1
1408: -1
1409: -1
1410: 1633 2274 -1
1411: 68 -1
1412: -1
1413: -1
1414: -1
1415: 1866 1984 2274 -1
1416: -1
1417: -1
1418: 2206 -1
1419: -1
1420: -1
1421: -1
1422: -1
1423: 790 -1
1424: 950 -1
1425: -1
1426: 1108 -1
1427: 1049 1048 -1
1428: 2274 2146 -1
1429: 1062 -1
1430: 104 68 -1
1431: 150 1760 1636 -1
1432: 2274 1233 -1
1433: 1108 1217 -1
1434: -1
1435: -1
1436: -1
1437: -1
1438: 1451 2154 -1
1439: 2154 -1
1440: -1
1441: -1
1442: -1
1443: -1
1444: -1
1445: 1451 2154 -1
1446: -1
1447: -1
1448: -1
1449: -1
1450: -1
1451: -1
1452: 1451 2154 -1
1453: -1
1454: -1
1455: 1300 236 -1
1456: 5 1562 719 797 1563 942 1564 1565 1566 721 1567 -1
1457: 778 791 -1
1458: 1022 1460 432 235 391 1064 42 1300 1917 -1
1459: -1
1460: 1618 1064 1625 1631 1637 1461 1458 346 -1
1461: -1
1462: 1459 -1
1463: 1459 217 1022 1460 1461 1465 461 1466 1202 432 235 -1
1464: 1459 -1
1465: -1
1466: -1
1467: 1459 2274 2100 1633 -1
1468: 341 1459 227 1046 1739 201 -1
1469: 168 38 278 -1
1470: 168 1869 369 362 38 278 -1
1471: 168 1869 1577 369 366 1061 324 117 38 278 -1
1472: 168 38 475 278 -1
1473: 168 1869 1577 369 1200 1059 324 117 38 1610 1205 2217 278 -1
1474: 168 38 278 -1
1475: 324 168 117 38 278 -1
1476: 168 38 324 1610 278 -1
1477: 1064 38 42 -1
1478: 168 1870 324 117 38 1205 278 -1
1479: 168 38 324 1610 1760 278 -1
1480: 168 1869 431 1577 369 1200 319 417 366 362 1059 1061 2223 1870 324 117 38 1610 1205 1760 1130 160 475 2217 2216 278 -1
1481: 40 50 42 38 1134 1636 1624 1622 1614 1615 -1
1482: -1
1483: -1
1484: -1
1485: -1
1486: -1
1487: -1
1488: -1
1489: 1482 -1
1490: -1
1491: -1
1492: 40 -1
1493: 40 -1
1494: 40 1658 1616 1623 448 2106 -1
1495: 40 -1
1496: 40 -1
1497: 1616 1630 1623 40 -1
1498: 168 154 40 1602 -1
1499: 75 1603 40 1602 1490 1491 1107 1108 1109 1110 -1
1500: 1047 75 40 -1
1501: 40 -1
1502: 40 -1
1503: 1102 1105 1605 18 40 1602 -1
1504: 40 1602 -1
1505: 154 40 1602 -1
1506: 75 40 -1
1507: 75 1603 40 1602 1490 1491 -1
1508: 1633 1624 40 1623 -1
1509: -1
1510: -1
1511: -1
1512: -1
1513: -1
1514: -1
1515: -1
1516: -1
1517: 41 1509 217 1577 219 1134 464 -1
1518: 1509 41 -1
1519: 23 697 1226 85 139 2198 137 969 79 3 41 1566 762 48 37 115 324 1564 154 168 1822 2255 -1
1520: 1509 317 -1
1521: -1
1522: -1
1523: -1
1524: 50 42 1134 58 1133 -1
1525: 42 -1
1526: -1
1527: -1
1528: -1
1529: -1
1530: -1
1531: 1143 44 -1
1532: 1868 361 -1
1533: 1107 44 1140 1175 -1
1534: 1106 218 1022 1458 1460 1752 1760 1434 1851 337 -1
1535: 1915 1550 -1
1536: 2274 2029 294 1253 1866 1851 -1
1537: 2129 1851 -1
1538: 1482 1046 1851 1106 642 -1
1539: 315 3 317 2274 -1
1540: 1 3 236 217 1400 -1
1541: 791 233 -1
1542: 1047 2229 -1
1543: 1482 1851 1106 1866 2129 642 -1
1544: 1047 2181 2075 721 778 3 1823 796 5 780 1754 734 769 -1
1545: 236 3 218 1745 1451 239 1611 2 1300 1025 0 1503 35 10 219 38 4 855 1917 497 823 29 841 1810 304 5 51 58 269 23 42 1109 2230 173 14 1393 -1
1546: 1047 2181 771 2075 721 778 3 805 1823 796 5 780 1754 734 769 -1
1547: 2274 -1
1548: 1046 -1
1549: 1309 1310 1311 1312 1313 1316 1317 1318 1319 1320 -1
1550: -1
1551: 1516 -1
1552: -1
1553: -1
1554: 1553 -1
1555: 561 416 1929 2268 461 1851 803 -1
1556: 1459 -1
1557: 2040 -1
1558: 67 1607 1354 50 -1
1559: 2040 -1
1560: 47 1526 -1
1561: 2042 47 -1
1562: -1
1563: -1
1564: 787 1932 2 446 -1
1565: -1
1566: -1
1567: -1
1568: 1300 236 -1
1569: 1435 107 698 1436 1437 994 1438 1439 1440 1441 1442 1443 979 1444 1445 1446 1447 1448 1449 1450 1451 1452 1453 1454 1303 -1
1570: 778 791 -1
1571: 233 48 1189 -1
1572: 233 48 1189 -1
1573: 1576 -1
1574: 1576 -1
1575: 1576 1577 1578 -1
1576: -1
1577: 1459 374 464 1255 1256 342 373 -1
1578: -1
1579: -1
1580: -1
1581: -1
1582: 1579 -1
1583: 3 1919 1760 1384 50 1614 1622 418 348 -1
1584: 50 1648 -1
1585: 1109 50 1133 -1
1586: 50 -1
1587: 50 278 -1
1588: 1046 -1
1589: 1046 -1
1590: 1046 -1
1591: 1046 -1
1592: 1046 -1
1593: 1046 -1
1594: 1046 -1
1595: 1046 -1
1596: 1046 -1
1597: 1046 -1
1598: 1046 -1
1599: 1046 -1
1600: 58 -1
1601: 319 445 2291 835 1399 1814 322 154 446 153 1202 1206 391 415 1377 2075 409 343 419 2001 475 366 347 461 1403 25 -1
1602: -1
1603: -1
1604: 1107 1108 1109 1110 -1
1605: -1
1606: -1
1607: -1
1608: -1
1609: -1
1610: 1458 1460 1461 472 12 1202 319 1467 1468 42 38 -1
1611: -1
1612: 1615 -1
1613: -1
1614: 326 -1
1615: -1
1616: -1
1617: -1
1618: -1
1619: 1941 339 398 154 277 213 449 403 459 1403 327 -1
1620: -1
1621: -1
1622: 163 -1
1623: 163 -1
1624: 1046 163 -1
1625: -1
1626: -1
1627: 319 1418 150 1626 -1
1628: -1
1629: -1
1630: -1
1631: 1046 1630 1617 1618 -1
1632: -1
1633: 1418 235 -1
1634: -1
1635: -1
1636: 235 -1
1637: 1638 2123 1390 1202 1397 235 1405 1636 -1
1638: -1
1639: 168 -1
1640: -1
1641: -1
1642: -1
1643: -1
1644: -1
1645: -1
1646: -1
1647: -1
1648: 399 2001 -1
1649: -1
1650: -1
1651: -1
1652: -1
1653: -1
1654: -1
1655: -1
1656: -1
1657: -1
1658: -1
1659: -1
1660: 319 -1
1661: 278 -1
1662: 278 -1
1663: 1515 1178 51 798 1866 -1
1664: 2154 1867 1300 3 236 1932 2 841 2029 274 234 51 2229 1089 1648 -1
1665: 3 236 1932 787 162 163 1851 1253 51 -1
1666: 51 -1
1667: 2154 2274 1867 711 2208 2229 2220 1932 274 1648 -1
1668: 1851 1300 51 -1
1669: -1
1670: 1297 922 923 924 925 926 930 931 933 935 951 949 938 939 940 941 779 2194 960 1954 1439 -1
1671: 1954 -1
1672: 930 984 948 762 959 737 994 719 735 -1
1673: 981 982 993 -1
1674: 1954 1439 -1
1675: 950 -1
1676: 972 6 -1
1677: 234 -1
1678: 1686 -1
1679: 1687 1686 -1
1680: 1687 1686 -1
1681: -1
1682: 6 -1
1683: -1
1684: -1
1685: 317 -1
1686: -1
1687: -1
1688: 2252 -1
1689: 464 -1
1690: -1
1691: -1
1692: 1689 1690 1691 54 1093 -1
1693: 8 -1
1694: 1233 -1
1695: -1
1696: 1551 -1
1697: -1
1698: -1
1699: -1
1700: -1
1701: -1
1702: 0 1 2 3 4 5 6 7 8 9 -1
1703: 1300 3 4 2 6 8 0 190 579 -1
1704: -1
1705: -1
1706: -1
1707: -1
1708: 8 -1
1709: 8 -1
1710: 56 -1
1711: 56 -1
1712: 56 -1
1713: 56 -1
1714: -1
1715: 1143 1739 56 -1
1716: 56 81 -1
1717: 8 417 561 56 0 76 1527 26 104 12 -1
1718: 915 5 1693 56 444 -1
1719: 56 915 -1
1720: 8 56 1962 -1
1721: 8 56 1962 -1
1722: 2224 915 1693 56 -1
1723: 56 -1
1724: 441 467 418 392 56 -1
1725: 1834 441 467 418 392 56 -1
1726: 1625 56 -1
1727: 56 -1
1728: 56 -1
1729: 835 56 -1
1730: 56 -1
1731: 444 56 1730 1962 -1
1732: 798 58 357 416 2086 -1
1733: 2098 1760 3 2 1046 163 1384 58 35 -1
1734: 1600 58 -1
1735: 798 58 416 -1
1736: 58 -1
1737: 1618 1615 58 -1
1738: 278 -1
1739: -1
1740: 59 1175 1140 2256 -1
1741: 798 802 796 -1
1742: -1
1743: -1
1744: 1767 -1
1745: 1742 1743 1744 1106 218 236 1763 1765 1681 -1
1746: -1
1747: -1
1748: -1
1749: 278 -1
1750: -1
1751: 787 519 2 3 236 5 -1
1752: -1
1753: -1
1754: -1
1755: -1
1756: -1
1757: -1
1758: 1233 -1
1759: -1
1760: 1397 154 1295 421 -1
1761: 813 -1
1762: -1
1763: -1
1764: -1
1765: 1760 0 2281 -1
1766: -1
1767: 1743 1744 -1
1768: 1742 -1
1769: 1742 1743 1744 1755 -1
1770: 1742 1743 1744 105 -1
1771: 1742 1743 1744 -1
1772: 1742 1743 1744 1765 -1
1773: 1742 1743 1744 -1
1774: 1742 1743 1744 1751 -1
1775: 1742 1743 1744 1750 -1
1776: 1742 1743 1744 960 -1
1777: 1742 1743 1744 1762 -1
1778: 1742 1743 1744 69 -1
1779: 1742 1743 1744 -1
1780: 1742 1743 1744 972 -1
1781: 1742 1743 1744 813 -1
1782: 1742 1743 1744 315 1300 -1
1783: 1742 1743 1744 1752 -1
1784: 1742 1743 1744 -1
1785: 1742 1743 1744 1757 -1
1786: 1742 1743 1744 -1
1787: 1742 1743 1744 3 -1
1788: 1742 1743 1744 -1
1789: 1742 1743 1744 -1
1790: 1742 1743 1744 787 1932 -1
1791: 1742 1743 1744 -1
1792: 1742 1743 1744 1749 -1
1793: 1742 1743 1744 -1
1794: 1742 1743 1744 215 -1
1795: 1742 1743 1744 160 2198 -1
1796: 1742 1743 1744 1754 -1
1797: 1742 1743 1744 8 -1
1798: 1742 1743 1744 1764 -1
1799: 1742 1743 1744 317 -1
1800: 1742 1743 1744 1763 -1
1801: 1742 -1
1802: 1742 1743 1744 236 -1
1803: 1742 1743 1744 -1
1804: 1742 1743 1744 856 -1
1805: 1742 1743 1744 719 -1
1806: 1742 1743 1744 1748 -1
1807: 1742 1743 1744 1766 -1
1808: 1742 1743 1744 1758 -1
1809: 1742 1743 1744 1562 -1
1810: 1742 1743 1744 1852 236 1746 2268 1984 387 -1
1811: 1300 61 1984 1130 2129 1763 2173 687 -1
1812: 1046 -1
1813: 685 -1
1814: -1
1815: 1482 1110 -1
1816: 1695 -1
1817: -1
1818: -1
1819: -1
1820: -1
1821: -1
1822: 1962 -1
1823: -1
1824: 823 2184 1686 -1
1825: 1686 1687 -1
1826: 1686 -1
1827: -1
1828: -1
1829: 1911 -1
1830: -1
1831: -1
1832: -1
1833: 66 -1
1834: -1
1835: 2256 -1
1836: 1834 -1
1837: 387 469 1633 1509 67 1064 1618 1637 -1
1838: 1625 1895 1618 1633 1627 1638 -1
1839: 1625 67 1064 1618 1633 18 1627 1638 -1
1840: 67 317 -1
1841: -1
1842: 1834 -1
1843: 1411 1063 67 -1
1844: 387 469 1633 1509 67 1064 1618 1637 -1
1845: 2106 67 1841 -1
1846: 104 2274 -1
1847: -1
1848: 68 -1
1849: -1
1850: 1550 1851 2229 1551 1552 1612 1628 1553 1554 154 393 225 226 2228 235 155 1106 156 157 158 160 159 -1
1851: -1
1852: 823 236 -1
1853: 1554 1297 841 1851 1046 -1
1854: 234 232 -1
1855: 236 -1
1856: 1742 1743 1744 69 1748 160 -1
1857: -1
1858: 1459 -1
1859: 70 1205 1459 -1
1860: 2268 866 -1
1861: 71 -1
1862: 71 -1
1863: 2268 71 0 -1
1864: 71 -1
1865: 71 -1
1866: -1
1867: -1
1868: -1
1869: -1
1870: -1
1871: 376 6 973 1302 1303 -1
1872: -1
1873: -1
1874: -1
1875: 15 23 -1
1876: 1873 -1
1877: 1349 1350 74 -1
1878: -1
1879: -1
1880: -1
1881: 12 1289 1550 -1
1882: 1873 1893 2274 -1
1883: 74 -1
1884: -1
1885: 1873 -1
1886: 1873 -1
1887: 1048 1874 754 16 1892 1890 67 1354 -1
1888: 2249 102 -1
1889: -1
1890: -1
1891: -1
1892: -1
1893: -1
1894: -1
1895: 1834 -1
1896: 1879 74 -1
1897: 1879 74 -1
1898: 1602 1626 75 18 -1
1899: 75 -1
1900: 75 -1
1901: 1626 75 -1
1902: 75 1603 -1
1903: 75 1603 -1
1904: 160 75 1603 -1
1905: 18 75 -1
1906: 75 -1
1907: 1909 1911 1912 1913 1914 -1
1908: 1909 1911 1912 1913 1914 -1
1909: -1
1910: 1909 1911 1912 -1
1911: 1914 -1
1912: -1
1913: -1
1914: -1
1915: -1
1916: -1
1917: 2203 319 322 369 370 376 2006 459 1468 472 360 3 154 -1
1918: -1
1919: 805 393 1958 -1
1920: 150 -1
1921: -1
1922: -1
1923: -1
1924: -1
1925: 418 78 -1
1926: 418 78 -1
1927: 813 418 78 -1
1928: -1
1929: -1
1930: -1
1931: 1932 -1
1932: -1
1933: 2119 -1
1934: -1
1935: 1178 -1
1936: -1
1937: -1
1938: 80 -1
1939: -1
1940: -1
1941: -1
1942: 1107 1941 -1
1943: 1107 -1
1944: -1
1945: -1
1946: 448 430 1107 -1
1947: 83 1300 3 -1
1948: -1
1949: -1
1950: -1
1951: -1
1952: 2274 -1
1953: -1
1954: 2154 -1
1955: -1
1956: -1
1957: 8 84 451 -1
1958: 1959 2227 1962 -1
1959: -1
1960: 85 1959 -1
1961: 278 -1
1962: -1
1963: 1962 -1
1964: 1962 -1
1965: 1962 -1
1966: 1962 -1
1967: 1962 -1
1968: 1962 -1
1969: 1962 -1
1970: 1962 -1
1971: 1962 -1
1972: 1962 -1
1973: 1962 -1
1974: 1962 -1
1975: 1962 -1
1976: 1962 -1
1977: 1962 -1
1978: 1962 -1
1979: 1962 -1
1980: 1962 -1
1981: 1962 -1
1982: 1962 -1
1983: -1
1984: -1
1985: -1
1986: -1
1987: -1
1988: -1
1989: -1
1990: -1
1991: -1
1992: -1
1993: -1
1994: -1
1995: -1
1996: -1
1997: -1
1998: -1
1999: 1995 1996 -1
2000: 1992 -1
2001: -1
2002: 89 -1
2003: 2001 -1
2004: 395 779 762 375 1758 384 1564 90 418 1822 760 1061 1349 793 219 721 1415 218 154 3 1196 1197 1959 464 374 792 791 349 389 361 803 1577 320 1255 1400 217 -1
2005: -1
2006: 387 -1
2007: -1
2008: -1
2009: -1
2010: -1
2011: -1
2012: 2007 2008 2009 2010 2011 2026 2027 -1
2013: -1
2014: 2007 2008 2009 2010 2011 2026 2027 -1
2015: 2007 2008 2009 2010 2011 2013 2026 2027 -1
2016: 2007 2008 2009 2010 2011 2013 2026 2027 -1
2017: 2007 2008 2009 2010 2011 2013 2026 2027 -1
2018: 2007 2008 2009 2010 2011 2013 2026 2027 -1
2019: 2007 2008 2009 2010 2011 2013 2026 2027 -1
2020: 2007 2008 2009 2010 2011 2026 2027 -1
2021: 2007 2008 2009 2010 2011 2013 2026 2027 -1
2022: 2007 2008 2009 2010 2011 2013 2026 2027 -1
2023: 2007 2008 2009 2010 2011 2026 2027 -1
2024: 2007 2008 2009 2010 2011 2026 2027 -1
2025: 2007 2008 2009 2010 2011 2026 2027 -1
2026: -1
2027: -1
2028: 326 343 1410 358 356 369 373 377 94 98 1710 393 397 399 405 561 2280 412 736 432 1403 433 546 272 445 447 2230 455 456 1364 1030 475 -1
2029: 827 324 326 343 168 358 356 368 377 94 98 391 393 399 1062 397 405 2248 561 412 736 432 1403 433 1063 272 445 447 2230 455 456 1364 1030 1814 33 466 224 475 -1
2030: 326 343 358 356 369 377 94 98 1710 393 397 399 405 561 412 736 432 1403 433 272 445 447 2230 455 456 1364 1030 475 -1
2031: 2034 -1
2032: 428 -1
2033: -1
2034: -1
2035: 2034 -1
2036: 2034 -1
2037: 428 -1
2038: 2033 2034 95 -1
2039: 2040 -1
2040: -1
2041: 2040 1962 -1
2042: 2043 -1
2043: -1
2044: -1
2045: -1
2046: -1
2047: 2046 2048 -1
2048: -1
2049: -1
2050: -1
2051: -1
2052: 2049 -1
2053: -1
2054: 97 1233 -1
2055: 97 1755 -1
2056: 1562 97 -1
2057: -1
2058: -1
2059: 97 -1
2060: 1233 1695 97 1633 1911 -1
2061: 97 2274 -1
2062: 0 798 769 -1
2063: 1984 97 8 -1
2064: 699 97 1984 -1
2065: 361 1047 1046 -1
2066: -1
2067: 2274 -1
2068: -1
2069: -1
2070: -1
2071: -1
2072: 2069 -1
2073: -1
2074: 1217 1110 -1
2075: -1
2076: 1482 403 -1
2077: -1
2078: -1
2079: 416 -1
2080: 2106 -1
2081: 2069 -1
2082: 1941 414 1107 -1
2083: -1
2084: -1
2085: -1
2086: -1
2087: -1
2088: -1
2089: 1962 -1
2090: 2077 2089 432 2092 -1
2091: 2065 2066 2068 2069 2070 2071 2073 2074 2076 2077 2078 2079 2080 2081 2082 2083 2084 2085 2086 2087 2088 2089 -1
2092: 2065 2066 2068 2069 2070 2071 2073 2074 2076 2077 2078 2079 2080 2081 2082 2083 2084 2085 2086 2087 2088 2089 2090 -1
2093: -1
2094: -1
2095: 0 1 2 3 4 5 6 7 8 9 -1
2096: -1
2097: 2249 102 -1
2098: 1046 -1
2099: -1
2100: -1
2101: 3 1300 1867 1929 234 22 104 579 9 798 2181 819 349 -1
2102: 131 22 1633 104 -1
2103: 1482 -1
2104: 2099 -1
2105: -1
2106: -1
2107: 2106 395 -1
2108: -1
2109: 278 -1
2110: 1742 1743 1744 1753 1754 105 -1
2111: 1742 1743 1744 1106 218 1752 105 -1
2112: 1742 1743 1744 1754 105 1855 2268 -1
2113: 448 2106 -1
2114: 58 105 -1
2115: 2120 150 -1
2116: -1
2117: 107 -1
2118: -1
2119: 1694 -1
2120: 2140 -1
2121: 2129 2140 -1
2122: 2140 -1
2123: 2140 -1
2124: 2140 -1
2125: 2129 2140 -1
2126: 2129 2140 -1
2127: 2140 -1
2128: 2140 -1
2129: 150 -1
2130: 2129 2140 -1
2131: 2129 2140 -1
2132: -1
2133: 2140 -1
2134: 2140 -1
2135: 2140 -1
2136: 2140 -1
2137: 2140 -1
2138: 2140 -1
2139: 2140 -1
2140: -1
2141: 2140 -1
2142: 2129 2140 -1
2143: 15 315 2 3 236 316 23 317 0 318 1522 319 320 321 322 323 324 325 326 327 330 331 332 333 334 335 336 337 338 339 340 341 342 343 344 345 346 347 348 168 349 350 351 352 353 354 213 355 153 356 357 358 359 360 361 362 363 364 365 366 367 368 277 369 370 371 372 373 374 154 375 376 377 378 379 380 381 382 383 384 385 386 387 388 389 390 391 392 393 394 395 396 397 398 399 400 401 402 403 404 405 406 407 408 409 410 411 412 413 414 415 416 417 418 419 420 421 422 423 424 425 426 427 428 429 160 430 431 432 227 433 220 434 435 437 438 439 440 441 442 443 272 176 444 445 446 447 448 449 450 451 452 453 454 456 457 97 458 459 460 235 14 461 462 463 464 465 466 467 224 468 469 470 471 472 473 474 475 476 477 5 478 232 21 -1
2144: 112 2249 -1
2145: 112 -1
2146: -1
2147: -1
2148: -1
2149: 2147 2148 -1
2150: 2147 2148 -1
2151: 2147 2148 -1
2152: 2147 2148 -1
2153: -1
2154: -1
2155: 2154 -1
2156: -1
2157: -1
2158: -1
2159: -1
2160: -1
2161: -1
2162: -1
2163: -1
2164: 2154 -1
2165: -1
2166: -1
2167: -1
2168: -1
2169: -1
2170: -1
2171: -1
2172: 2166 2171 754 2255 278 -1
2173: 1742 -1
2174: -1
2175: -1
2176: -1
2177: -1
2178: 1415 -1
2179: 2154 -1
2180: 2166 278 -1
2181: -1
2182: 2129 1534 317 5 3 815 897 1764 1765 1984 2256 4 751 1046 1960 2268 150 635 2098 1760 -1
2183: 115 -1
2184: -1
2185: 1753 1695 -1
2186: -1
2187: 168 369 324 117 278 -1
2188: 362 168 1059 324 117 2217 278 -1
2189: 324 168 117 1610 278 -1
2190: 1191 2192 2193 959 2194 2195 1303 974 2197 160 6 2198 1 1850 3 236 264 754 1180 2199 5 448 2106 -1
2191: 448 2106 -1
2192: -1
2193: -1
2194: -1
2195: -1
2196: 823 -1
2197: -1
2198: -1
2199: -1
2200: 2198 2274 919 313 294 1850 153 1611 1 3 236 264 1931 1645 754 1918 1180 2199 1130 1753 1695 5 2093 462 1233 304 1760 1102 1867 866 0 2282 12 798 2115 1983 1984 163 1134 448 2106 -1
2201: -1
2202: -1
2203: -1
2204: -1
2205: -1
2206: -1
2207: -1
2208: 771 798 1030 393 2207 1233 805 818 807 446 1187 776 769 -1
2209: -1
2210: -1
2211: 1962 2210 -1
2212: 1962 2210 -1
2213: 1962 2210 -1
2214: 1962 2210 -1
2215: 1962 2210 -1
2216: -1
2217: -1
2218: -1
2219: -1
2220: 153 154 3 155 156 157 158 159 160 161 162 163 164 165 166 167 -1
2221: 5 232 1460 376 234 447 448 784 785 519 2261 786 787 274 461 351 771 1255 -1
2222: -1
2223: -1
2224: -1
2225: 1866 1307 1297 1134 234 0 2282 1760 -1
2226: 1307 1134 234 1866 1297 0 2282 1760 2274 -1
2227: -1
2228: -1
2229: -1
2230: 1134 -1
2231: 1959 -1
2232: 1959 -1
2233: 125 2274 1867 1102 -1
2234: 1742 1743 1744 1763 1929 236 -1
2235: 1742 1743 1744 1509 1106 1046 1747 -1
2236: 1742 1743 1744 -1
2237: 1742 1743 1744 1764 1765 2098 1746 685 -1
2238: 1742 1743 1744 8 -1
2239: 1742 1743 1744 1747 218 8 -1
2240: 1742 1743 1744 1747 218 8 -1
2241: -1
2242: 1694 -1
2243: 464 -1
2244: -1
2245: 787 1233 -1
2246: 128 793 1635 1640 808 278 -1
2247: 2249 -1
2248: -1
2249: -1
2250: 2249 -1
2251: 1158 1046 163 1047 1159 132 2252 -1
2252: 2198 1204 160 1467 331 168 1390 1410 1411 1945 964 154 672 1130 880 1062 1203 1396 1943 1944 431 1075 1400 1063 447 1205 730 1633 22 1687 1941 429 67 360 965 1910 -1
2253: 1233 -1
2254: -1
2255: 2172 -1
2256: -1
2257: 136 -1
2258: -1
2259: -1
2260: 6 150 -1
2261: 2098 1633 1623 -1
2262: 685 2115 -1
2263: 685 -1
2264: 1914 1911 -1
2265: -1
2266: -1
2267: 2265 2266 -1
2268: -1
2269: -1
2270: -1
2271: -1
2272: -1
2273: -1
2274: -1
2275: 2274 -1
2276: 2274 -1
2277: -1
2278: 2277 1300 -1
2279: 2277 2 -1
2280: -1
2281: 635 -1
2282: -1
2283: 56 -1
2284: 6 10 20 2206 -1
2285: 6 -1
2286: 148 -1
2287: 148 -1
2288: -1
2289: 150 -1
2290: 394 -1
2291: -1
