0: 183 184 -1
1: 230 231 -1
2: -1
3: -1
4: 344 345 346 -1
5: -1
6: 420 -1
7: 470 471 -1
8: -1
9: -1
10: -1
11: 548 -1
12: 569 570 571 572 573 574 575 3 576 577 578 579 580 581 582 583 584 585 586 587 588 589 590 591 592 309 593 594 595 596 -1
13: -1
14: 675 676 677 678 679 681 -1
15: -1
16: -1
17: -1
18: -1
19: 767 -1
20: -1
21: -1
22: -1
23: -1
24: 874 875 -1
25: -1
26: 922 -1
27: -1
28: -1
29: -1
30: 1017 1018 -1
31: -1
32: 1101 1102 1103 1104 1105 1106 1107 1108 1109 1110 -1
33: -1
34: -1
35: -1
36: -1
37: 1180 1181 -1
38: -1
39: -1
40: 1215 -1
41: 1265 -1
42: -1
43: -1
44: -1
45: -1
46: 1353 1354 -1
47: -1
48: 1410 1411 1412 1413 1414 1415 1416 1417 -1
49: 1425 -1
50: -1
51: -1
52: 1448 1450 1452 1454 1455 1456 476 1472 1473 1474 1475 1476 1477 1478 1479 1480 1481 1482 1483 1484 1485 1486 1487 1488 1489 1490 1491 1492 1493 1494 1495 1496 1497 1498 1499 1500 1501 1502 -1
53: -1
54: -1
55: -1
56: -1
57: 1570 1571 -1
58: -1
59: 1592 -1
60: -1
61: 1645 -1
62: -1
63: 1665 -1
64: -1
65: 1682 1734 1784 1785 1786 1787 1788 1789 1790 1791 1792 1793 -1
66: -1
67: -1
68: -1
69: -1
70: -1
71: -1
72: 1847 -1
73: -1
74: 1592 -1
75: -1
76: -1
77: 1881 1882 1884 1885 1886 -1
78: -1
79: 1921 -1
80: 1947 1948 1949 -1
81: -1
82: -1
83: 1971 1972 1973 1974 1975 1976 1977 1978 1979 1980 1981 1982 1983 1984 -1
84: -1
85: -1
86: 2004 -1
87: 1592 -1
88: -1
89: -1
90: 2043 -1
91: -1
92: 2066 2067 1847 2068 -1
93: 2080 2081 -1
94: -1
95: 2107 2108 2109 -1
96: 2111 -1
97: -1
98: -1
99: -1
100: 2173 2174 2175 -1
101: 2186 2187 2188 2189 2190 -1
102: 2204 -1
103: -1
104: 2213 -1
105: -1
106: -1
107: 2225 2226 2227 2228 2229 2230 -1
108: 2243 2244 2246 2248 2249 2252 2253 2255 2256 2258 2259 2261 2262 2264 2265 2267 2268 2269 2271 2272 2273 2275 2276 2278 2279 2281 2282 2283 2285 2286 2287 2289 2290 2292 2294 2295 2296 2297 2298 2299 2301 2303 2304 2306 2307 2309 2311 2312 2313 2314 2316 2317 2318 2320 2321 2323 2325 2326 2327 2328 2329 2331 2332 2333 2335 2336 2337 2339 2340 2341 2342 2343 2344 2345 2346 476 2347 2348 2349 2350 2351 2352 2353 2354 719 2355 1501 2356 2357 2358 2047 2359 2360 2361 2362 2363 2364 2365 2366 2367 2368 2369 2370 2371 2372 2373 2374 2375 2376 2378 2379 2380 2381 2382 2383 2384 2385 2386 2387 2388 2389 2390 2391 2392 2393 2394 2395 2396 2397 2398 2399 2400 2401 -1
109: 2442 2443 -1
110: -1
111: -1
112: 2487 2488 -1
113: 2501 2502 -1
114: 96 -1
115: -1
116: -1
117: 2540 -1
118: 2551 -1
119: -1
120: 2559 2560 2561 2562 2563 2564 2565 2566 -1
121: 2583 -1
122: 2609 -1
123: -1
124: 2615 2616 2617 2618 2619 2620 2621 2622 2623 96 2624 2625 2626 2627 2628 2629 2630 2631 2632 2633 2634 2635 2636 -1
125: 2646 -1
126: 2648 2649 2650 2651 -1
127: 2658 2659 2660 2661 1847 -1
128: 2662 -1
129: 2674 2675 2676 2677 2678 2679 2680 2681 -1
130: -1
131: -1
132: -1
133: -1
134: 5 97 -1
135: -1
136: -1
137: -1
138: -1
139: -1
140: -1
141: 99 2748 5 137 2749 160 17 2750 2751 2752 2753 2 139 2754 2755 163 113 1846 59 172 2756 1917 2757 2758 179 98 2759 2760 30 2761 157 136 2762 2763 2764 2765 2766 408 2767 2768 -1
142: 2769 2770 2771 2772 2773 2774 2775 2776 2777 2778 2779 2780 2781 2782 2783 2784 2785 2786 2787 2788 2789 2790 2791 2792 2793 2794 2795 2796 2797 2798 2799 -1
143: 2801 -1
144: 183 184 -1
145: -1
146: 2809 2810 -1
147: -1
148: 2820 2821 2822 2823 2824 2825 2826 2827 2828 2829 476 2830 2831 2832 2833 2834 2835 2836 2837 2838 2839 2840 2841 2842 2187 2843 2844 2845 2846 2847 2848 2849 2850 2851 2852 2853 452 2854 2855 2856 2857 2858 2859 2860 421 2861 2862 2863 420 2864 2865 2866 444 2867 2868 2869 2870 2871 2872 2873 2874 2875 2876 2877 2878 2879 2880 2881 2882 2883 2884 -1
149: -1
150: 2893 2894 2004 -1
151: -1
152: -1
153: -1
154: 2949 -1
155: 2977 2978 -1
156: 2982 -1
157: 3031 -1
158: -1
159: -1
160: -1
161: -1
162: 3046 -1
163: 3067 -1
164: -1
165: -1
166: 3127 3128 -1
167: 3133 3134 3135 3136 -1
168: -1
169: 3158 -1
170: 3159 3160 3161 3162 -1
171: 3166 3167 3168 3169 3170 3171 3174 3175 3176 3177 3178 3179 3180 3181 3182 -1
172: 0 3187 3188 3189 3190 2799 -1
173: -1
174: 3194 99 2190 -1
175: -1
176: -1
177: 3199 3200 -1
178: 3209 -1
179: -1
180: 3211 3212 3213 3214 3215 3216 3217 -1
181: 2949 -1
182: 3226 3227 117 115 134 3228 13 3229 3230 3231 3232 65 105 3233 3234 3235 151 3236 84 3237 159 3238 3239 174 3240 16 42 3241 3242 55 3243 3244 162 27 24 3245 3246 3247 3248 75 3249 3250 92 3251 164 3252 3253 149 122 3254 3255 131 3256 3257 3258 66 47 3259 3260 3261 18 19 43 3262 3263 3264 62 3265 2762 2763 2764 2765 2766 962 2767 2768 -1
183: -1
184: -1
185: 0 -1
186: 183 184 -1
187: 0 -1
188: 70 0 2 1 -1
189: 0 2348 2401 2358 2371 476 -1
190: 0 90 -1
191: 2624 0 -1
192: 2555 0 -1
193: 0 31 2 -1
194: 184 -1
195: 2213 -1
196: 0 -1
197: 16 0 -1
198: 0 2626 -1
199: 1473 -1
200: 0 -1
201: 0 -1
202: 2 -1
203: 0 -1
204: 2360 0 2351 -1
205: 65 0 3158 -1
206: 33 70 0 1734 -1
207: 0 -1
208: 111 75 0 -1
209: 3205 0 16 74 -1
210: 2190 0 -1
211: 2845 0 3187 3189 65 2870 74 2855 1473 2847 720 33 2846 -1
212: 0 23 2 53 1 2759 68 30 19 97 -1
213: 0 -1
214: 1 0 16 24 2679 -1
215: 0 -1
216: 0 -1
217: 154 0 -1
218: 2 0 2333 181 1 688 47 -1
219: 0 1 -1
220: 0 -1
221: 0 246 -1
222: 2 0 2544 1011 -1
223: 344 3241 31 5 41 134 3239 3249 3258 3260 150 62 2 1094 -1
224: 0 -1
225: 0 -1
226: 1 2 0 10 5 87 48 142 120 72 41 30 46 58 103 125 -1
227: 0 -1
228: 0 1180 -1
229: 246 2333 23 11 0 33 1018 3254 -1
230: -1
231: -1
232: 3250 3249 -1
233: 1 37 1645 2661 -1
234: 2661 1 2660 1197 -1
235: 65 15 1 -1
236: -1
237: 1 -1
238: 1 -1
239: 1 -1
240: 1 -1
241: 1 -1
242: 1 2661 -1
243: 1 -1
244: 1 -1
245: 1 -1
246: 2661 -1
247: 2661 -1
248: 3204 2669 3205 2 1 11 246 -1
249: 33 2661 1 -1
250: 1 -1
251: 1 -1
252: 3133 1 -1
253: 1 -1
254: 1 -1
255: 1 -1
256: 1 3133 2059 720 -1
257: 246 1 -1
258: 1 33 2 65 -1
259: 1 -1
260: 2544 1 -1
261: 1 -1
262: 1 -1
263: 1 -1
264: 33 74 2 -1
265: 10 2 -1
266: 2 -1
267: 2 -1
268: 2 1604 -1
269: 2 -1
270: 96 33 2877 2544 84 2 1473 74 65 251 2371 -1
271: 2 -1
272: 2 -1
273: 3174 2561 2 928 -1
274: 2 -1
275: 2 -1
276: 2 -1
277: 2659 2544 33 2 -1
278: 2 -1
279: 2 -1
280: 2 74 65 2561 33 -1
281: 2 -1
282: 3133 2 2544 74 1645 -1
283: 3174 2 -1
284: 1 2 -1
285: 77 2 10 -1
286: 2 -1
287: 2 -1
288: 824 2 -1
289: 3158 2 -1
290: 1616 2 16 42 1617 74 -1
291: 2 2544 1018 -1
292: 2 74 -1
293: 2544 2554 2555 2 118 29 3163 96 -1
294: 2 2844 2047 2375 2368 3158 -1
295: 2 -1
296: 2 -1
297: 2 -1
298: 2 -1
299: 33 3244 2855 2833 2187 3 3248 74 2894 65 -1
300: 578 3 -1
301: 3 -1
302: 3248 1682 2867 65 720 1493 105 3174 281 710 2287 3252 96 3 2378 2333 -1
303: 3 -1
304: 3 578 3257 -1
305: 65 33 710 3 578 12 589 588 -1
306: 589 3 -1
307: 3 -1
308: 3248 710 65 3 -1
309: 587 3 2333 -1
310: 1480 3 -1
311: 3 -1
312: 2371 476 2262 3180 96 1501 3 3158 -1
313: 3 593 -1
314: 593 3 12 3158 1501 2855 -1
315: 3 -1
316: 3 -1
317: 3 3244 -1
318: 569 571 572 573 574 579 580 581 3 576 577 578 582 583 584 585 586 587 588 589 590 591 592 309 593 594 595 596 -1
319: 3 -1
320: 3 12 -1
321: 3 -1
322: 3 96 -1
323: 593 3 -1
324: 3 578 96 1682 -1
325: 3 590 595 -1
326: 3 578 -1
327: 593 3 576 578 3174 -1
328: 3 -1
329: 593 3 -1
330: 578 3 65 -1
331: 3 -1
332: 3 1473 -1
333: 65 3 2140 -1
334: 3 -1
335: 3 -1
336: 3248 33 593 3 -1
337: 65 -1
338: 3 -1
339: 3 435 -1
340: 3248 3 -1
341: 3 578 -1
342: 3 -1
343: 3 3244 2140 1784 -1
344: -1
345: -1
346: 4 -1
347: 4 -1
348: 4 -1
349: 4 -1
350: 4 2333 -1
351: 2842 4 -1
352: 4 -1
353: 4 3240 2767 2768 -1
354: 33 4 7 2894 105 -1
355: 74 4 -1
356: 4 -1
357: 3248 184 720 2660 4 3211 -1
358: 445 7 4 593 33 -1
359: 4 2333 -1
360: 2722 4 -1
361: 1473 4 -1
362: 1682 -1
363: 4 -1
364: 4 -1
365: 33 1645 4 -1
366: 4 -1
367: 65 4 2333 1281 96 -1
368: 4 -1
369: 4 -1
370: 4 -1
371: 4 33 -1
372: 710 4 -1
373: 4 -1
374: 4 2256 -1
375: 3239 65 4 1281 1682 33 -1
376: 4 -1
377: 4 -1
378: 4 2256 -1
379: 1682 4 3248 -1
380: 4 -1
381: 710 4 -1
382: 4 3257 -1
383: 4 -1
384: 5 31 2982 -1
385: 5 -1
386: 5 -1
387: 5 -1
388: 5 -1
389: 5 -1
390: 5 33 65 2669 2333 1682 -1
391: 5 -1
392: 5 -1
393: 5 -1
394: 5 1645 -1
395: 5 -1
396: 5 37 2669 922 23 11 1965 2867 -1
397: 5 1018 -1
398: 5 2 -1
399: 33 5 1 2669 41 97 3133 -1
400: 29 5 11 -1
401: 5 26 64 22 1734 10 42 31 30 19 62 118 -1
402: 5 2660 246 2669 23 11 1 2661 -1
403: 5 -1
404: 5 1 2669 -1
405: 5 3133 2660 1 33 2544 2669 -1
406: 1188 2544 16 2 0 5 26 30 96 61 -1
407: 5 2669 922 -1
408: 5 2 99 30 2754 179 2748 157 1846 59 17 2757 2753 2755 163 136 137 2758 98 2759 160 2751 1917 172 139 2761 2752 2756 2760 113 2750 2749 -1
409: 5 31 55 -1
410: 33 96 2544 1018 1 17 5 42 16 162 41 74 1784 3257 -1
411: 5 2 1071 -1
412: 96 5 -1
413: 183 5 37 184 -1
414: 5 -1
415: 5 1 13 2333 55 96 33 281 1281 2544 -1
416: 5 29 105 -1
417: 22 87 5 70 130 46 142 118 0 935 67 125 1 72 103 146 48 120 2762 2763 2764 2765 2766 827 2767 2768 -1
418: 895 5 -1
419: 5 -1
420: 3128 3159 -1
421: -1
422: 6 2186 -1
423: 6 2186 -1
424: 2865 -1
425: 1616 2855 6 -1
426: 6 -1
427: 6 -1
428: 6 2186 -1
429: 2844 2893 -1
430: 6 2881 33 1473 -1
431: 6 -1
432: 3174 2855 6 2833 445 3247 2857 -1
433: 33 2855 6 -1
434: 6 -1
435: 3248 1847 -1
436: 6 7 108 -1
437: 6 2865 2864 2186 2823 2875 2855 2833 2187 2279 443 2843 2881 3174 65 1488 -1
438: 1506 6 -1
439: -1
440: 6 2186 -1
441: 6 2186 -1
442: 3174 720 2047 -1
443: 2630 -1
444: -1
445: 6 -1
446: 2736 6 7 -1
447: 6 65 -1
448: 6 2186 2823 2875 -1
449: 74 2853 752 6 -1
450: 6 -1
451: 443 6 -1
452: -1
453: 2864 -1
454: 6 -1
455: 6 -1
456: 1570 6 -1
457: 6 2199 101 -1
458: 6 -1
459: 2883 6 -1
460: 2368 6 1455 2047 2265 52 476 -1
461: 3248 2867 6 -1
462: 2854 6 -1
463: 6 2879 2823 2834 2870 2831 -1
464: 6 -1
465: 2359 476 2864 2363 1452 -1
466: 2359 476 2864 2363 1452 2844 2354 6 2348 720 2401 2382 2371 2047 719 2353 1485 -1
467: 1506 -1
468: 6 -1
469: 65 2883 1592 2833 6 2855 2348 -1
470: 1847 -1
471: -1
472: 3247 1501 -1
473: 7 -1
474: 96 7 33 1473 2621 -1
475: 2832 7 -1
476: 3158 1500 3174 1488 2047 2189 7 -1
477: 7 -1
478: 2855 1491 52 2371 2837 1479 7 1501 3158 -1
479: 476 -1
480: 7 -1
481: 2401 7 -1
482: 7 2865 2333 65 -1
483: 1478 7 476 -1
484: 2348 1493 7 3160 -1
485: 2894 2328 1478 -1
486: 7 2855 -1
487: 2863 7 -1
488: 1493 7 1014 -1
489: 2848 7 -1
490: 112 7 3248 -1
491: 7 251 -1
492: 7 -1
493: 7 -1
494: 1501 7 -1
495: 2883 96 7 -1
496: 7 476 -1
497: 3248 7 -1
498: 7 -1
499: 476 2047 7 3158 -1
500: 7 -1
501: 909 7 593 2883 2630 1078 -1
502: 2855 2877 7 1501 2837 -1
503: 7 -1
504: 2622 7 3158 -1
505: 2561 452 -1
506: 1501 52 7 2371 476 -1
507: 7 -1
508: 7 3174 -1
509: 9 -1
510: 9 -1
511: 1506 -1
512: 9 -1
513: 9 -1
514: 9 -1
515: 2867 1616 -1
516: 9 -1
517: 9 -1
518: 3211 2366 -1
519: 9 2842 -1
520: 16 1883 58 10 -1
521: 10 -1
522: 10 -1
523: 10 1094 -1
524: 2544 10 33 -1
525: 77 10 74 -1
526: 10 -1
527: 0 11 10 942 70 24 28 3 -1
528: 2 2669 2755 -1
529: 1473 26 16 2 10 42 38 31 62 -1
530: 183 23 30 11 2 1 16 77 195 38 31 47 184 -1
531: 1604 1 -1
532: 22 -1
533: 2544 96 10 33 -1
534: 77 10 -1
535: 2 1018 154 1 16 -1
536: 93 26 2 10 47 2661 -1
537: 77 10 74 -1
538: 16 10 -1
539: 184 74 10 -1
540: 10 -1
541: 30 58 10 2757 133 195 -1
542: 10 77 -1
543: -1
544: 10 -1
545: 133 58 10 195 2757 30 541 -1
546: 10 -1
547: 10 13 -1
548: -1
549: 11 1018 -1
550: 11 -1
551: 11 3265 -1
552: 23 11 -1
553: 23 11 246 -1
554: 23 11 246 -1
555: 11 -1
556: 161 117 115 173 3228 13 2659 116 159 86 126 55 85 168 79 27 3089 132 96 119 66 47 19 43 -1
557: 11 -1
558: 11 -1
559: 23 11 -1
560: 23 11 -1
561: 23 11 -1
562: 11 72 29 23 85 -1
563: 23 11 246 -1
564: 11 33 -1
565: 0 37 31 77 16 11 1215 -1
566: 2659 2669 65 11 23 -1
567: 11 -1
568: 3133 2669 11 2658 246 1 2661 16 -1
569: -1
570: -1
571: -1
572: -1
573: -1
574: -1
575: 12 -1
576: -1
577: -1
578: -1
579: -1
580: -1
581: -1
582: 3 593 -1
583: -1
584: -1
585: 12 -1
586: -1
587: -1
588: 720 12 590 -1
589: -1
590: -1
591: -1
592: -1
593: -1
594: 1448 -1
595: 593 -1
596: -1
597: 590 12 -1
598: 12 578 -1
599: 12 -1
600: 3 12 590 -1
601: 3 582 12 -1
602: 12 578 -1
603: 2333 587 588 590 589 2867 592 309 593 582 12 585 586 65 -1
604: 720 12 -1
605: 12 3 1493 -1
606: 593 3 12 595 588 578 126 -1
607: 12 588 -1
608: 720 1493 12 -1
609: 12 -1
610: 1448 12 -1
611: 590 578 3 12 -1
612: 589 593 590 3 12 -1
613: 3 12 -1
614: 55 -1
615: -1
616: 13 55 96 -1
617: 173 3228 13 16 127 55 85 79 162 27 3250 114 3258 116 66 47 43 81 62 -1
618: 13 -1
619: 13 65 615 96 1682 1281 55 -1
620: 96 173 3228 13 2333 65 85 79 33 116 3248 -1
621: 13 -1
622: 13 41 -1
623: 13 -1
624: 13 -1
625: 615 13 -1
626: 13 -1
627: 13 -1
628: 13 -1
629: 13 -1
630: 710 173 65 1784 13 109 2333 -1
631: 13 -1
632: 13 344 -1
633: 13 -1
634: 13 615 -1
635: 13 615 -1
636: 13 -1
637: 435 703 677 681 -1
638: 677 681 -1
639: 96 -1
640: 677 681 -1
641: 677 681 -1
642: 677 681 -1
643: 677 681 -1
644: 677 681 -1
645: 2004 677 681 -1
646: 677 681 -1
647: 65 677 681 -1
648: 677 681 -1
649: 677 681 -1
650: 677 -1
651: 677 681 -1
652: 678 2487 677 681 -1
653: 677 681 -1
654: 677 681 -1
655: 677 681 -1
656: 677 681 -1
657: 677 681 -1
658: 677 681 -1
659: 703 435 677 681 -1
660: 677 681 -1
661: 677 681 -1
662: 677 681 -1
663: 132 677 681 -1
664: 677 681 -1
665: 1682 677 681 -1
666: 132 173 281 677 681 -1
667: 677 681 -1
668: 65 677 681 -1
669: 3248 677 681 -1
670: 677 681 -1
671: 677 681 -1
672: 2004 132 677 681 -1
673: 677 681 -1
674: 173 47 161 2004 -1
675: 681 -1
676: -1
677: -1
678: 681 -1
679: 681 -1
680: 681 677 -1
681: -1
682: 681 -1
683: 677 681 -1
684: 14 -1
685: 1965 1568 14 -1
686: 14 -1
687: 14 -1
688: 86 132 161 178 677 681 -1
689: 14 -1
690: 14 -1
691: 677 14 -1
692: 678 2487 -1
693: 14 -1
694: 14 -1
695: 677 14 74 -1
696: 681 -1
697: 14 161 -1
698: 14 -1
699: 677 681 -1
700: 2894 74 2893 2855 14 2487 33 -1
701: 677 -1
702: 33 14 -1
703: 14 2213 -1
704: 97 14 -1
705: 2096 2383 1506 3158 3174 1455 2372 2253 15 2279 2401 2368 -1
706: 42 162 16 15 1506 -1
707: 2348 476 2844 15 -1
708: 15 -1
709: 15 2626 96 2855 2833 -1
710: 15 -1
711: 1455 2372 3158 2401 2279 15 720 -1
712: 15 3158 2325 2855 -1
713: 1501 15 33 -1
714: 15 -1
715: 2047 96 15 2879 -1
716: 15 -1
717: 2333 2844 2855 2 15 -1
718: 15 -1
719: 15 476 2875 2855 -1
720: 15 -1
721: 15 7 1501 -1
722: 773 15 2855 -1
723: 15 105 -1
724: -1
725: 74 21 16 68 24 33 96 134 154 65 2544 2057 -1
726: 2486 16 1506 18 -1
727: 74 -1
728: 16 -1
729: 16 -1
730: 16 -1
731: 16 33 -1
732: 16 33 -1
733: 33 2646 16 -1
734: 16 -1
735: 476 2395 -1
736: 16 -1
737: 3137 -1
738: 3158 -1
739: 2348 -1
740: 77 -1
741: 16 1602 -1
742: 16 1506 -1
743: 16 -1
744: 16 -1
745: 2518 2554 77 154 -1
746: 1602 16 546 -1
747: 16 -1
748: 77 -1
749: 16 -1
750: 530 22 16 -1
751: 16 -1
752: -1
753: 1589 33 17 3248 -1
754: 183 184 -1
755: 5 1 17 942 26 0 2 11 49 3205 74 154 31 98 -1
756: 17 -1
757: 17 -1
758: 0 2 11 1 103 1881 131 111 3265 -1
759: 18 -1
760: 18 -1
761: 96 18 -1
762: 162 42 -1
763: 131 16 18 2544 922 -1
764: 2486 3253 18 -1
765: 1506 18 3253 -1
766: 18 -1
767: -1
768: 19 -1
769: 19 -1
770: 19 -1
771: 2544 33 19 2540 -1
772: 19 165 -1
773: 2624 19 -1
774: 3254 19 -1
775: 767 2867 -1
776: 1645 281 105 19 -1
777: 19 -1
778: 19 165 -1
779: 1 -1
780: 19 -1
781: 2737 3244 2333 19 150 81 -1
782: 19 105 -1
783: 19 -1
784: 19 -1
785: 19 13 -1
786: 19 -1
787: 19 -1
788: 105 19 -1
789: 19 -1
790: -1
791: 20 -1
792: 20 2081 -1
793: 2081 20 -1
794: 20 -1
795: 20 -1
796: 20 -1
797: 33 93 20 145 -1
798: 20 -1
799: 34 20 -1
800: 34 20 -1
801: 20 -1
802: 20 -1
803: 20 -1
804: 3177 -1
805: 21 -1
806: 21 -1
807: 1570 710 2544 21 96 -1
808: 21 1568 1592 -1
809: 21 805 2767 2768 -1
810: 1473 1591 1103 2861 21 -1
811: 1568 3174 21 -1
812: 1592 21 -1
813: 1152 21 710 65 2333 -1
814: 22 -1
815: 22 2055 -1
816: 184 2855 476 2333 435 720 2400 22 2575 -1
817: 22 -1
818: 126 65 0 866 165 96 720 2575 22 -1
819: 0 22 -1
820: 26 22 3205 824 -1
821: 22 -1
822: 22 -1
823: 2549 22 2544 -1
824: 922 2544 2944 154 130 724 16 3205 3203 3204 26 942 556 11 2333 99 1 2549 -1
825: 804 90 1506 22 3174 2855 7 -1
826: 1198 2502 5 0 38 26 31 22 1098 46 -1
827: 0 1 5 46 935 22 72 48 70 146 67 142 118 103 130 125 120 87 -1
828: 22 -1
829: 65 184 22 1014 -1
830: 22 13 -1
831: 74 2059 2333 1616 2544 7 26 22 0 1501 -1
832: 22 11 38 3241 3247 3248 2333 31 3258 5 49 1281 96 -1
833: 22 -1
834: 23 3201 -1
835: 23 33 -1
836: 23 -1
837: 2059 23 -1
838: 23 11 -1
839: 23 -1
840: 23 11 -1
841: 128 23 11 2667 33 2669 -1
842: 23 -1
843: 23 11 -1
844: 23 11 246 -1
845: 23 11 -1
846: 23 11 246 -1
847: 23 11 246 -1
848: 23 11 246 -1
849: 5 26 3228 39 23 11 16 55 126 132 31 119 114 2679 66 47 43 97 -1
850: 23 -1
851: 2661 2660 2658 5 23 11 27 -1
852: 344 -1
853: 23 -1
854: 23 11 -1
855: 2658 23 246 2669 -1
856: 23 11 -1
857: 874 -1
858: 874 -1
859: 874 -1
860: 874 -1
861: 874 -1
862: 874 -1
863: 874 -1
864: 874 -1
865: 874 -1
866: 874 -1
867: 874 -1
868: 874 -1
869: 874 -1
870: 874 -1
871: 874 -1
872: 874 -1
873: 874 -1
874: -1
875: -1
876: 874 -1
877: 24 -1
878: 24 -1
879: 96 251 24 -1
880: 2544 24 -1
881: 874 -1
882: 96 3174 65 24 -1
883: 24 96 -1
884: 1018 2544 16 24 42 2057 -1
885: 2855 2544 24 -1
886: 874 -1
887: 874 -1
888: 874 -1
889: 1592 -1
890: 154 24 -1
891: 874 -1
892: 96 2544 24 154 2679 -1
893: 1682 -1
894: 24 154 2544 -1
895: -1
896: 874 -1
897: 2722 2755 96 2551 16 42 24 109 -1
898: 24 -1
899: 96 24 -1
900: 719 -1
901: 0 -1
902: 719 920 3212 1519 3174 7 -1
903: 7 33 3174 476 1501 25 -1
904: 7 33 3174 476 1501 25 -1
905: 7 33 3174 476 1501 25 -1
906: 476 900 908 25 -1
907: 476 900 25 908 1488 -1
908: 476 719 -1
909: 7 33 3174 476 1501 25 29 1452 -1
910: 25 2189 -1
911: 25 3219 476 -1
912: 7 33 3174 476 1501 25 1452 29 -1
913: 7 33 3174 476 1501 25 -1
914: 1488 2408 2406 1495 25 1501 -1
915: 3212 3174 2189 25 -1
916: 1495 25 -1
917: 7 33 3174 476 1501 25 -1
918: 7 33 3174 476 1501 25 -1
919: 0 -1
920: 3174 25 1495 1488 1491 476 2867 3158 719 -1
921: 25 -1
922: -1
923: 7 33 26 2755 3205 -1
924: 183 26 184 -1
925: 26 -1
926: 26 29 -1
927: 26 1197 3247 -1
928: 3174 26 -1
929: 26 65 -1
930: 935 26 73 49 38 1098 2502 -1
931: 26 -1
932: 2544 -1
933: 26 65 -1
934: 31 26 -1
935: -1
936: 26 -1
937: 96 922 3248 31 26 -1
938: 26 -1
939: 5 11 26 31 -1
940: 2 26 -1
941: 26 73 49 2502 38 1098 935 930 -1
942: -1
943: 26 -1
944: 26 0 -1
945: 27 -1
946: 27 -1
947: 27 -1
948: 246 2659 27 2669 -1
949: 27 -1
950: 27 -1
951: 2660 27 -1
952: 27 -1
953: 27 -1
954: 27 -1
955: 27 -1
956: -1
957: 27 -1
958: 2660 956 27 2659 29 66 65 -1
959: 2660 27 65 -1
960: 27 -1
961: 13 161 116 173 3228 2333 85 168 79 27 3089 149 3257 66 3248 23 11 710 97 -1
962: 16 3263 19 18 3253 55 13 3257 43 92 24 3259 3237 174 27 3254 66 84 65 3228 47 162 3250 42 62 3246 3229 3247 75 131 3241 117 3249 3235 3239 159 134 122 3258 3226 3245 151 3264 3265 3248 3232 3230 115 3260 105 3251 149 3231 3261 3227 164 3233 3252 3262 3240 3243 3234 3255 3236 3238 -1
963: 5 161 116 117 115 173 54 134 3228 13 37 3239 135 84 2659 548 159 174 42 127 126 55 85 168 79 27 3089 132 2737 155 3227 149 96 119 47 3257 66 63 3259 19 43 1281 41 178 81 97 -1
964: 28 -1
965: 28 -1
966: 28 -1
967: 28 -1
968: 28 -1
969: 28 -1
970: 28 -1
971: 2279 28 720 1493 -1
972: 720 28 2279 971 2767 2768 -1
973: 65 28 979 2767 2768 -1
974: 2 77 28 -1
975: 28 -1
976: 28 -1
977: 28 -1
978: 2279 720 28 1493 -1
979: 28 -1
980: 28 720 2871 65 2867 2333 3174 2870 2853 2894 2855 -1
981: 2883 65 2861 2333 28 -1
982: 28 33 74 435 1570 7 -1
983: 74 3137 0 2880 1103 2328 65 2325 33 720 2544 2846 28 1473 7 2406 96 -1
984: 28 -1
985: 2867 28 3174 -1
986: 2846 67 0 46 1 49 76 28 78 133 7 -1
987: 28 33 7 74 -1
988: 29 -1
989: 2661 29 -1
990: 2669 2661 246 2660 29 -1
991: 29 -1
992: 7 33 3174 476 1501 25 29 -1
993: 22 31 29 47 543 77 16 30 -1
994: 29 -1
995: 2669 2661 246 2660 29 -1
996: 29 -1
997: 2358 29 1483 3158 -1
998: 29 2658 -1
999: 29 -1
1000: 29 -1
1001: 29 0 78 3250 -1
1002: 105 29 -1
1003: 5 29 30 41 -1
1004: 29 -1
1005: 29 41 -1
1006: 29 2333 -1
1007: 3194 5 37 29 1 -1
1008: 173 29 -1
1009: 2659 74 29 -1
1010: 29 -1
1011: 74 2661 29 1 0 1604 2544 2057 3247 -1
1012: 109 710 105 3248 96 2333 37 29 2660 1602 -1
1013: 29 -1
1014: 29 -1
1015: 29 -1
1016: 37 2658 29 2659 2660 65 -1
1017: -1
1018: -1
1019: 1018 -1
1020: 1018 -1
1021: 1018 -1
1022: 1018 -1
1023: 1018 -1
1024: 1018 -1
1025: 1018 -1
1026: 30 33 -1
1027: 30 -1
1028: 3235 1018 -1
1029: 1018 -1
1030: 1018 -1
1031: 1018 -1
1032: 1018 -1
1033: 1018 -1
1034: 1018 -1
1035: 1018 -1
1036: 1018 -1
1037: 30 154 -1
1038: 1018 -1
1039: 1018 -1
1040: 1018 -1
1041: 1018 -1
1042: 2755 30 -1
1043: 2855 1501 476 1478 2379 30 2757 -1
1044: 1018 -1
1045: 1018 -1
1046: 1018 -1
1047: 1018 -1
1048: 1018 -1
1049: 1018 -1
1050: 1018 -1
1051: 1018 -1
1052: 1359 74 30 -1
1053: 30 -1
1054: 1018 -1
1055: 1018 -1
1056: 1018 -1
1057: 1018 -1
1058: 1018 -1
1059: 1018 -1
1060: 62 30 -1
1061: 13 30 -1
1062: 30 111 -1
1063: 31 55 -1
1064: 31 2844 49 -1
1065: 2658 18 1493 2333 31 -1
1066: 31 96 65 -1
1067: 1589 74 31 -1
1068: 31 -1
1069: 31 -1
1070: 1604 31 -1
1071: 31 -1
1072: 41 31 96 3248 -1
1073: 33 31 65 3248 3174 -1
1074: 31 -1
1075: 31 -1
1076: 31 -1
1077: 31 -1
1078: 31 134 -1
1079: 31 1152 -1
1080: 31 -1
1081: 31 -1
1082: 31 -1
1083: 31 1604 2544 96 -1
1084: 2502 31 2059 -1
1085: 31 3204 3201 -1
1086: 31 935 -1
1087: 31 -1
1088: 2 -1
1089: 3158 2844 96 31 2349 -1
1090: 31 -1
1091: 31 -1
1092: 1473 720 31 -1
1093: 1848 31 -1
1094: 31 -1
1095: 2047 3158 33 31 -1
1096: 31 -1
1097: 31 -1
1098: 3241 31 0 2799 -1
1099: 31 -1
1100: 31 -1
1101: -1
1102: -1
1103: -1
1104: -1
1105: -1
1106: -1
1107: -1
1108: -1
1109: -1
1110: 32 -1
1111: 32 435 3174 251 74 -1
1112: -1
1113: 1101 1108 3174 -1
1114: 1101 -1
1115: -1
1116: 1101 -1
1117: 1101 -1
1118: 1152 2609 7 65 32 -1
1119: 32 720 -1
1120: 1102 32 1112 -1
1121: 1101 -1
1122: 1101 1109 -1
1123: 1101 74 65 96 2504 1506 1102 1589 -1
1124: 1101 1107 -1
1125: 24 1493 32 -1
1126: 65 32 720 1602 -1
1127: 32 -1
1128: 1101 -1
1129: 32 720 1119 2767 2768 -1
1130: 32 1112 1122 -1
1131: 32 74 -1
1132: 1101 1107 -1
1133: 2855 -1
1134: 1101 -1
1135: 32 1115 -1
1136: 93 34 -1
1137: 34 -1
1138: 34 -1
1139: 2089 34 790 -1
1140: 34 -1
1141: 34 -1
1142: 35 -1
1143: 35 -1
1144: 35 -1
1145: 96 35 1657 -1
1146: 35 476 -1
1147: 35 -1
1148: 35 -1
1149: 2262 1145 35 -1
1150: 35 74 -1
1151: 435 35 1158 -1
1152: -1
1153: 35 -1
1154: 35 -1
1155: 35 -1
1156: 35 -1
1157: 35 -1
1158: 35 435 -1
1159: 35 -1
1160: 35 773 -1
1161: 35 -1
1162: 35 -1
1163: 183 36 3253 184 -1
1164: 2107 36 -1
1165: 2107 36 -1
1166: 36 89 -1
1167: 138 89 36 95 1169 -1
1168: 2486 16 36 3253 -1
1169: 89 36 138 95 -1
1170: 2107 36 -1
1171: 2107 36 -1
1172: 36 -1
1173: 1506 103 36 -1
1174: 3248 922 36 -1
1175: 1493 131 36 18 75 -1
1176: 0 24 131 1473 -1
1177: 36 67 -1
1178: 89 36 95 -1
1179: 36 -1
1180: -1
1181: -1
1182: 116 66 -1
1183: 2658 37 -1
1184: 1014 -1
1185: 37 3067 -1
1186: 37 246 -1
1187: 37 -1
1188: 1784 37 2660 1 2661 2894 -1
1189: 5 11 -1
1190: 173 -1
1191: 37 2660 246 -1
1192: 37 3067 -1
1193: 63 114 96 3253 31 37 3228 161 -1
1194: 37 -1
1195: 3205 38 -1
1196: 1501 1483 547 476 2544 38 2354 -1
1197: -1
1198: 38 -1
1199: 39 -1
1200: 39 -1
1201: 39 -1
1202: 39 -1
1203: 39 -1
1204: 39 -1
1205: 39 1213 -1
1206: 39 -1
1207: 39 -1
1208: 39 -1
1209: 39 -1
1210: 39 -1
1211: 39 -1
1212: 39 1207 -1
1213: 39 -1
1214: 16 39 -1
1215: -1
1216: 1215 -1
1217: 1215 -1
1218: 1215 -1
1219: 1215 -1
1220: 1215 -1
1221: 1215 -1
1222: 65 40 1253 1215 -1
1223: 1215 -1
1224: 1215 -1
1225: 40 1253 1261 1233 2867 -1
1226: 40 1215 -1
1227: 1215 -1
1228: 1215 -1
1229: 1215 -1
1230: 1215 -1
1231: 1215 -1
1232: 1215 -1
1233: 1253 40 1215 -1
1234: 96 720 40 65 -1
1235: 40 1215 -1
1236: 1215 -1
1237: 1215 -1
1238: 1215 -1
1239: 1215 -1
1240: 1215 -1
1241: 40 1215 -1
1242: 40 -1
1243: 96 40 1253 -1
1244: 2890 40 1261 1233 65 -1
1245: 1215 -1
1246: 1215 -1
1247: 1215 -1
1248: 1215 -1
1249: 1215 -1
1250: 1215 -1
1251: 1215 -1
1252: 1215 40 -1
1253: 1215 -1
1254: 40 1215 1253 -1
1255: 1215 -1
1256: 1215 -1
1257: 1215 -1
1258: 96 40 1253 -1
1259: 40 -1
1260: 2 40 96 -1
1261: 1215 1253 40 -1
1262: 1253 40 65 7 -1
1263: 134 804 96 40 -1
1264: 3248 2140 40 1253 -1
1265: -1
1266: 1265 -1
1267: 1265 -1
1268: 1265 -1
1269: 1265 -1
1270: 1265 -1
1271: 1265 344 -1
1272: 1265 -1
1273: 1265 5 1 31 -1
1274: 1265 -1
1275: 41 -1
1276: 41 246 -1
1277: 41 1546 -1
1278: 41 -1
1279: 3250 92 41 2333 -1
1280: 165 109 135 104 7 96 126 41 2217 2767 2768 -1
1281: -1
1282: 41 -1
1283: 41 1288 -1
1284: 55 41 1281 -1
1285: 41 13 -1
1286: -1
1287: 41 -1
1288: 41 5 -1
1289: 5 41 -1
1290: 41 -1
1291: 1265 -1
1292: 190 65 96 42 -1
1293: 96 720 1967 65 33 1011 42 1592 435 3248 -1
1294: 96 -1
1295: 42 -1
1296: 74 96 16 42 1682 -1
1297: 42 -1
1298: 42 96 -1
1299: 65 2544 1018 2333 96 0 42 1 3250 74 2057 82 134 154 47 105 -1
1300: 42 -1
1301: 42 -1
1302: 2333 42 -1
1303: 42 -1
1304: 710 96 42 3223 1018 -1
1305: 1493 42 162 -1
1306: 42 -1
1307: 3031 -1
1308: 3031 -1
1309: 3031 -1
1310: 3031 -1
1311: 3031 -1
1312: 3031 -1
1313: 43 66 -1
1314: 3031 -1
1315: 3031 -1
1316: 3031 -1
1317: 3031 -1
1318: 43 -1
1319: 43 65 -1
1320: 66 19 43 -1
1321: 43 -1
1322: 43 150 1281 3239 -1
1323: 3031 -1
1324: 3031 -1
1325: 3031 -1
1326: 3031 -1
1327: 43 772 -1
1328: 43 -1
1329: 43 -1
1330: 43 -1
1331: 3031 -1
1332: 44 1506 -1
1333: 44 2622 3174 720 1506 1493 7 -1
1334: 2622 3174 720 1493 44 -1
1335: 44 3175 -1
1336: 44 -1
1337: 3175 44 -1
1338: 3174 1493 2622 1506 720 44 -1
1339: 2333 -1
1340: 593 45 595 1847 -1
1341: 45 578 586 -1
1342: 1345 587 45 3174 1014 -1
1343: 45 -1
1344: 74 45 3248 96 33 -1
1345: 45 2190 -1
1346: 45 12 -1
1347: 593 45 -1
1348: 45 -1
1349: 1616 588 578 7 1493 45 -1
1350: 3248 595 45 2855 3174 720 -1
1351: 7 45 2317 476 -1
1352: 1343 45 -1
1353: -1
1354: -1
1355: 1353 1354 -1
1356: 1353 1354 -1
1357: 1353 1354 -1
1358: 1353 1354 -1
1359: 1353 1354 -1
1360: 1353 1354 -1
1361: 1353 1354 -1
1362: 1353 1354 -1
1363: 1353 1354 -1
1364: 1353 1354 -1
1365: 1353 1354 -1
1366: 1353 1354 -1
1367: 1353 1354 -1
1368: 1353 1354 -1
1369: 1353 1354 -1
1370: 1353 1354 -1
1371: 1353 1354 -1
1372: 1353 1354 -1
1373: 1353 1354 -1
1374: 1353 1354 -1
1375: 1353 1354 -1
1376: 1353 1354 -1
1377: 1353 1354 -1
1378: 1353 1354 -1
1379: 1353 1354 -1
1380: 1353 1354 -1
1381: 1353 1354 -1
1382: 1353 1354 -1
1383: 1353 1354 -1
1384: 1353 1354 -1
1385: 1353 1354 -1
1386: 1353 1354 -1
1387: 1353 1354 -1
1388: 1353 1354 -1
1389: 1353 1354 -1
1390: 1353 1354 -1
1391: 1353 1354 -1
1392: 1353 1354 -1
1393: 1353 1354 -1
1394: 1353 1354 -1
1395: 1353 1354 -1
1396: 1353 1354 -1
1397: 1353 1354 -1
1398: 1353 1354 -1
1399: 1353 1354 -1
1400: 1353 1354 -1
1401: 1353 1354 -1
1402: 1353 1354 -1
1403: 1353 1354 -1
1404: 47 -1
1405: 47 96 -1
1406: 2555 2544 74 47 710 1589 -1
1407: 65 7 47 33 -1
1408: 96 16 1 2057 1645 31 47 134 -1
1409: 47 -1
1410: -1
1411: -1
1412: -1
1413: -1
1414: -1
1415: -1
1416: -1
1417: -1
1418: 1411 -1
1419: -1
1420: -1
1421: -1
1422: 1423 48 1419 1420 1421 -1
1423: -1
1424: 3248 184 48 3158 476 2348 2371 2870 65 719 2401 1485 720 -1
1425: -1
1426: 50 -1
1427: 50 -1
1428: 50 -1
1429: 50 -1
1430: 50 -1
1431: 50 -1
1432: 50 -1
1433: 50 -1
1434: 50 -1
1435: 50 -1
1436: 50 -1
1437: 50 -1
1438: 50 -1
1439: 50 -1
1440: 50 -1
1441: 50 -1
1442: 51 65 -1
1443: 33 51 1592 3174 7 134 65 720 -1
1444: 51 1616 65 -1
1445: 51 65 -1
1446: 51 65 -1
1447: 96 51 65 -1
1448: -1
1449: 1448 -1
1450: 52 1501 1455 1495 -1
1451: 1450 -1
1452: -1
1453: 1452 -1
1454: -1
1455: 476 1518 1503 52 1501 -1
1456: -1
1457: 1454 1455 1456 -1
1458: 1454 1455 1456 -1
1459: 1452 -1
1460: 1450 -1
1461: 1448 1450 1452 1454 1455 1456 -1
1462: 476 -1
1463: 1503 1493 476 1490 -1
1464: 476 1493 -1
1465: 476 1493 1489 1499 1504 1494 -1
1466: 1517 -1
1467: 476 -1
1468: 1493 -1
1469: 476 -1
1470: 1478 3158 -1
1471: 1493 -1
1472: -1
1473: -1
1474: -1
1475: -1
1476: 3158 -1
1477: 3158 -1
1478: 2855 2877 1501 2837 -1
1479: -1
1480: -1
1481: 52 2047 -1
1482: 52 -1
1483: 1501 -1
1484: -1
1485: -1
1486: -1
1487: -1
1488: 2336 2047 1501 -1
1489: 476 2047 52 -1
1490: 476 2047 1987 52 1483 -1
1491: -1
1492: -1
1493: 476 -1
1494: 2335 -1
1495: 476 2047 2400 3248 719 52 1519 1483 2336 2371 1450 3211 920 3213 3218 -1
1496: 65 52 7 476 1450 2401 2368 2047 2736 2371 -1
1497: 52 -1
1498: 52 -1
1499: -1
1500: -1
1501: 2286 -1
1502: -1
1503: 1493 476 2279 1501 -1
1504: 476 52 1518 3158 -1
1505: 1483 1499 1491 1501 -1
1506: -1
1507: 1478 476 2679 1483 2890 2371 2047 2877 1479 2854 2853 2855 1501 2837 2348 -1
1508: 476 52 -1
1509: 476 2096 1987 1617 2853 1483 2401 2262 52 2364 2679 2313 2349 2395 816 123 2279 65 1491 2358 2400 -1
1510: 1495 1491 1501 -1
1511: 1483 476 -1
1512: 476 2047 52 -1
1513: 1506 476 52 3158 -1
1514: 1475 2318 2375 476 719 3218 2364 52 1987 -1
1515: 108 719 476 1483 3174 2679 3213 2047 52 2368 435 2400 2395 443 710 1450 2262 2096 2335 -1
1516: 476 2262 719 2395 1493 2047 2096 251 773 52 3212 2336 2406 2867 2364 2358 3213 3158 1625 2354 2333 65 1683 2371 1501 2679 1519 1483 3174 2279 720 2890 7 2347 2287 1500 2252 435 1617 2401 3211 1484 2359 2313 2348 1455 3248 2622 121 3247 57 3218 171 3219 33 1616 -1
1517: 476 52 2047 1518 719 1495 1484 3158 -1
1518: 1506 2358 476 1491 1485 1503 2047 1455 1504 2369 1501 -1
1519: 476 52 2364 3158 1495 -1
1520: 53 -1
1521: 74 53 2661 720 -1
1522: 65 53 1524 -1
1523: 53 -1
1524: -1
1525: 53 922 -1
1526: 53 -1
1527: 53 -1
1528: 53 -1
1529: 54 -1
1530: 54 -1
1531: 54 -1
1532: 54 -1
1533: 54 -1
1534: 54 -1
1535: 54 -1
1536: 54 -1
1537: 54 -1
1538: 54 -1
1539: 54 -1
1540: 54 -1
1541: 54 -1
1542: 55 -1
1543: 3089 1998 55 135 -1
1544: 55 -1
1545: 55 615 -1
1546: -1
1547: 55 -1
1548: 55 -1
1549: 556 19 -1
1550: 1545 96 -1
1551: 55 -1
1552: 55 -1
1553: 13 2 55 126 154 31 30 82 1281 41 -1
1554: 55 -1
1555: 55 -1
1556: 55 1545 -1
1557: 96 2832 2056 2626 65 2831 2855 1682 2867 3248 2621 -1
1558: 1984 65 435 720 3174 56 710 -1
1559: 56 2855 -1
1560: 7 109 720 65 56 -1
1561: -1
1562: 3174 65 3248 435 1506 720 2333 109 1784 1493 7 1152 -1
1563: 56 -1
1564: 1561 -1
1565: 56 -1
1566: 2401 56 -1
1567: 3248 56 -1
1568: -1
1569: 56 -1
1570: -1
1571: -1
1572: 57 1577 2767 2768 -1
1573: 65 -1
1574: 57 2333 65 710 -1
1575: 57 1786 -1
1576: 1571 -1
1577: 57 -1
1578: 1571 57 -1
1579: 96 57 -1
1580: 57 -1
1581: 57 -1
1582: 58 -1
1583: 70 58 74 -1
1584: 74 70 58 -1
1585: 58 -1
1586: 3174 0 58 1216 7 3248 -1
1587: 58 -1
1588: -1
1589: 1592 -1
1590: -1
1591: 1592 -1
1592: 74 1588 1589 1590 1591 1593 1594 1595 1596 1597 1598 -1
1593: -1
1594: 1592 -1
1595: 1592 -1
1596: -1
1597: -1
1598: -1
1599: 1592 -1
1600: 1592 -1
1601: 1987 476 2348 2401 2345 2400 2344 59 -1
1602: 59 -1
1603: 59 33 922 3174 578 -1
1604: 59 -1
1605: 476 2401 59 -1
1606: 60 -1
1607: 1501 2328 2842 -1
1608: 1501 -1
1609: 60 1501 -1
1610: 2279 2374 2383 2368 719 1455 2422 2351 2395 476 52 2401 2353 60 2358 -1
1611: 476 2328 -1
1612: 476 2328 -1
1613: 2401 2853 -1
1614: 1501 -1
1615: 476 1617 2358 1483 2349 2345 2047 2096 2279 2371 -1
1616: -1
1617: 2328 2401 1640 2359 2842 1480 -1
1618: 2358 60 -1
1619: 476 2328 -1
1620: 1617 -1
1621: 1617 -1
1622: 1488 1616 -1
1623: 60 1617 1483 -1
1624: 476 1617 2358 1483 2349 2345 2047 2096 2279 2371 1501 -1
1625: 1501 -1
1626: 1501 1644 -1
1627: 1501 1617 2371 1483 2349 2345 2401 2279 1624 476 -1
1628: 3158 1501 60 -1
1629: 476 737 2371 2842 -1
1630: 2279 2368 52 2374 2383 719 1455 1483 2047 2265 2395 476 2296 2401 2353 60 2358 -1
1631: 2279 2368 1480 2374 2383 719 1455 2047 2265 2395 476 2296 52 2401 2353 60 2358 1506 -1
1632: 1617 1501 -1
1633: 476 1617 1616 2047 60 2262 2767 2768 -1
1634: 476 2342 2096 2348 719 2253 2313 2371 2400 2317 2624 710 108 1989 7 2374 2372 2375 2377 60 2395 1986 1616 -1
1635: 2328 1483 1624 -1
1636: 2359 1617 1483 -1
1637: 60 -1
1638: 2279 -1
1639: 1617 -1
1640: 1617 -1
1641: 60 -1
1642: 3158 1501 2364 1624 476 2279 2401 60 2358 -1
1643: 1501 2358 60 1483 -1
1644: -1
1645: -1
1646: 61 7 -1
1647: 2213 61 -1
1648: 2855 61 -1
1649: 61 -1
1650: 61 -1
1651: 61 452 -1
1652: 61 2867 -1
1653: 61 -1
1654: 61 -1
1655: 61 33 -1
1656: 61 -1
1657: 92 -1
1658: 7 3248 42 62 16 -1
1659: 134 13 96 33 62 -1
1660: 62 -1
1661: 30 62 33 -1
1662: 96 31 62 -1
1663: 62 -1
1664: 62 -1
1665: -1
1666: 2893 63 -1
1667: 63 -1
1668: 63 -1
1669: 63 -1
1670: 63 -1
1671: 96 3248 3247 63 -1
1672: 183 114 161 3250 64 184 -1
1673: 64 -1
1674: 64 1682 -1
1675: 2544 64 -1
1676: 64 -1
1677: 1 64 65 1473 -1
1678: 1 64 65 1473 -1
1679: 96 13 64 65 16 -1
1680: 64 -1
1681: 132 114 64 -1
1682: -1
1683: 1682 1734 1784 1785 1786 1787 1788 1789 1790 1791 1792 1793 -1
1684: 1784 1785 1786 1734 1787 1788 1789 1790 1791 1792 1682 1793 -1
1685: 1784 1785 1786 1734 1787 1788 1789 1790 1791 1792 1682 1793 -1
1686: 1784 1785 1786 1734 1787 1788 1789 1790 1791 1792 1682 1793 -1
1687: 1784 1785 1786 1734 1787 1788 1789 1790 1791 1792 1682 1793 -1
1688: 1784 1785 1786 1734 1787 1788 1789 1790 1791 1792 1682 1793 -1
1689: 1682 1734 1786 1784 1792 -1
1690: 1784 1785 1786 1734 1787 1788 1789 1790 1791 1792 1682 1793 -1
1691: 1682 1734 1786 1784 1792 -1
1692: 1682 1734 1786 1784 1792 -1
1693: 1784 1785 1786 1734 1787 1788 1789 1790 1791 1792 1682 1793 -1
1694: 1784 1785 1786 1734 1787 1788 1789 1790 1791 1792 1682 1793 -1
1695: 1682 1734 1786 1784 1792 -1
1696: 1784 1785 1786 1734 1787 1788 1789 1790 1791 1792 1682 1793 -1
1697: 1784 1785 1786 1734 1787 1788 1789 1790 1791 1792 1682 1793 -1
1698: 1682 1734 1786 1784 1792 -1
1699: 1784 1785 1786 1734 1787 1788 1789 1790 1791 1792 1682 1793 -1
1700: 1682 1734 1786 1784 1792 -1
1701: 1682 1734 1786 1784 1792 -1
1702: 1682 1734 1786 1784 1792 -1
1703: 1784 1785 1786 1734 1787 1788 1789 1790 1791 1792 1682 1793 -1
1704: 1784 1785 1786 1734 1787 1788 1789 1790 1791 1792 1682 1793 -1
1705: 1784 1785 1786 1734 1787 1788 1789 1790 1791 1792 1682 1793 -1
1706: 1784 1785 1786 1734 1787 1788 1789 1790 1791 1792 1682 1793 -1
1707: 1682 1734 1786 1784 1792 -1
1708: 1784 1785 1786 1734 1787 1788 1789 1790 1791 1792 1682 1793 -1
1709: 1682 1734 1786 1784 1792 -1
1710: 1682 1734 1786 1784 1792 -1
1711: 1682 1734 1786 1784 1792 -1
1712: 1682 1734 1786 1784 1792 -1
1713: 1682 1734 1786 1784 1792 -1
1714: 1682 1734 1786 1784 1792 -1
1715: 1784 1785 1786 1734 1787 1788 1789 1790 1791 1792 1682 1793 -1
1716: 1682 1734 1786 1784 1792 -1
1717: 1784 1785 1786 1734 1787 1788 1789 1790 1791 1792 1682 1793 -1
1718: 1784 1785 1786 1734 1787 1788 1789 1790 1791 1792 1682 1793 -1
1719: 1682 1734 1786 1784 1792 -1
1720: 1784 1785 1786 1734 1787 1788 1789 1790 1791 1792 1682 1793 -1
1721: 1784 1785 1786 1734 1787 1788 1789 1790 1791 1792 1682 1793 -1
1722: 1784 1785 1786 1734 1787 1788 1789 1790 1791 1792 1682 1793 -1
1723: 1682 1734 1786 1784 1792 -1
1724: 1682 1734 1786 1784 1792 -1
1725: 1682 1734 1786 1784 1792 -1
1726: 1682 1734 1786 1784 1792 -1
1727: 1682 1734 1786 1784 1792 -1
1728: 1784 1785 1786 1734 1787 1788 1789 1790 1791 1792 1682 1793 -1
1729: 1784 1785 1786 1734 1787 1788 1789 1790 1791 1792 1682 1793 -1
1730: 1784 1785 1786 1734 1787 1788 1789 1790 1791 1792 1682 1793 -1
1731: 1682 1734 1786 1784 1792 -1
1732: 1784 1785 1786 1734 1787 1788 1789 1790 1791 1792 1682 1793 -1
1733: 1682 1734 1786 1784 1792 -1
1734: 1682 1683 1684 1685 1686 1687 1688 1689 1690 1691 1692 1693 1694 1695 1696 1697 1698 1699 1700 1701 1702 1703 1704 1705 1706 1707 1708 1709 1710 1711 1712 1713 1714 1715 1716 1717 1718 1719 1720 1721 1722 1723 1724 1725 1726 1727 1728 1729 1730 1731 1732 1733 1758 1740 1736 1737 1738 1739 65 1744 1774 1743 1747 1757 1768 1761 1776 1767 1762 1752 1748 1741 1742 1745 1746 1749 1750 1751 1753 1754 1755 1756 1759 1760 1763 1764 1765 1766 1769 1770 1771 1772 1773 1775 1777 1778 1779 1780 1781 1782 1783 1786 1784 1792 -1
1735: 1784 1785 1786 1734 1787 1788 1789 1790 1791 1792 1682 1793 -1
1736: 1784 1785 1786 1734 1787 1788 1789 1790 1791 1792 1682 1793 -1
1737: 1784 1785 1786 1734 1787 1788 1789 1790 1791 1792 1682 1793 -1
1738: 1784 1785 1786 1734 1787 1788 1789 1790 1791 1792 1682 1793 -1
1739: 1784 1785 1786 1734 1787 1788 1789 1790 1791 1792 1682 1793 -1
1740: -1
1741: 1682 1734 1786 1784 1792 -1
1742: 1682 1734 1786 1784 1792 -1
1743: 1682 1734 1786 1784 1792 -1
1744: 1682 1734 1786 1784 1792 -1
1745: 1682 1734 1786 1784 1792 -1
1746: 1682 1734 1786 1784 1792 -1
1747: 1682 1734 1786 1784 1792 -1
1748: 1682 1734 1786 1784 1792 -1
1749: 1682 1734 1786 1784 1792 -1
1750: 1682 1734 1786 1784 1792 -1
1751: 1682 1734 1786 1784 1792 -1
1752: 1682 1734 1786 1784 1792 -1
1753: 1682 1734 1786 1784 1792 -1
1754: 1682 1734 1786 1784 1792 -1
1755: 1682 1734 1786 1784 1792 -1
1756: 1682 1734 1786 1784 1792 -1
1757: 1682 1734 1786 1784 1792 -1
1758: 1682 1734 1786 1784 1792 -1
1759: 1682 1734 1786 1784 1792 -1
1760: 1682 1734 1786 1784 1792 -1
1761: 1682 1734 1786 1784 1792 -1
1762: 1682 1734 1786 1784 1792 -1
1763: 1682 1734 1786 1784 1792 -1
1764: 1682 1734 1786 1784 1792 -1
1765: 1682 1734 1786 1784 1792 -1
1766: 1682 1734 1786 1784 1792 -1
1767: 1682 1734 1786 1784 1792 -1
1768: 1682 1734 1786 1784 1792 -1
1769: -1
1770: 1682 1734 1786 1784 1792 -1
1771: 1682 1734 1786 1784 1792 -1
1772: 1682 1734 1786 1784 1792 -1
1773: 1682 1734 1786 1784 1792 -1
1774: 1784 1785 1786 1734 1787 1788 1789 1790 1791 1792 1682 1793 -1
1775: 1682 1734 1786 1784 1792 -1
1776: 1682 1734 1786 1784 1792 -1
1777: 1682 1734 1786 1784 1792 -1
1778: 1682 1734 1786 1784 1792 -1
1779: 1682 1734 1786 1784 1792 -1
1780: 1682 1734 1786 1784 1792 -1
1781: 1682 1734 1786 1784 1792 -1
1782: 1682 1734 1786 1784 1792 -1
1783: 1682 1734 1786 1784 1792 -1
1784: 1785 1790 1788 65 1792 1786 96 1791 -1
1785: 1790 1788 -1
1786: 1784 1785 1734 1787 1788 1789 1790 1791 1792 1682 65 1793 -1
1787: -1
1788: 1785 65 1790 1792 1784 1791 1734 1752 -1
1789: 1788 1790 1792 65 1784 1786 96 -1
1790: 1788 1785 1792 65 1784 1786 96 -1
1791: 1682 1786 1784 1792 1787 1790 1785 1788 65 1789 -1
1792: -1
1793: 65 1718 1729 1717 1720 1694 1693 1703 1774 1696 1732 1699 1690 1728 1708 1715 1704 1706 1705 1697 1730 1722 1721 1688 1740 1738 1736 1739 1737 1735 1786 1784 1682 -1
1794: 65 126 178 -1
1795: 1788 1790 65 1792 1784 1786 96 -1
1796: 57 65 -1
1797: 65 96 33 -1
1798: 65 126 178 -1
1799: 65 -1
1800: 65 -1
1801: 43 66 710 -1
1802: 66 -1
1803: 66 96 -1
1804: 66 -1
1805: 67 70 -1
1806: 67 -1
1807: 67 -1
1808: 67 -1
1809: 67 3205 2669 -1
1810: 67 -1
1811: 19 3248 2333 67 3252 -1
1812: 1506 67 -1
1813: 67 -1
1814: 75 70 67 -1
1815: 67 -1
1816: 1 -1
1817: 68 -1
1818: 68 -1
1819: 74 68 -1
1820: 105 68 922 1506 2190 -1
1821: 65 171 74 105 68 33 -1
1822: 1588 710 2333 96 33 68 31 1604 2544 1018 2909 860 74 2057 2551 720 47 30 49 134 1078 1422 -1
1823: 68 105 -1
1824: 1 68 -1
1825: 68 -1
1826: 68 -1
1827: 68 -1
1828: 68 -1
1829: 68 -1
1830: 68 -1
1831: 68 1820 -1
1832: 69 -1
1833: 69 -1
1834: 69 1832 2767 2768 -1
1835: 69 -1
1836: 69 -1
1837: 69 -1
1838: 70 -1
1839: 70 -1
1840: 70 2544 111 -1
1841: 70 -1
1842: 74 70 58 1583 2767 2768 -1
1843: 2626 33 71 -1
1844: 71 -1
1845: 71 -1
1846: -1
1847: -1
1848: -1
1849: 1592 -1
1850: 1592 -1
1851: 1592 -1
1852: 1592 -1
1853: 1592 -1
1854: 1592 -1
1855: 74 -1
1856: 1592 -1
1857: 75 -1
1858: 75 1863 2767 2768 -1
1859: 75 -1
1860: 75 -1
1861: 3235 75 -1
1862: 75 -1
1863: 75 -1
1864: 75 18 131 1861 -1
1865: 75 -1
1866: 75 -1
1867: 65 -1
1868: 76 -1
1869: 76 1873 -1
1870: 76 -1
1871: 3248 476 2047 -1
1872: -1
1873: -1
1874: -1
1875: 1869 -1
1876: 76 -1
1877: -1
1878: -1
1879: 76 -1
1880: 1878 76 1875 1874 1877 1872 -1
1881: 77 -1
1882: 1885 1886 1884 1887 77 -1
1883: -1
1884: 1882 1885 1886 -1
1885: 1882 1884 -1
1886: 1882 1884 -1
1887: 1884 1885 1886 1881 77 -1
1888: 77 1881 -1
1889: 77 -1
1890: 77 -1
1891: 77 -1
1892: 77 -1
1893: 77 -1
1894: 1881 -1
1895: 1884 1885 1886 1887 -1
1896: 77 -1
1897: 77 526 -1
1898: 2388 77 2401 -1
1899: 77 -1
1900: 77 -1
1901: 77 1884 -1
1902: 77 -1
1903: 77 -1
1904: 77 -1
1905: 1884 1887 77 -1
1906: 77 -1
1907: 77 -1
1908: 77 1881 -1
1909: 77 1881 1913 -1
1910: 77 -1
1911: 1884 1885 1886 1887 -1
1912: 1884 1885 1886 1887 -1
1913: 77 1881 1882 1909 -1
1914: 77 -1
1915: 77 -1
1916: 78 -1
1917: -1
1918: -1
1919: 78 2544 -1
1920: 78 1916 2767 2768 -1
1921: -1
1922: 1921 -1
1923: 79 -1
1924: 79 -1
1925: 96 79 -1
1926: 1921 -1
1927: 1921 -1
1928: 79 -1
1929: 1921 -1
1930: 1921 -1
1931: 1921 -1
1932: 79 -1
1933: -1
1934: 79 -1
1935: 79 -1
1936: 79 -1
1937: 1921 -1
1938: -1
1939: 79 -1
1940: 1921 -1
1941: 1921 -1
1942: 1921 -1
1943: 1921 -1
1944: 1921 1 -1
1945: 1921 1938 1933 -1
1946: 105 79 -1
1947: -1
1948: -1
1949: -1
1950: 80 -1
1951: 80 -1
1952: 1955 80 -1
1953: 80 -1
1954: 80 -1
1955: -1
1956: 80 -1
1957: 1955 -1
1958: 1955 -1
1959: 80 -1
1960: -1
1961: 81 -1
1962: 7 82 96 2059 3248 127 81 435 33 -1
1963: 81 1960 -1
1964: 96 82 -1
1965: -1
1966: 33 96 3159 82 2661 1645 134 1592 -1
1967: 2544 5 96 16 82 24 92 3257 -1
1968: 82 -1
1969: 1682 82 -1
1970: 82 -1
1971: 1501 -1
1972: -1
1973: -1
1974: 476 3158 1972 1971 1973 1978 -1
1975: -1
1976: -1
1977: -1
1978: -1
1979: -1
1980: -1
1981: -1
1982: -1
1983: -1
1984: -1
1985: 476 2265 108 1992 2844 2350 2870 2877 1592 96 -1
1986: 2401 2349 2365 476 108 2388 2377 2342 2358 2265 2047 65 294 2364 2368 2374 2375 2382 2386 719 2400 2345 1987 2351 2096 2357 2279 2317 2844 2262 2394 -1
1987: 1478 2401 2348 2392 476 52 2357 1475 2365 1483 2096 2400 2390 2375 2368 2345 2366 2353 2379 2395 2397 2279 2265 1501 2386 2378 2358 900 2364 2371 2351 773 2370 2871 2317 2382 2394 719 -1
1988: 476 2047 2383 1475 52 2365 2265 2378 2391 2401 3158 -1
1989: -1
1990: 2345 719 2265 2368 2401 2279 2383 2348 2844 2854 2853 2379 121 2360 2317 2371 3158 476 2286 2847 -1
1991: 476 -1
1992: 1501 -1
1993: 84 1592 -1
1994: 1265 13 84 3259 -1
1995: 84 -1
1996: 84 -1
1997: 84 -1
1998: 84 -1
1999: 85 13 1281 1682 -1
2000: 85 -1
2001: 3201 2755 1018 85 1645 33 74 2669 942 824 96 -1
2002: 85 -1
2003: 246 3205 85 3263 -1
2004: -1
2005: 2004 86 132 150 2009 2010 -1
2006: 143 86 47 110 132 155 96 119 178 2017 2767 2768 -1
2007: 86 1448 2736 -1
2008: 2004 -1
2009: 86 150 -1
2010: 86 -1
2011: 2004 -1
2012: 2004 -1
2013: 2004 -1
2014: 2004 -1
2015: 2004 -1
2016: 86 2801 -1
2017: 96 47 86 178 132 110 155 143 119 -1
2018: 1592 -1
2019: 1592 -1
2020: 1592 -1
2021: 1592 -1
2022: 1592 -1
2023: 1592 -1
2024: 1592 -1
2025: 1592 -1
2026: 1592 -1
2027: 1592 -1
2028: 1592 -1
2029: 173 88 -1
2030: 88 -1
2031: 88 -1
2032: 88 -1
2033: 88 -1
2034: 96 2893 1473 79 65 2333 -1
2035: 88 -1
2036: 89 -1
2037: 89 -1
2038: 3253 89 -1
2039: 131 3253 89 96 -1
2040: 3235 89 -1
2041: 89 -1
2042: 1506 -1
2043: -1
2044: 1843 190 825 -1
2045: 96 1978 2348 65 2379 815 2366 476 2253 90 3248 -1
2046: 90 -1
2047: 90 2044 -1
2048: 2348 720 90 2044 -1
2049: 2354 476 1501 -1
2050: 1473 2575 90 2044 0 3187 3189 1 96 33 7 2544 11 -1
2051: 90 2044 2846 33 7 -1
2052: 90 -1
2053: 90 -1
2054: 2189 90 96 7 74 3239 1506 1014 -1
2055: 65 1978 -1
2056: 2857 2622 65 3247 1493 3174 33 -1
2057: 2109 3128 -1
2058: 2109 -1
2059: 2065 91 -1
2060: 2065 91 -1
2061: 2065 91 -1
2062: 2065 2057 91 -1
2063: 2065 2057 91 -1
2064: 2065 91 -1
2065: 2059 2057 91 -1
2066: -1
2067: -1
2068: -1
2069: 92 -1
2070: 92 96 -1
2071: 92 3237 -1
2072: 65 134 33 281 92 -1
2073: 92 -1
2074: 2855 92 -1
2075: 92 -1
2076: 92 -1
2077: 92 -1
2078: 92 -1
2079: 92 -1
2080: -1
2081: 93 -1
2082: 2081 -1
2083: 93 -1
2084: 2081 93 -1
2085: 93 -1
2086: 93 -1
2087: 2081 93 -1
2088: 93 -1
2089: 93 -1
2090: 2081 93 -1
2091: 2081 -1
2092: 93 -1
2093: 93 -1
2094: 2101 94 2853 2855 -1
2095: 2101 94 2853 2855 -1
2096: 2101 94 2853 2855 -1
2097: 2101 94 2853 2855 -1
2098: 2101 94 2853 2855 -1
2099: 94 -1
2100: 445 2870 2187 2626 65 94 2833 -1
2101: 2096 -1
2102: 94 -1
2103: 2101 94 2853 2855 -1
2104: 2101 94 2853 2855 -1
2105: 2101 94 2853 2855 -1
2106: 94 -1
2107: 2108 2190 -1
2108: -1
2109: -1
2110: 95 103 -1
2111: -1
2112: 96 -1
2113: 96 -1
2114: 1682 33 -1
2115: 96 -1
2116: 96 -1
2117: 96 -1
2118: 96 -1
2119: 96 -1
2120: 96 -1
2121: 96 -1
2122: 96 -1
2123: 96 -1
2124: 2111 -1
2125: 96 -1
2126: 96 33 2544 74 -1
2127: 96 -1
2128: 96 -1
2129: 96 -1
2130: 33 96 -1
2131: 96 33 3252 -1
2132: 96 1682 2680 -1
2133: 96 -1
2134: 96 -1
2135: 1682 96 -1
2136: 96 1682 -1
2137: 33 0 3257 96 2893 2624 2551 7 2894 3128 -1
2138: 96 -1
2139: 96 -1
2140: -1
2141: 96 -1
2142: 97 2487 -1
2143: 97 -1
2144: 2673 97 -1
2145: 97 2669 -1
2146: 2 97 -1
2147: 2669 97 3133 -1
2148: 97 65 -1
2149: 97 65 -1
2150: 97 2004 2767 2768 -1
2151: 246 2669 3133 97 -1
2152: 97 -1
2153: 97 -1
2154: 173 97 -1
2155: 97 1286 -1
2156: 2669 97 2333 -1
2157: 5 2658 2660 246 2669 30 41 97 2333 -1
2158: 97 -1
2159: 246 2669 281 97 -1
2160: 0 246 97 -1
2161: 0 97 37 128 -1
2162: 97 -1
2163: 2673 97 2004 246 -1
2164: 79 2661 1645 98 -1
2165: -1
2166: 99 2165 2168 236 -1
2167: 99 2544 1018 -1
2168: -1
2169: 1011 99 96 -1
2170: 99 2165 2168 236 -1
2171: 99 1604 -1
2172: 99 -1
2173: -1
2174: -1
2175: -1
2176: 2186 2187 2188 2189 2190 -1
2177: 2186 2187 2188 2189 2190 -1
2178: 2186 2187 2188 2189 2190 -1
2179: 2186 2187 2188 2189 2190 -1
2180: 2186 2187 2188 2189 2190 -1
2181: 2186 2187 2188 2189 2190 -1
2182: 2186 2187 2188 2189 2190 -1
2183: 2186 2187 2188 2189 2190 2199 3248 -1
2184: 2186 2187 2188 2189 2190 -1
2185: 2186 2187 2188 2189 2190 -1
2186: -1
2187: -1
2188: -1
2189: 2188 -1
2190: -1
2191: 2186 2187 2188 2189 2190 -1
2192: 2186 2187 2188 2189 2190 -1
2193: 2186 2187 2188 2189 2190 -1
2194: 2186 2187 2188 2189 2190 -1
2195: 2186 2187 2188 2189 2190 -1
2196: 2186 2187 2188 2189 2190 -1
2197: 2186 2187 2188 2189 2190 -1
2198: 2186 2187 2188 2189 2190 -1
2199: -1
2200: 2199 101 -1
2201: 3248 1506 2188 101 2199 -1
2202: 101 2199 -1
2203: 101 -1
2204: -1
2205: 2204 -1
2206: 2204 -1
2207: 2204 -1
2208: 2204 -1
2209: 103 2210 2767 2768 -1
2210: 103 -1
2211: 103 -1
2212: 103 -1
2213: -1
2214: 104 -1
2215: 96 -1
2216: 104 -1
2217: 135 41 165 126 104 109 96 7 -1
2218: 2220 -1
2219: 2220 -1
2220: 2219 -1
2221: 105 -1
2222: 1448 720 1570 106 -1
2223: 2894 106 -1
2224: 1570 106 1448 720 2222 2767 2768 -1
2225: -1
2226: 107 -1
2227: -1
2228: -1
2229: -1
2230: 2870 -1
2231: 107 65 -1
2232: 2225 2229 -1
2233: 107 -1
2234: 107 2237 2047 1491 3158 -1
2235: 107 2345 2047 52 1491 2371 3158 -1
2236: 2047 476 -1
2237: -1
2238: 2870 -1
2239: 107 2047 -1
2240: 2870 107 -1
2241: 107 -1
2242: 2243 2244 2246 2248 2249 2252 2253 2255 2256 2258 2259 2261 2262 2339 2340 2341 2342 2313 2343 2344 2345 2346 476 2347 2348 2349 2318 2350 2351 2265 2352 2353 2354 719 2355 1501 2356 2357 2358 2047 2359 2360 2361 2362 2286 2363 2364 2365 2366 2367 2368 2369 2370 2371 2372 2373 2374 2375 2376 2378 2379 2380 2381 2382 2383 2384 2385 2386 2387 2388 2389 2390 2391 2392 2393 2394 2395 2396 2397 2398 2399 2400 2401 -1
2243: -1
2244: -1
2245: 2243 2244 2246 2248 2249 2252 2253 2255 2256 2258 2259 2261 2262 2339 2340 2341 2342 2313 2343 2344 2345 2346 476 2347 2348 2349 2318 2350 2351 2265 2352 2353 2354 719 2355 1501 2356 2357 2358 2047 2359 2360 2361 2362 2286 2363 2364 2365 2366 2367 2368 2369 2370 2371 2372 2373 2374 2375 2376 2378 2379 2380 2381 2382 2383 2384 2385 2386 2387 2388 2389 2390 2391 2392 2393 2394 2395 2396 2397 2398 2399 2400 2401 -1
2246: -1
2247: 2243 2244 2246 2248 2249 2252 2253 2255 2256 2258 2259 2261 2262 2339 2340 2341 2342 2313 2343 2344 2345 2346 476 2347 2348 2349 2318 2350 2351 2265 2352 2353 2354 719 2355 1501 2356 2357 2358 2047 2359 2360 2361 2362 2286 2363 2364 2365 2366 2367 2368 2369 2370 2371 2372 2373 2374 2375 2376 2378 2379 2380 2381 2382 2383 2384 2385 2386 2387 2388 2389 2390 2391 2392 2393 2394 2395 2396 2397 2398 2399 2400 2401 -1
2248: -1
2249: 1501 2248 -1
2250: 2264 1973 2278 2379 2249 1501 3158 2344 2348 476 2363 2365 2368 2371 2372 1480 2380 2855 2382 2397 2398 2047 710 65 2867 2271 -1
2251: 2243 2244 2246 2248 2249 2252 2253 2255 2256 2258 2259 2261 2262 2339 2340 2341 2342 2313 2343 2344 2345 2346 476 2347 2348 2349 2318 2350 2351 2265 2352 2353 2354 719 2355 1501 2356 2357 2358 2047 2359 2360 2361 2362 2286 2363 2364 2365 2366 2367 2368 2369 2370 2371 2372 2373 2374 2375 2376 2378 2379 2380 2381 2382 2383 2384 2385 2386 2387 2388 2389 2390 2391 2392 2393 2394 2395 2396 2397 2398 2399 2400 2401 -1
2252: 2370 2253 2364 2359 476 2349 2353 2388 -1
2253: 476 2342 184 2855 2345 2406 900 2096 2348 2349 2265 108 65 2262 2352 2354 2395 719 2357 2358 2359 2363 2364 2365 2366 435 2367 2368 2369 2370 2279 2374 2372 2401 2844 2377 2379 2299 2382 2383 2385 2386 2336 2389 2418 2392 1450 2400 1491 2252 1473 2340 1682 922 1788 -1
2254: 2243 2244 2246 2248 2249 2252 2253 2255 2256 2258 2259 2261 2262 2339 2340 2341 2342 2313 2343 2344 2345 2346 476 2347 2348 2349 2318 2350 2351 2265 2352 2353 2354 719 2355 1501 2356 2357 2358 2047 2359 2360 2361 2362 2286 2363 2364 2365 2366 2367 2368 2369 2370 2371 2372 2373 2374 2375 2376 2378 2379 2380 2381 2382 2383 2384 2385 2386 2387 2388 2389 2390 2391 2392 2393 2394 2395 2396 2397 2398 2399 2400 2401 -1
2255: -1
2256: -1
2257: 2243 2244 2246 2248 2249 2252 2253 2255 2256 2258 2259 2261 2262 2339 2340 2341 2342 2313 2343 2344 2345 2346 476 2347 2348 2349 2318 2350 2351 2265 2352 2353 2354 719 2355 1501 2356 2357 2358 2047 2359 2360 2361 2362 2286 2363 2364 2365 2366 2367 2368 2369 2370 2371 2372 2373 2374 2375 2376 2378 2379 2380 2381 2382 2383 2384 2385 2386 2387 2388 2389 2390 2391 2392 2393 2394 2395 2396 2397 2398 2399 2400 2401 -1
2258: 1501 -1
2259: 1501 -1
2260: 2243 2244 2246 2248 2249 2252 2253 2255 2256 2258 2259 2261 2262 2339 2340 2341 2342 2313 2343 2344 2345 2346 476 2347 2348 2349 2318 2350 2351 2265 2352 2353 2354 719 2355 1501 2356 2357 2358 2047 2359 2360 2361 2362 2286 2363 2364 2365 2366 2367 2368 2369 2370 2371 2372 2373 2374 2375 2376 2378 2379 2380 2381 2382 2383 2384 2385 2386 2387 2388 2389 2390 2391 2392 2393 2394 2395 2396 2397 2398 2399 2400 2401 -1
2261: -1
2262: 2359 2333 2261 2278 -1
2263: 2243 2244 2246 2248 2249 2252 2253 2255 2256 2258 2259 2261 2262 2339 2340 2341 2342 2313 2343 2344 2345 2346 476 2347 2348 2349 2318 2350 2351 2265 2352 2353 2354 719 2355 1501 2356 2357 2358 2047 2359 2360 2361 2362 2286 2363 2364 2365 2366 2367 2368 2369 2370 2371 2372 2373 2374 2375 2376 2378 2379 2380 2381 2382 2383 2384 2385 2386 2387 2388 2389 2390 2391 2392 2393 2394 2395 2396 2397 2398 2399 2400 2401 -1
2264: 1501 -1
2265: 2368 2264 1501 2190 2395 -1
2266: 2264 2265 2267 2268 2269 2271 2272 2273 2275 2276 2278 2279 2281 2282 2283 2285 2286 2287 2289 2290 2292 2294 2295 2296 2297 2298 2299 2301 2303 2304 2306 2307 2309 2311 2312 2313 2314 2316 2317 2318 2320 2321 2323 2339 2340 2341 2342 2343 2344 2345 2262 2346 476 2347 2348 2349 2350 2351 2352 2353 2354 719 2355 1501 2356 2357 2358 2047 2359 2360 2361 2362 2363 2364 2365 2366 2367 2368 2369 2370 2371 2372 2373 2374 2375 2376 2378 2379 2380 2381 2253 2382 2383 2384 2385 2386 2387 2388 2389 2390 2391 2392 2393 2394 2395 2396 2397 2398 2399 2400 2401 -1
2267: -1
2268: -1
2269: -1
2270: 2264 2265 2267 2268 2269 2271 2272 2273 2275 2276 2278 2279 2281 2282 2283 2285 2286 2287 2289 2290 2292 2294 2295 2296 2297 2298 2299 2301 2303 2304 2306 2307 2309 2311 2312 2313 2314 2316 2317 2318 2320 2321 2323 2339 2340 2341 2342 2343 2344 2345 2262 2346 476 2347 2348 2349 2350 2351 2352 2353 2354 719 2355 1501 2356 2357 2358 2047 2359 2360 2361 2362 2363 2364 2365 2366 2367 2368 2369 2370 2371 2372 2373 2374 2375 2376 2378 2379 2380 2381 2253 2382 2383 2384 2385 2386 2387 2388 2389 2390 2391 2392 2393 2394 2395 2396 2397 2398 2399 2400 2401 -1
2271: -1
2272: -1
2273: -1
2274: 2264 2265 2267 2268 2269 2271 2272 2273 2275 2276 2278 2279 2281 2282 2283 2285 2286 2287 2289 2290 2292 2294 2295 2296 2297 2298 2299 2301 2303 2304 2306 2307 2309 2311 2312 2313 2314 2316 2317 2318 2320 2321 2323 2339 2340 2341 2342 2343 2344 2345 2262 2346 476 2347 2348 2349 2350 2351 2352 2353 2354 719 2355 1501 2356 2357 2358 2047 2359 2360 2361 2362 2363 2364 2365 2366 2367 2368 2369 2370 2371 2372 2373 2374 2375 2376 2378 2379 2380 2381 2253 2382 2383 2384 2385 2386 2387 2388 2389 2390 2391 2392 2393 2394 2395 2396 2397 2398 2399 2400 2401 -1
2275: -1
2276: 2647 2842 2855 121 -1
2277: 2264 2265 2267 2268 2269 2271 2272 2273 2275 2276 2278 2279 2281 2282 2283 2285 2286 2287 2289 2290 2292 2294 2295 2296 2297 2298 2299 2301 2303 2304 2306 2307 2309 2311 2312 2313 2314 2316 2317 2318 2320 2321 2323 2339 2340 2341 2342 2343 2344 2345 2262 2346 476 2347 2348 2349 2350 2351 2352 2353 2354 719 2355 1501 2356 2357 2358 2047 2359 2360 2361 2362 2363 2364 2365 2366 2367 2368 2369 2370 2371 2372 2373 2374 2375 2376 2378 2379 2380 2381 2253 2382 2383 2384 2385 2386 2387 2388 2389 2390 2391 2392 2393 2394 2395 2396 2397 2398 2399 2400 2401 -1
2278: -1
2279: 2853 2401 2345 2348 2286 2367 2368 2378 2379 1501 476 2384 2386 2398 2351 2265 2354 -1
2280: 2264 2265 2267 2268 2269 2271 2272 2273 2275 2276 2278 2279 2281 2282 2283 2285 2286 2287 2289 2290 2292 2294 2295 2296 2297 2298 2299 2301 2303 2304 2306 2307 2309 2311 2312 2313 2314 2316 2317 2318 2320 2321 2323 2339 2340 2341 2342 2343 2344 2345 2262 2346 476 2347 2348 2349 2350 2351 2352 2353 2354 719 2355 1501 2356 2357 2358 2047 2359 2360 2361 2362 2363 2364 2365 2366 2367 2368 2369 2370 2371 2372 2373 2374 2375 2376 2378 2379 2380 2381 2253 2382 2383 2384 2385 2386 2387 2388 2389 2390 2391 2392 2393 2394 2395 2396 2397 2398 2399 2400 2401 -1
2281: -1
2282: -1
2283: -1
2284: 2264 2265 2267 2268 2269 2271 2272 2273 2275 2276 2278 2279 2281 2282 2283 2285 2286 2287 2289 2290 2292 2294 2295 2296 2297 2298 2299 2301 2303 2304 2306 2307 2309 2311 2312 2313 2314 2316 2317 2318 2320 2321 2323 2339 2340 2341 2342 2343 2344 2345 2262 2346 476 2347 2348 2349 2350 2351 2352 2353 2354 719 2355 1501 2356 2357 2358 2047 2359 2360 2361 2362 2363 2364 2365 2366 2367 2368 2369 2370 2371 2372 2373 2374 2375 2376 2378 2379 2380 2381 2253 2382 2383 2384 2385 2386 2387 2388 2389 2390 2391 2392 2393 2394 2395 2396 2397 2398 2399 2400 2401 -1
2285: -1
2286: 7 2401 2333 2379 2345 -1
2287: -1
2288: 2264 2265 2267 2268 2269 2271 2272 2273 2275 2276 2278 2279 2281 2282 2283 2285 2286 2287 2289 2290 2292 2294 2295 2296 2297 2298 2299 2301 2303 2304 2306 2307 2309 2311 2312 2313 2314 2316 2317 2318 2320 2321 2323 2339 2340 2341 2342 2343 2344 2345 2262 2346 476 2347 2348 2349 2350 2351 2352 2353 2354 719 2355 1501 2356 2357 2358 2047 2359 2360 2361 2362 2363 2364 2365 2366 2367 2368 2369 2370 2371 2372 2373 2374 2375 2376 2378 2379 2380 2381 2253 2382 2383 2384 2385 2386 2387 2388 2389 2390 2391 2392 2393 2394 2395 2396 2397 2398 2399 2400 2401 -1
2289: -1
2290: -1
2291: 2264 2265 2267 2268 2269 2271 2272 2273 2275 2276 2278 2279 2281 2282 2283 2285 2286 2287 2289 2290 2292 2294 2295 2296 2297 2298 2299 2301 2303 2304 2306 2307 2309 2311 2312 2313 2314 2316 2317 2318 2320 2321 2323 2339 2340 2341 2342 2343 2344 2345 2262 2346 476 2347 2348 2349 2350 2351 2352 2353 2354 719 2355 1501 2356 2357 2358 2047 2359 2360 2361 2362 2363 2364 2365 2366 2367 2368 2369 2370 2371 2372 2373 2374 2375 2376 2378 2379 2380 2381 2253 2382 2383 2384 2385 2386 2387 2388 2389 2390 2391 2392 2393 2394 2395 2396 2397 2398 2399 2400 2401 -1
2292: -1
2293: 2264 2265 2267 2268 2269 2271 2272 2273 2275 2276 2278 2279 2281 2282 2283 2285 2286 2287 2289 2290 2292 2294 2295 2296 2297 2298 2299 2301 2303 2304 2306 2307 2309 2311 2312 2313 2314 2316 2317 2318 2320 2321 2323 2339 2340 2341 2342 2343 2344 2345 2262 2346 476 2347 2348 2349 2350 2351 2352 2353 2354 719 2355 1501 2356 2357 2358 2047 2359 2360 2361 2362 2363 2364 2365 2366 2367 2368 2369 2370 2371 2372 2373 2374 2375 2376 2378 2379 2380 2381 2253 2382 2383 2384 2385 2386 2387 2388 2389 2390 2391 2392 2393 2394 2395 2396 2397 2398 2399 2400 2401 -1
2294: -1
2295: -1
2296: 2294 2295 -1
2297: -1
2298: -1
2299: -1
2300: 2264 2265 2267 2268 2269 2271 2272 2273 2275 2276 2278 2279 2281 2282 2283 2285 2286 2287 2289 2290 2292 2294 2295 2296 2297 2298 2299 2301 2303 2304 2306 2307 2309 2311 2312 2313 2314 2316 2317 2318 2320 2321 2323 2339 2340 2341 2342 2343 2344 2345 2262 2346 476 2347 2348 2349 2350 2351 2352 2353 2354 719 2355 1501 2356 2357 2358 2047 2359 2360 2361 2362 2363 2364 2365 2366 2367 2368 2369 2370 2371 2372 2373 2374 2375 2376 2378 2379 2380 2381 2253 2382 2383 2384 2385 2386 2387 2388 2389 2390 2391 2392 2393 2394 2395 2396 2397 2398 2399 2400 2401 -1
2301: -1
2302: 2264 2265 2267 2268 2269 2271 2272 2273 2275 2276 2278 2279 2281 2282 2283 2285 2286 2287 2289 2290 2292 2294 2295 2296 2297 2298 2299 2301 2303 2304 2306 2307 2309 2311 2312 2313 2314 2316 2317 2318 2320 2321 2323 2339 2340 2341 2342 2343 2344 2345 2262 2346 476 2347 2348 2349 2350 2351 2352 2353 2354 719 2355 1501 2356 2357 2358 2047 2359 2360 2361 2362 2363 2364 2365 2366 2367 2368 2369 2370 2371 2372 2373 2374 2375 2376 2378 2379 2380 2381 2253 2382 2383 2384 2385 2386 2387 2388 2389 2390 2391 2392 2393 2394 2395 2396 2397 2398 2399 2400 2401 -1
2303: -1
2304: -1
2305: 2264 2265 2267 2268 2269 2271 2272 2273 2275 2276 2278 2279 2281 2282 2283 2285 2286 2287 2289 2290 2292 2294 2295 2296 2297 2298 2299 2301 2303 2304 2306 2307 2309 2311 2312 2313 2314 2316 2317 2318 2320 2321 2323 2339 2340 2341 2342 2343 2344 2345 2262 2346 476 2347 2348 2349 2350 2351 2352 2353 2354 719 2355 1501 2356 2357 2358 2047 2359 2360 2361 2362 2363 2364 2365 2366 2367 2368 2369 2370 2371 2372 2373 2374 2375 2376 2378 2379 2380 2381 2253 2382 2383 2384 2385 2386 2387 2388 2389 2390 2391 2392 2393 2394 2395 2396 2397 2398 2399 2400 2401 -1
2306: -1
2307: -1
2308: 2264 2265 2267 2268 2269 2271 2272 2273 2275 2276 2278 2279 2281 2282 2283 2285 2286 2287 2289 2290 2292 2294 2295 2296 2297 2298 2299 2301 2303 2304 2306 2307 2309 2311 2312 2313 2314 2316 2317 2318 2320 2321 2323 2339 2340 2341 2342 2343 2344 2345 2262 2346 476 2347 2348 2349 2350 2351 2352 2353 2354 719 2355 1501 2356 2357 2358 2047 2359 2360 2361 2362 2363 2364 2365 2366 2367 2368 2369 2370 2371 2372 2373 2374 2375 2376 2378 2379 2380 2381 2253 2382 2383 2384 2385 2386 2387 2388 2389 2390 2391 2392 2393 2394 2395 2396 2397 2398 2399 2400 2401 -1
2309: -1
2310: 2264 2265 2267 2268 2269 2271 2272 2273 2275 2276 2278 2279 2281 2282 2283 2285 2286 2287 2289 2290 2292 2294 2295 2296 2297 2298 2299 2301 2303 2304 2306 2307 2309 2311 2312 2313 2314 2316 2317 2318 2320 2321 2323 2339 2340 2341 2342 2343 2344 2345 2262 2346 476 2347 2348 2349 2350 2351 2352 2353 2354 719 2355 1501 2356 2357 2358 2047 2359 2360 2361 2362 2363 2364 2365 2366 2367 2368 2369 2370 2371 2372 2373 2374 2375 2376 2378 2379 2380 2381 2253 2382 2383 2384 2385 2386 2387 2388 2389 2390 2391 2392 2393 2394 2395 2396 2397 2398 2399 2400 2401 -1
2311: -1
2312: -1
2313: 2276 2275 2312 476 2348 2375 2388 2261 2301 2344 2342 2401 2252 2349 108 2360 2361 2366 2371 2374 2377 2382 2384 2386 719 2391 2343 2397 2398 2400 33 -1
2314: -1
2315: 2264 2265 2267 2268 2269 2271 2272 2273 2275 2276 2278 2279 2281 2282 2283 2285 2286 2287 2289 2290 2292 2294 2295 2296 2297 2298 2299 2301 2303 2304 2306 2307 2309 2311 2312 2313 2314 2316 2317 2318 2320 2321 2323 2339 2340 2341 2342 2343 2344 2345 2262 2346 476 2347 2348 2349 2350 2351 2352 2353 2354 719 2355 1501 2356 2357 2358 2047 2359 2360 2361 2362 2363 2364 2365 2366 2367 2368 2369 2370 2371 2372 2373 2374 2375 2376 2378 2379 2380 2381 2253 2382 2383 2384 2385 2386 2387 2388 2389 2390 2391 2392 2393 2394 2395 2396 2397 2398 2399 2400 2401 -1
2316: 2317 -1
2317: -1
2318: 476 2379 3158 -1
2319: 2264 2265 2267 2268 2269 2271 2272 2273 2275 2276 2278 2279 2281 2282 2283 2285 2286 2287 2289 2290 2292 2294 2295 2296 2297 2298 2299 2301 2303 2304 2306 2307 2309 2311 2312 2313 2314 2316 2317 2318 2320 2321 2323 2339 2340 2341 2342 2343 2344 2345 2262 2346 476 2347 2348 2349 2350 2351 2352 2353 2354 719 2355 1501 2356 2357 2358 2047 2359 2360 2361 2362 2363 2364 2365 2366 2367 2368 2369 2370 2371 2372 2373 2374 2375 2376 2378 2379 2380 2381 2253 2382 2383 2384 2385 2386 2387 2388 2389 2390 2391 2392 2393 2394 2395 2396 2397 2398 2399 2400 2401 -1
2320: -1
2321: -1
2322: 2321 2323 2262 2383 2339 2340 2341 2342 2313 2343 2344 2345 2346 476 2347 2348 2349 2318 2350 2351 2265 2352 2353 2354 719 2355 1501 2356 2357 2358 2047 2359 2360 2361 2362 2286 2363 2364 2365 2366 2367 2368 2369 2370 2371 2372 2373 2374 2375 2376 2378 2379 2380 2381 2253 2382 2384 2385 2386 2387 2388 2389 2390 2391 2392 2393 2394 2395 2396 2397 2398 2399 2400 2401 -1
2323: -1
2324: 2264 2265 2267 2268 2269 2271 2272 2273 2275 2276 2278 2279 2281 2282 2283 2285 2286 2287 2289 2290 2292 2294 2295 2296 2297 2298 2299 2301 2303 2304 2306 2307 2309 2311 2312 2313 2314 2316 2317 2318 2320 2321 2323 2339 2340 2341 2342 2343 2344 2345 2262 2346 476 2347 2348 2349 2350 2351 2352 2353 2354 719 2355 1501 2356 2357 2358 2047 2359 2360 2361 2362 2363 2364 2365 2366 2367 2368 2369 2370 2371 2372 2373 2374 2375 2376 2378 2379 2380 2381 2253 2382 2383 2384 2385 2386 2387 2388 2389 2390 2391 2392 2393 2394 2395 2396 2397 2398 2399 2400 2401 -1
2325: -1
2326: -1
2327: -1
2328: -1
2329: -1
2330: 2325 2326 2327 2328 2329 2331 2332 2333 2335 2336 2337 2244 476 1478 2397 2339 2340 2341 2342 2313 2343 2344 2345 2262 2346 2347 2348 2349 2318 2350 2351 2265 2352 2353 2354 719 2355 1501 2356 2357 2358 2047 2359 2360 2361 2362 2286 2363 2364 2365 2366 2367 2368 2369 2370 2371 2372 2373 2374 2375 2376 2378 2379 2380 2381 2253 2382 2383 2384 2385 2386 2387 2388 2389 2390 2391 2392 2393 2394 2395 2396 2398 2399 2400 2401 -1
2331: 2333 -1
2332: -1
2333: -1
2334: 2325 2326 2327 2328 2329 2331 2332 2333 2335 2336 2337 2244 476 1478 2397 2339 2340 2341 2342 2313 2343 2344 2345 2262 2346 2347 2348 2349 2318 2350 2351 2265 2352 2353 2354 719 2355 1501 2356 2357 2358 2047 2359 2360 2361 2362 2286 2363 2364 2365 2366 2367 2368 2369 2370 2371 2372 2373 2374 2375 2376 2378 2379 2380 2381 2253 2382 2383 2384 2385 2386 2387 2388 2389 2390 2391 2392 2393 2394 2395 2396 2398 2399 2400 2401 -1
2335: -1
2336: 2406 476 108 3212 2335 -1
2337: 2406 476 108 3212 2335 -1
2338: 2325 2326 2327 2328 2329 2331 2332 2333 2335 2336 2337 2244 476 1478 2397 2339 2340 2341 2342 2313 2343 2344 2345 2262 2346 2347 2348 2349 2318 2350 2351 2265 2352 2353 2354 719 2355 1501 2356 2357 2358 2047 2359 2360 2361 2362 2286 2363 2364 2365 2366 2367 2368 2369 2370 2371 2372 2373 2374 2375 2376 2378 2379 2380 2381 2253 2382 2383 2384 2385 2386 2387 2388 2389 2390 2391 2392 2393 2394 2395 2396 2398 2399 2400 2401 -1
2339: -1
2340: 108 -1
2341: -1
2342: 1506 476 2353 65 2377 2366 2313 2400 719 1989 2357 2349 2096 108 2395 2347 2253 2376 2344 3158 -1
2343: 1501 -1
2344: 1501 -1
2345: 2286 1501 -1
2346: 2265 2389 2318 2367 -1
2347: 476 65 1602 2854 2348 2833 2855 -1
2348: 2401 2333 719 2854 2279 2313 3158 -1
2349: 476 2342 2096 2348 719 2253 2313 2371 2400 2317 2624 710 -1
2350: -1
2351: 65 -1
2352: 2363 2392 476 2366 2360 2387 2265 2389 2357 2342 2395 1480 108 2348 2351 2394 1589 3158 -1
2353: 2279 2401 1501 -1
2354: 2359 2253 2363 476 -1
2355: 2383 2286 1501 3158 -1
2356: 476 2348 52 108 1501 -1
2357: 108 1501 -1
2358: 1501 -1
2359: 476 3174 3248 720 65 2262 2348 2354 2843 2371 2363 2366 2370 2844 2377 2389 2395 719 2864 -1
2360: -1
2361: 2047 476 2344 2313 1501 1510 -1
2362: -1
2363: 1485 2354 476 2348 108 2359 2366 2253 2392 719 2864 3158 -1
2364: 1501 -1
2365: 2345 3158 -1
2366: 7 158 1485 -1
2367: 2246 2348 1989 2279 108 2346 -1
2368: -1
2369: 476 1501 -1
2370: 2359 2392 2341 2252 2253 108 2302 476 3242 2353 2371 2379 2395 2380 2401 -1
2371: 2391 2351 108 2384 2313 2353 2401 476 2345 1501 -1
2372: 2842 476 2253 1518 2096 2279 2348 2355 2383 2364 108 2349 2400 1485 2401 2264 2622 3158 -1
2373: 108 -1
2374: -1
2375: 2096 2544 2350 2348 108 476 2364 2279 2844 1475 2386 2371 2855 2846 -1
2376: 65 2348 2401 1501 1483 2264 -1
2377: -1
2378: 2368 3158 -1
2379: -1
2380: 2389 -1
2381: 1501 -1
2382: 2401 2264 -1
2383: 2401 1501 -1
2384: 1501 -1
2385: 2345 2348 2318 108 2353 2357 476 2359 2363 2366 2386 2367 2368 2371 2372 2376 2253 2391 2313 2400 1501 -1
2386: 2345 2279 2368 1501 108 2047 2388 2371 2382 2375 476 -1
2387: 2351 476 2348 2265 108 2352 2357 2360 2371 2394 2398 3158 -1
2388: -1
2389: 719 2344 476 52 2359 2371 108 2352 2357 2374 2380 2253 2384 2385 2390 1483 2392 2395 2399 2400 1616 -1
2390: 1682 121 2357 476 1987 1501 -1
2391: 2353 2357 2371 2374 2047 476 1501 -1
2392: 2366 476 2400 2370 2389 2059 1501 -1
2393: 52 2379 2378 476 251 2855 2360 2854 3158 -1
2394: -1
2395: 3158 2329 2328 2348 2363 476 2096 2318 719 2265 108 2352 1989 2286 2365 2366 2368 2370 2844 2379 2253 2382 2400 -1
2396: 1501 -1
2397: 2264 1501 476 2371 -1
2398: 2313 2642 2345 2401 476 2348 2318 2265 108 2250 2360 2279 1478 -1
2399: -1
2400: 1485 1484 1495 184 476 2342 816 2401 1491 2252 1515 2333 105 2380 1847 -1
2401: -1
2402: 2279 2368 2047 3212 1480 2395 108 2890 1493 1485 2344 719 1616 3174 3219 3218 2622 1506 -1
2403: 476 -1
2404: 476 1617 65 2371 2364 2299 2401 -1
2405: 2401 108 476 -1
2406: 476 2401 2350 108 1478 3213 3158 -1
2407: 2390 2360 2348 2353 2844 108 2313 720 2359 -1
2408: 1483 1501 -1
2409: 108 2401 476 2279 1478 1494 1501 -1
2410: 476 1501 2345 108 2371 2279 2378 2379 2879 -1
2411: 108 -1
2412: 2047 2360 2380 2279 108 2401 -1
2413: 2853 2348 1501 -1
2414: 3158 2351 108 2265 2352 2360 2357 476 2394 2398 2401 2313 2348 -1
2415: 2313 2642 2345 2401 476 2348 2318 2265 108 2250 2360 2279 1478 -1
2416: 2345 2279 2368 1501 108 2047 2388 2371 2382 2375 476 -1
2417: 2401 2844 2348 2374 476 2397 108 719 2395 2371 -1
2418: 1989 719 476 2376 2377 2253 2385 2096 1506 2353 2348 2395 1473 2853 3158 -1
2419: 2391 2351 108 2384 2313 2353 2401 476 2345 -1
2420: 108 -1
2421: 108 476 2279 33 0 816 7 1570 -1
2422: 2047 1501 2382 2318 1483 476 2823 2401 -1
2423: 2379 2853 2348 2401 108 2326 2371 2279 2367 476 2890 2265 2368 1501 2378 2353 -1
2424: 1501 1570 2358 476 2047 1483 2853 2401 108 2279 2348 -1
2425: 2391 476 2387 2351 108 2313 2047 -1
2426: 108 2401 476 2279 1478 1494 1501 -1
2427: 2401 -1
2428: 2390 2360 -1
2429: 2279 108 2401 -1
2430: 2855 2368 719 2353 476 2360 2354 1488 -1
2431: 108 476 2371 2380 2379 -1
2432: 476 108 719 -1
2433: 3158 -1
2434: 2390 2360 108 2844 -1
2435: 476 2380 108 -1
2436: 476 2401 2400 108 2371 2384 2374 3158 1847 -1
2437: 2391 2351 108 2384 2313 2353 2401 476 2345 1501 -1
2438: 2265 108 2401 2357 476 2279 1478 1494 1501 -1
2439: 2047 2399 476 108 251 2350 2830 816 96 2360 2575 2846 -1
2440: 2442 2443 -1
2441: 2443 2442 -1
2442: 109 -1
2443: -1
2444: 109 33 96 -1
2445: 109 -1
2446: 109 -1
2447: 109 -1
2448: 165 109 96 126 24 -1
2449: 110 -1
2450: 47 110 2333 132 -1
2451: 476 52 2371 2837 110 -1
2452: 476 1570 110 52 -1
2453: 110 -1
2454: 110 -1
2455: 2893 33 110 -1
2456: 33 111 74 2551 2855 720 2893 2561 2894 -1
2457: 111 -1
2458: 111 -1
2459: 1506 111 -1
2460: 2486 111 -1
2461: 2823 111 2853 -1
2462: 3253 -1
2463: 3265 111 65 -1
2464: 111 -1
2465: 111 -1
2466: 96 111 -1
2467: 111 -1
2468: 111 -1
2469: 111 -1
2470: 111 -1
2471: 111 -1
2472: 720 2883 3174 77 3232 30 111 -1
2473: 2 111 -1
2474: 111 -1
2475: 70 30 111 -1
2476: 111 -1
2477: 111 -1
2478: 70 2622 111 -1
2479: 111 -1
2480: 111 -1
2481: 111 -1
2482: 2622 111 -1
2483: 111 -1
2484: 111 -1
2485: 111 2486 -1
2486: 111 -1
2487: 2190 -1
2488: -1
2489: 112 2487 -1
2490: 112 2493 -1
2491: 112 -1
2492: 112 -1
2493: -1
2494: 112 3174 -1
2495: 112 -1
2496: 112 -1
2497: 1473 112 2333 1682 -1
2498: 2487 679 -1
2499: 112 -1
2500: 112 3174 -1
2501: 113 -1
2502: -1
2503: 3228 96 33 2333 134 114 1493 7 -1
2504: 115 445 -1
2505: 115 132 -1
2506: 116 -1
2507: 116 -1
2508: 116 -1
2509: 116 -1
2510: 116 -1
2511: 116 -1
2512: 116 -1
2513: 116 -1
2514: 116 -1
2515: 116 -1
2516: 116 -1
2517: 116 -1
2518: 116 -1
2519: 116 -1
2520: 116 -1
2521: 116 -1
2522: 116 -1
2523: 116 -1
2524: 116 -1
2525: 116 -1
2526: 116 -1
2527: 116 -1
2528: 116 -1
2529: 116 -1
2530: 116 -1
2531: 2333 116 -1
2532: 116 -1
2533: 116 -1
2534: 116 -1
2535: 116 -1
2536: 2189 117 2333 116 -1
2537: 116 -1
2538: 116 -1
2539: 2894 2109 -1
2540: -1
2541: 117 -1
2542: 117 -1
2543: 2544 117 -1
2544: -1
2545: -1
2546: -1
2547: -1
2548: -1
2549: -1
2550: -1
2551: 2549 2545 2546 2547 2548 2550 2554 2555 2552 2553 -1
2552: -1
2553: -1
2554: -1
2555: -1
2556: 2551 -1
2557: 96 119 -1
2558: 173 96 33 2504 119 178 3248 65 -1
2559: -1
2560: -1
2561: -1
2562: -1
2563: -1
2564: -1
2565: 96 -1
2566: -1
2567: 2559 2560 2562 2563 2564 2565 2566 -1
2568: 2559 2560 2562 2563 2564 2565 2566 -1
2569: 2559 2560 2562 2563 2564 2565 2566 -1
2570: 2559 2560 2562 2563 2564 2565 2566 -1
2571: 2559 2560 2562 2563 2564 2565 2566 -1
2572: 2559 2560 2562 2563 2564 2565 2566 -1
2573: 2559 2560 2562 2563 2564 2565 2566 -1
2574: 2559 2560 2562 2563 2564 2565 2566 -1
2575: 2562 2563 2564 2565 2566 -1
2576: 2559 2560 2562 2563 2564 2565 2566 -1
2577: 2559 2560 2562 2563 2564 2565 2566 -1
2578: 2559 2560 2562 2563 2564 2565 2566 -1
2579: 2559 2560 2562 2563 2564 2565 2566 -1
2580: 2559 2560 2562 2563 2564 2565 2566 -1
2581: 120 3158 -1
2582: 2562 -1
2583: 121 -1
2584: 720 -1
2585: 121 -1
2586: 121 -1
2587: 121 -1
2588: 7 121 720 -1
2589: 121 -1
2590: 121 -1
2591: 2047 3174 -1
2592: 121 -1
2593: 121 -1
2594: 3174 2583 33 -1
2595: 3174 720 3212 65 121 773 7 1569 2843 1506 435 2867 2059 2296 -1
2596: 121 1488 2374 2348 476 2371 -1
2597: 33 -1
2598: 121 720 -1
2599: 121 -1
2600: 121 -1
2601: 1569 121 -1
2602: 121 -1
2603: 121 -1
2604: 121 -1
2605: 121 1569 2601 2767 2768 -1
2606: 435 121 3174 -1
2607: 2287 33 121 720 1473 -1
2608: 121 -1
2609: -1
2610: 122 -1
2611: 3174 720 3212 65 123 1519 -1
2612: 123 3174 -1
2613: 3212 171 720 3174 3218 123 2767 2768 -1
2614: 123 3212 -1
2615: -1
2616: -1
2617: -1
2618: -1
2619: -1
2620: -1
2621: 95 -1
2622: -1
2623: -1
2624: -1
2625: -1
2626: -1
2627: -1
2628: -1
2629: -1
2630: -1
2631: -1
2632: -1
2633: -1
2634: -1
2635: -1
2636: -1
2637: 3174 -1
2638: 2626 2636 2627 1506 124 -1
2639: 124 -1
2640: 2626 2627 2631 251 2630 96 -1
2641: 2627 720 2621 2630 2629 2626 2623 124 2638 -1
2642: 720 476 -1
2643: 2626 124 -1
2644: 1506 2636 2626 2628 2627 124 2638 2767 2768 -1
2645: 124 720 -1
2646: -1
2647: -1
2648: -1
2649: -1
2650: -1
2651: -1
2652: 126 -1
2653: 126 65 2333 -1
2654: 2544 126 154 33 -1
2655: 126 -1
2656: 126 2624 435 2190 -1
2657: 2649 2650 2648 1018 2651 -1
2658: -1
2659: -1
2660: -1
2661: -1
2662: 2663 -1
2663: 2662 -1
2664: 128 -1
2665: 128 -1
2666: 128 2669 -1
2667: -1
2668: 2667 281 2669 246 -1
2669: 128 -1
2670: 344 -1
2671: 128 -1
2672: 2004 132 3248 -1
2673: 128 -1
2674: -1
2675: -1
2676: -1
2677: 2917 2918 2919 2920 2921 2922 2923 2924 2925 2926 2927 2928 2929 2930 2931 2932 2933 2934 2935 2936 2937 2938 2939 2940 2941 2942 2943 2944 2945 2946 2947 2948 2949 -1
2678: 2917 2918 2919 2920 2921 2922 2923 2924 2925 2926 2927 2928 2929 2930 2931 2932 2933 2934 2935 2936 2937 2938 2939 2940 2941 2942 2943 2944 2945 2946 2947 2948 2949 -1
2679: 710 2710 -1
2680: 2682 2699 2712 2683 2685 -1
2681: 2682 2699 2684 2696 2712 2683 2685 -1
2682: -1
2683: 2675 2676 2679 2680 2681 -1
2684: 2680 2675 2676 2718 2724 2679 -1
2685: 2675 2676 2679 2681 2680 -1
2686: 2675 2676 2679 2680 2681 -1
2687: 2675 2676 2679 2719 -1
2688: 2718 2691 2719 2675 2676 2724 -1
2689: 2675 2676 2679 2680 2681 -1
2690: 2675 2676 2679 2680 2681 -1
2691: 2682 2713 2696 129 2675 2676 2702 2710 -1
2692: 129 2853 -1
2693: 2675 2676 2679 2719 -1
2694: 2675 2676 2679 2691 -1
2695: 2675 2676 2679 2680 2681 -1
2696: 2675 2676 2681 2679 2680 -1
2697: 2675 2676 2679 2719 -1
2698: 2675 2676 2679 2719 -1
2699: 2675 2676 2679 2680 2681 -1
2700: 2675 2676 2679 2680 2681 -1
2701: 2675 2676 2680 2679 2719 -1
2702: 2675 2676 2679 2680 2681 -1
2703: 2675 2676 2681 2679 2719 -1
2704: 2675 2676 2679 2680 2681 -1
2705: 2675 2676 2679 2719 -1
2706: 2675 2676 2679 2719 -1
2707: 2675 2676 2719 2718 2724 2679 -1
2708: 2675 2676 2680 710 2679 2719 -1
2709: 2675 2676 2679 2719 -1
2710: 2675 2676 2679 2691 -1
2711: 2724 2720 2708 2696 129 2681 2710 2693 2675 2679 -1
2712: 2675 2676 2718 2724 2679 2691 -1
2713: 2675 2676 2681 2679 2719 -1
2714: 2675 2676 2679 2719 -1
2715: 2675 2676 2680 2679 2681 -1
2716: 2675 2676 2679 2680 2681 -1
2717: 2675 2676 2679 2681 2680 -1
2718: 2682 2696 129 2675 2676 2702 2710 -1
2719: 2682 2696 129 2675 2676 2702 2710 -1
2720: 2679 2719 -1
2721: 2675 2676 2681 2679 2691 -1
2722: 2711 2675 2676 2681 2679 2719 -1
2723: 2675 2676 2679 2691 -1
2724: 2682 2696 129 2675 2676 2712 2710 2723 -1
2725: 1176 2622 -1
2726: 131 -1
2727: 131 -1
2728: 33 105 -1
2729: 134 -1
2730: 134 -1
2731: 5 134 -1
2732: 134 -1
2733: 96 134 3259 -1
2734: 135 -1
2735: 135 -1
2736: 135 -1
2737: -1
2738: 922 138 -1
2739: 3253 138 5 31 70 33 -1
2740: 720 3227 -1
2741: 2333 3227 -1
2742: 720 3227 -1
2743: 476 2336 1501 -1
2744: 720 140 -1
2745: 140 -1
2746: 720 140 2744 2767 2768 -1
2747: 140 -1
2748: -1
2749: -1
2750: -1
2751: 3127 3128 -1
2752: -1
2753: -1
2754: -1
2755: -1
2756: -1
2757: -1
2758: -1
2759: -1
2760: -1
2761: 2615 -1
2762: -1
2763: -1
2764: 0 1 2 3 4 5 6 7 8 9 -1
2765: -1
2766: -1
2767: -1
2768: -1
2769: 2646 -1
2770: 2646 -1
2771: 2646 -1
2772: 2646 -1
2773: 2646 -1
2774: 2646 -1
2775: 2646 -1
2776: 2646 -1
2777: 2646 -1
2778: 2646 -1
2779: 2646 -1
2780: 2646 -1
2781: 2646 -1
2782: 2646 -1
2783: 2646 -1
2784: 2646 -1
2785: 2646 -1
2786: 2646 -1
2787: 2646 -1
2788: 2646 -1
2789: 2646 -1
2790: 2646 -1
2791: 2646 -1
2792: 2646 -1
2793: 2646 -1
2794: 2646 -1
2795: 2646 -1
2796: 2646 -1
2797: 2646 -1
2798: 2646 -1
2799: -1
2800: 3237 -1
2801: -1
2802: 143 -1
2803: 0 143 -1
2804: 183 184 -1
2805: 144 -1
2806: 144 -1
2807: 145 -1
2808: 145 -1
2809: 2917 2918 2919 2920 2921 2922 2923 2924 2925 2926 2927 2928 2929 2930 2931 2932 2933 2934 2935 2936 2937 2938 2939 2940 2941 2942 2943 2944 2945 2946 2947 2948 2949 2950 2951 2952 2953 2954 2955 2956 2957 2958 2959 2960 2961 2962 2963 2964 -1
2810: 2917 2918 2919 2920 2921 2922 2923 2924 2925 2926 2927 2928 2929 2930 2931 2932 2933 2934 2935 2936 2937 2938 2939 2940 2941 2942 2943 2944 2945 2946 2947 2948 2949 -1
2811: 2809 2810 -1
2812: 2809 2810 -1
2813: 2809 2810 -1
2814: 2809 2810 -1
2815: 2809 2810 -1
2816: 2809 2810 -1
2817: 147 -1
2818: 147 -1
2819: 147 2817 2767 2768 -1
2820: -1
2821: -1
2822: -1
2823: 2834 2870 -1
2824: -1
2825: -1
2826: -1
2827: 3248 -1
2828: -1
2829: -1
2830: -1
2831: -1
2832: -1
2833: -1
2834: 2823 2879 2870 2230 -1
2835: -1
2836: -1
2837: -1
2838: -1
2839: -1
2840: -1
2841: -1
2842: -1
2843: -1
2844: -1
2845: -1
2846: -1
2847: -1
2848: -1
2849: -1
2850: -1
2851: -1
2852: -1
2853: 2851 -1
2854: -1
2855: -1
2856: 2109 2894 -1
2857: -1
2858: -1
2859: -1
2860: -1
2861: 435 1180 -1
2862: -1
2863: -1
2864: -1
2865: 6 2186 -1
2866: 6 -1
2867: 445 6 -1
2868: -1
2869: 2862 2870 -1
2870: -1
2871: 2844 2893 -1
2872: 2844 2893 -1
2873: -1
2874: -1
2875: -1
2876: -1
2877: -1
2878: -1
2879: -1
2880: -1
2881: -1
2882: -1
2883: -1
2884: 2109 -1
2885: 7 2842 720 773 148 65 33 -1
2886: 2890 148 2622 1506 -1
2887: 148 2348 476 -1
2888: 148 2354 -1
2889: 3174 96 1506 148 203 7 2833 1682 -1
2890: -1
2891: 2333 149 -1
2892: 2540 -1
2893: -1
2894: -1
2895: 2893 2894 2004 -1
2896: 2893 2894 2004 -1
2897: 2893 2894 2004 -1
2898: 2893 2894 2004 -1
2899: 150 -1
2900: 3248 150 -1
2901: 150 -1
2902: 150 -1
2903: 2333 161 150 -1
2904: 1152 150 2004 -1
2905: 151 -1
2906: -1
2907: 2906 152 -1
2908: 152 2906 2907 2767 2768 -1
2909: -1
2910: 153 773 -1
2911: 153 -1
2912: 153 -1
2913: 153 -1
2914: 153 -1
2915: 153 1506 -1
2916: 153 1506 2915 2767 2768 -1
2917: 2949 -1
2918: 2949 -1
2919: 2949 -1
2920: 2949 -1
2921: 2949 -1
2922: 2949 -1
2923: 2949 -1
2924: 2949 -1
2925: 2949 -1
2926: 2949 -1
2927: 2949 -1
2928: 2949 -1
2929: 2949 -1
2930: 2949 -1
2931: 2949 -1
2932: 2949 -1
2933: 2949 -1
2934: 2949 -1
2935: 2949 -1
2936: 2949 -1
2937: 2949 -1
2938: 2949 -1
2939: 2949 -1
2940: 2949 -1
2941: 2949 -1
2942: 2949 -1
2943: 2949 -1
2944: 2949 -1
2945: 2949 -1
2946: 2949 -1
2947: 2949 1 -1
2948: 2949 -1
2949: -1
2950: 2949 -1
2951: 2949 -1
2952: 2949 -1
2953: 2949 -1
2954: 2949 -1
2955: 2949 -1
2956: 2949 -1
2957: 2949 -1
2958: 2949 -1
2959: 2949 -1
2960: 2949 -1
2961: 2949 -1
2962: 2949 -1
2963: 2949 -1
2964: 2949 -1
2965: 2949 -1
2966: 154 -1
2967: 154 -1
2968: 1592 -1
2969: 2949 -1
2970: 154 -1
2971: 2646 74 96 2544 154 1493 2333 2328 65 1592 2096 2855 2187 439 1501 2561 2842 -1
2972: 154 -1
2973: 154 -1
2974: 2949 -1
2975: 154 74 -1
2976: 154 96 -1
2977: -1
2978: -1
2979: 3248 155 -1
2980: 155 -1
2981: 155 -1
2982: -1
2983: 2982 -1
2984: 2982 -1
2985: 2982 -1
2986: 2982 -1
2987: 2982 -1
2988: 2982 -1
2989: 2982 -1
2990: 2982 -1
2991: 156 -1
2992: 2982 -1
2993: 2982 -1
2994: 2982 -1
2995: 2982 -1
2996: 2982 -1
2997: 2982 -1
2998: 2982 -1
2999: 2982 -1
3000: 2982 -1
3001: 156 2991 2767 2768 -1
3002: 2982 -1
3003: 2982 -1
3004: 2982 -1
3005: 2982 -1
3006: 2982 -1
3007: 2982 -1
3008: 2982 -1
3009: 2982 -1
3010: 2982 -1
3011: 2982 -1
3012: 2982 -1
3013: 2982 -1
3014: 2982 -1
3015: 2982 -1
3016: 2982 -1
3017: 2982 -1
3018: 2982 -1
3019: 2982 -1
3020: 2982 -1
3021: 2982 -1
3022: 2982 -1
3023: 2982 -1
3024: 2982 -1
3025: 2982 -1
3026: 2982 -1
3027: 2982 -1
3028: 2982 -1
3029: 2982 -1
3030: 2982 -1
3031: -1
3032: 158 -1
3033: 158 -1
3034: 2395 2352 2253 158 -1
3035: 158 -1
3036: 3252 158 -1
3037: 158 3252 96 65 -1
3038: 158 -1
3039: 158 -1
3040: 159 -1
3041: 159 -1
3042: 0 -1
3043: 2329 -1
3044: 161 -1
3045: 161 -1
3046: -1
3047: 3046 -1
3048: 3046 -1
3049: 3046 -1
3050: 3046 -1
3051: 162 -1
3052: 162 154 96 2544 -1
3053: 1592 -1
3054: 3046 -1
3055: 3046 -1
3056: 3046 -1
3057: 3046 -1
3058: 162 -1
3059: 162 -1
3060: 162 42 -1
3061: 3046 -1
3062: 3046 -1
3063: 96 42 162 5 0 1604 2544 33 24 1 109 2575 2755 -1
3064: 162 -1
3065: 162 42 1493 -1
3066: 3046 -1
3067: -1
3068: 3067 -1
3069: 3067 -1
3070: 3067 -1
3071: 3067 -1
3072: 3067 -1
3073: 3067 -1
3074: 3067 -1
3075: 3067 -1
3076: 3067 -1
3077: 3067 -1
3078: 3067 -1
3079: 3067 -1
3080: 3067 -1
3081: 3067 -1
3082: 3067 -1
3083: 3067 -1
3084: 3067 -1
3085: 3067 -1
3086: 3067 -1
3087: 3067 -1
3088: 3067 -1
3089: 3067 -1
3090: 3067 -1
3091: 3067 -1
3092: 3067 -1
3093: 3067 -1
3094: 3067 -1
3095: 3067 -1
3096: 3067 -1
3097: 3067 -1
3098: 3067 -1
3099: 3067 -1
3100: 3067 -1
3101: 3067 -1
3102: 3067 -1
3103: 3067 -1
3104: 3067 -1
3105: 3067 -1
3106: 3067 -1
3107: 165 -1
3108: 165 3247 -1
3109: 165 -1
3110: 165 -1
3111: 165 -1
3112: 165 -1
3113: 3114 -1
3114: -1
3115: 19 165 -1
3116: 165 -1
3117: 165 -1
3118: 165 19 -1
3119: 2722 165 153 96 66 2630 -1
3120: 19 165 -1
3121: 165 -1
3122: 165 3117 -1
3123: 165 -1
3124: 105 165 19 -1
3125: 165 -1
3126: 710 33 165 1682 65 96 126 134 1493 -1
3127: -1
3128: -1
3129: 166 3132 2767 2768 -1
3130: 166 -1
3131: 3127 3128 -1
3132: 166 -1
3133: -1
3134: -1
3135: -1
3136: -1
3137: 3133 -1
3138: 3133 -1
3139: 3133 -1
3140: 167 -1
3141: 3148 167 -1
3142: 167 -1
3143: 167 -1
3144: 3148 167 -1
3145: 3137 167 -1
3146: 3137 167 2894 2893 -1
3147: 167 -1
3148: 167 3137 -1
3149: 167 -1
3150: 167 -1
3151: 167 -1
3152: 3148 167 -1
3153: 3133 -1
3154: 3133 -1
3155: 168 -1
3156: 168 -1
3157: 168 -1
3158: 476 -1
3159: -1
3160: -1
3161: -1
3162: -1
3163: -1
3164: 170 -1
3165: 170 -1
3166: -1
3167: -1
3168: -1
3169: -1
3170: -1
3171: -1
3172: 3174 251 3175 65 720 -1
3173: 3175 -1
3174: -1
3175: 3174 -1
3176: 171 -1
3177: -1
3178: -1
3179: 171 -1
3180: -1
3181: -1
3182: -1
3183: 171 2767 2768 -1
3184: 3174 65 720 2287 3248 105 171 1570 251 2680 -1
3185: 171 -1
3186: 171 -1
3187: 183 184 -1
3188: 183 184 -1
3189: 183 184 -1
3190: 183 184 -1
3191: 173 -1
3192: 173 1784 33 1493 -1
3193: 3244 173 13 96 2755 281 -1
3194: -1
3195: 174 1 2661 -1
3196: 174 719 2867 105 435 -1
3197: 1918 176 175 -1
3198: 175 1918 176 3197 2767 2768 -1
3199: -1
3200: 3201 -1
3201: -1
3202: -1
3203: -1
3204: -1
3205: 3200 -1
3206: 177 3202 3203 3204 1616 -1
3207: 177 3202 3203 3204 -1
3208: 31 177 -1
3209: -1
3210: 178 -1
3211: -1
3212: 3220 3211 180 -1
3213: 3214 3219 3218 1501 -1
3214: 3216 3217 3213 -1
3215: 3214 3216 -1
3216: 3213 3217 3214 -1
3217: 3216 3214 -1
3218: -1
3219: -1
3220: 180 3174 -1
3221: 3218 -1
3222: 180 -1
3223: 65 181 1473 -1
3224: 2949 -1
3225: 2949 -1
3226: -1
3227: -1
3228: -1
3229: -1
3230: -1
3231: -1
3232: -1
3233: -1
3234: 2173 2174 2175 -1
3235: -1
3236: -1
3237: -1
3238: -1
3239: -1
3240: -1
3241: -1
3242: -1
3243: -1
3244: -1
3245: -1
3246: -1
3247: -1
3248: -1
3249: -1
3250: -1
3251: -1
3252: -1
3253: -1
3254: -1
3255: -1
3256: -1
3257: -1
3258: -1
3259: -1
3260: -1
3261: -1
3262: -1
3263: -1
3264: -1
3265: -1
