0: -1
1: 203 205 -1
2: 258 -1
3: 258 -1
4: 347 348 349 350 351 352 353 354 355 356 357 358 359 360 361 362 363 364 -1
5: -1
6: -1
7: 451 143 452 453 454 455 -1
8: 503 504 505 506 507 510 511 512 -1
9: -1
10: 539 540 541 255 3 542 543 544 545 546 547 548 549 550 551 552 553 554 -1
11: -1
12: 626 627 -1
13: 664 665 666 667 668 669 25 3 2 50 -1
14: -1
15: 720 729 730 107 -1
16: 771 775 776 -1
17: 819 820 821 822 823 824 825 826 827 828 829 830 831 832 833 834 835 836 837 838 33 839 840 -1
18: -1
19: -1
20: -1
21: -1
22: -1
23: -1
24: 143 1007 14 -1
25: 255 1008 1009 1010 1011 1012 7 22 1013 1014 1015 1016 1017 1018 1019 1020 1021 1022 1023 1024 1025 1026 1027 1028 1029 50 1030 13 1031 1032 1033 2 -1
26: 1065 1097 1098 1099 1100 -1
27: 1123 1124 1125 1126 1127 1128 1129 1130 8 17 1131 1132 81 1133 826 1134 1135 1136 1137 1138 1139 1140 1141 1142 1143 1144 1145 1146 1147 1148 1149 1150 1151 1152 1153 1154 1155 1156 1157 1158 1159 1160 1161 1162 1163 1164 1165 1166 -1
28: 1184 -1
29: 1219 -1
30: -1
31: -1
32: 1300 1302 -1
33: 1355 4124 1356 1357 1358 1359 1360 28 1361 1362 1363 1364 1365 1366 1367 1368 1369 1370 1371 1372 1373 1374 1375 1376 1377 1378 38 1379 20 1380 112 1381 2 48 15 1382 1383 19 1384 1385 1386 1387 1388 1389 133 79 1390 1391 1392 1393 1394 1395 1396 91 1397 1398 1399 1400 1401 1402 86 1403 1404 1405 1406 1407 1408 1409 1410 1411 1412 1413 1414 1415 1416 17 1417 1418 1419 1420 1421 1422 1423 1424 1425 1426 1427 1428 1429 1430 1431 1432 1433 1434 1435 1436 1437 1438 14 1439 1440 1441 1442 1443 1444 1445 1446 1447 1448 1449 1450 1451 1452 1453 1454 1455 1456 1457 1458 1459 1460 1461 1462 4029 1463 87 -1
34: 1473 -1
35: -1
36: 1554 1555 1556 1557 1558 1572 1573 1574 1575 1576 -1
37: 1577 1578 -1
38: -1
39: 1270 -1
40: 1662 1029 13 1664 536 -1
41: -1
42: 1473 -1
43: 1734 -1
44: 1750 1751 1752 2116 -1
45: -1
46: -1
47: -1
48: -1
49: -1
50: 63 -1
51: -1
52: -1
53: 2028 2029 2030 2031 2032 2033 2034 2035 2036 2037 2038 2039 2040 2041 2042 2043 2044 2045 2046 2047 2048 2049 2050 2051 2052 2053 2054 2055 2056 2057 2058 2059 2060 2061 2062 2063 2064 2065 2066 2067 2068 2069 2070 2071 2072 2073 2074 2075 2076 2077 2078 2079 2080 2081 2082 2083 2084 2085 2086 2087 2088 2089 2090 2091 2092 2093 -1
54: 2114 2115 2116 2117 2118 2119 2120 -1
55: 2151 2152 -1
56: 2195 2196 2197 819 2198 2200 2201 2202 -1
57: 2243 -1
58: 64 2286 3 327 2287 13 63 2288 680 2289 2290 2291 2292 2293 2294 128 2295 1012 7 2296 2297 2298 2299 2300 2301 1053 12 2302 2303 2304 2305 2306 2307 2308 2309 2310 2311 2312 2313 2314 2315 2316 2317 2318 2319 2320 2321 2322 2323 2324 2325 2326 2327 2328 2329 2330 2331 2332 2333 2334 2335 2336 2337 2338 2339 2340 2341 2342 2343 2344 2345 2346 2347 2348 2349 2350 2351 2352 2353 2354 2355 2356 2357 2358 2359 2360 2361 2362 2363 2364 2365 2366 2367 2368 2369 2370 2371 2372 2373 2374 2375 2376 2377 2378 2379 2380 2381 2382 677 2383 2384 2385 2386 2387 -1
59: 2407 2408 2409 -1
60: 8 27 2426 2427 2428 2429 2430 2431 2432 2433 2434 2435 2436 2437 1125 2438 2439 2440 17 2441 2442 2443 2444 2445 2446 2447 2448 2449 2450 2451 2452 2453 2454 130 -1
61: -1
62: -1
63: -1
64: 2499 2500 2501 2502 2503 2504 2505 2506 -1
65: -1
66: -1
67: 539 13 2566 2363 2567 2568 2569 2570 2571 2572 2573 2574 2575 1029 2576 2577 2578 2579 2580 2581 2582 2583 2584 2585 2586 2587 2588 2589 2590 2591 2592 2296 2593 2594 2595 2596 2597 2598 2599 2600 2601 2602 2603 2604 2605 2606 2607 2608 2609 2610 2611 2612 2613 2614 2615 2616 2617 2618 2619 2620 2621 2622 2623 2624 2625 2626 2627 2628 2629 2630 2631 2632 2633 2634 2635 2636 2637 2638 2639 2640 2641 2642 2325 2643 2644 2645 2331 2646 2647 2648 2649 2650 2651 2652 666 2653 2654 2655 2656 2657 2658 2659 2660 2661 2662 2663 2664 2665 2666 2667 2668 2669 2670 2671 2672 2673 2674 2675 2676 2677 2678 2679 2354 2680 2681 2682 2683 2684 2685 2686 2687 2688 2689 2690 2691 2692 2693 65 2694 2695 2696 2697 2698 1031 2699 2700 2701 2702 2703 2704 2705 2706 2707 2708 2709 2710 2711 2712 2713 2714 -1
68: -1
69: 1184 2748 2749 2750 2751 -1
70: 2761 2763 2764 2765 2766 2767 2768 -1
71: 2798 -1
72: 2807 2808 2809 1364 1431 2810 2811 2812 2813 2814 2815 2816 2817 2818 2819 1138 2820 2821 -1
73: 258 -1
74: -1
75: 2860 -1
76: -1
77: -1
78: -1
79: -1
80: -1
81: 3007 -1
82: 3037 -1
83: 0 3039 -1
84: -1
85: -1
86: -1
87: 3065 7 3066 3067 3068 -1
88: 3075 3076 -1
89: 1184 -1
90: -1
91: -1
92: -1
93: 3140 3141 -1
94: -1
95: 3169 3170 3171 3172 3173 3174 3175 3176 3177 3178 3179 3180 3181 3182 3183 3184 3185 3186 3187 3188 3189 3190 3191 3192 3193 -1
96: -1
97: -1
98: -1
99: -1
100: 3259 3260 3261 23 -1
101: 3265 -1
102: -1
103: -1
104: -1
105: -1
106: 3345 3346 3347 3348 3349 -1
107: -1
108: 3368 3369 3370 -1
109: 3376 -1
110: 3377 -1
111: -1
112: -1
113: -1
114: -1
115: -1
116: 3435 3436 -1
117: -1
118: -1
119: -1
120: -1
121: -1
122: 3537 3538 -1
123: 3546 -1
124: -1
125: -1
126: 3608 -1
127: 3616 -1
128: -1
129: -1
130: -1
131: 3647 3648 -1
132: -1
133: -1
134: -1
135: -1
136: 3694 -1
137: 3700 3701 3702 3703 3704 3705 3706 3707 3708 3709 3710 3711 3712 521 3713 7 512 3714 3715 3716 81 3717 3718 3719 1399 507 506 3720 3721 3722 3723 3724 3725 3726 3727 3728 3729 3730 3731 3732 3733 3734 3735 3736 3737 3738 3739 3740 3741 3742 3743 3744 2819 3745 3746 3747 3748 3749 3750 3751 3752 3753 3754 3755 -1
138: -1
139: -1
140: 1050 3800 3801 3802 2748 -1
141: -1
142: -1
143: 3832 -1
144: 3885 3886 3887 3888 3889 3890 -1
145: 3907 550 3908 3912 3920 3921 3922 3925 3926 3927 -1
146: -1
147: -1
148: 3990 -1
149: 4004 4005 4006 22 4007 4008 4009 4010 4011 4012 4013 4014 2034 5 4015 4016 4017 4018 133 4019 117 4020 4021 4022 4023 4024 1804 4025 4026 4027 4028 4029 -1
150: -1
151: -1
152: 4046 3928 4047 4048 4049 4050 4051 4052 4053 4054 4055 706 4057 4058 4059 4060 4061 4062 3 255 -1
153: -1
154: 4079 -1
155: -1
156: -1
157: -1
158: 4104 4105 4106 4004 4107 149 -1
159: 1642 39 4120 4121 65 4122 4123 2 12 7 4124 -1
160: 4139 4140 -1
161: -1
162: 1184 4157 -1
163: 4176 4178 -1
164: 4193 4194 4195 -1
165: 4202 4203 -1
166: -1
167: -1
168: 4225 4226 -1
169: 4251 3907 550 3908 4252 4253 4254 4255 4256 -1
170: -1
171: -1
172: -1
173: 4307 -1
174: 4317 4318 4319 -1
175: 4320 -1
176: 203 627 3652 4201 2092 3832 -1
177: 203 -1
178: 203 -1
179: 203 547 25 -1
180: 203 -1
181: 203 3689 3056 -1
182: 203 4111 4109 4117 -1
183: 203 -1
184: 203 -1
185: 203 -1
186: 203 506 -1
187: 203 -1
188: 203 3056 -1
189: 203 1368 77 -1
190: 203 -1
191: 1097 822 -1
192: 829 -1
193: -1
194: 203 -1
195: 203 4045 3338 1740 -1
196: 203 -1
197: 1428 1391 2823 -1
198: 7 0 1470 -1
199: 203 -1
200: 203 -1
201: 203 -1
202: 203 3385 4045 22 3652 2 -1
203: -1
204: 193 -1
205: 829 731 0 -1
206: 203 109 907 3994 -1
207: 203 -1
208: 203 -1
209: 203 -1
210: 2302 3 7 12 2 -1
211: 1455 1467 829 7 47 727 719 -1
212: 1 -1
213: 3338 1551 907 2302 7 12 -1
214: 1 -1
215: 203 -1
216: 203 1366 65 1099 3059 -1
217: 821 7 829 822 830 4312 3367 3452 64 837 2116 -1
218: 12 1 3719 2909 -1
219: 239 1 -1
220: 203 -1
221: 203 -1
222: 203 -1
223: 829 1099 719 822 731 -1
224: 203 -1
225: 1 -1
226: 3954 626 3832 2302 254 2849 1184 907 3788 822 829 3338 2090 7 2033 -1
227: 3435 3773 1582 831 829 4313 -1
228: 3056 829 2302 7 1 0 822 2810 -1
229: 626 907 2033 1447 2318 -1
230: 1 2 -1
231: 203 -1
232: 203 15 134 38 1138 -1
233: 203 -1
234: 907 2107 45 218 3977 1273 0 7 822 -1
235: 829 1578 837 -1
236: 193 -1
237: 203 -1
238: -1
239: -1
240: 203 -1
241: 829 822 4084 -1
242: 771 549 3489 4111 1 -1
243: 453 78 0 3059 3037 65 1378 1974 7 626 3832 1097 -1
244: 0 829 2469 1436 507 7 2302 1 2810 -1
245: 1 -1
246: 819 -1
247: 1 1135 -1
248: 1554 1555 1556 -1
249: 203 -1
250: 203 -1
251: 1 907 -1
252: 62 12 7 11 2302 -1
253: 2033 7 4157 -1
254: 3788 1146 258 -1
255: 258 -1
256: -1
257: -1
258: -1
259: 258 -1
260: 203 2985 2 -1
261: 571 1026 7 668 3 2 302 -1
262: 2 -1
263: 907 7 2 -1
264: 2 -1
265: 3907 7 2 3338 255 1138 547 -1
266: 3489 2620 1184 -1
267: 1356 1364 111 1448 4000 2813 1146 1366 258 -1
268: 4041 2092 2030 3802 2748 536 3647 2115 3338 2 626 -1
269: 7 2 3 -1
270: 203 95 4045 22 4013 77 2034 454 2 1065 1740 2823 -1
271: 2822 1431 906 1138 907 3338 2 -1
272: 3 2034 1138 718 1463 907 2 1135 55 -1
273: 829 1273 822 2 -1
274: 1470 1467 0 3094 2 907 1032 718 3338 488 -1
275: 255 3 2 -1
276: 7 2302 2300 0 2 301 3385 3994 3130 33 1135 3723 906 -1
277: 821 837 1423 2 254 -1
278: 3056 826 7 22 3 1368 2302 1389 829 2092 -1
279: 258 -1
280: 2302 258 -1
281: 7 2 2339 -1
282: 7 12 2 254 16 1448 -1
283: 128 25 3 2 142 9 3928 4048 1663 1008 541 4062 3547 257 4049 4051 255 2622 547 4056 1023 1014 2699 1060 2698 2647 2702 4057 1033 2290 2663 1018 4061 2975 50 13 1029 -1
284: 3338 2469 0 907 2 65 2819 -1
285: 2 1146 -1
286: 123 2297 3908 2667 3338 2 667 2635 -1
287: 3908 12 -1
288: 0 -1
289: 2 -1
290: 1462 1470 3130 822 2 -1
291: 3075 965 1135 2 1030 3059 91 907 1804 4029 3338 1396 1032 825 7 593 203 626 819 3773 2116 4045 4040 1436 45 3647 4195 -1
292: 2 -1
293: 3338 2 -1
294: 2 295 718 547 907 2302 133 4019 2034 1432 81 255 256 257 258 259 -1
295: 2 -1
296: 65 258 -1
297: 65 258 -1
298: 258 -1
299: 65 907 2530 2309 258 -1
300: 258 -1
301: 258 -1
302: 2297 2 -1
303: 2 907 4111 -1
304: 666 3 2 2568 -1
305: 1663 1665 1666 2 13 -1
306: 2 -1
307: 3 2 13 -1
308: 2658 666 1020 540 2656 2569 258 -1
309: 540 2569 258 -1
310: 3 695 3338 -1
311: 3 7 25 1032 22 133 -1
312: 3 -1
313: 3 837 -1
314: 1184 2114 3647 3 3489 256 -1
315: 3 3773 2034 718 837 821 -1
316: 54 309 40 3 128 2732 3825 666 -1
317: 13 10 25 3907 550 -1
318: 3338 7 3 0 826 -1
319: 337 255 3925 3926 669 2681 50 3 25 -1
320: 3 -1
321: 3 3338 0 4117 1470 -1
322: 2293 25 2290 3 668 -1
323: 907 3 7 1032 1417 -1
324: -1
325: 258 -1
326: 2129 258 -1
327: 3626 2644 2585 1340 3924 3621 2975 258 -1
328: 3871 13 3 2116 3745 2819 3694 -1
329: 2293 10 25 13 3 2 -1
330: 1031 903 4037 -1
331: 40 3 2 -1
332: 3 3907 3908 3489 -1
333: 3338 3 -1
334: 203 3 1133 17 -1
335: -1
336: 2585 3924 3621 2975 3 255 256 257 258 -1
337: 669 258 -1
338: 2656 258 -1
339: 258 -1
340: 203 22 3 24 42 3682 2823 1432 -1
341: 3004 3 536 7 1184 2569 -1
342: 3 -1
343: 0 2 3 254 3338 -1
344: 488 823 10 906 13 3338 3802 1364 2107 5 7 14 3 2 1138 1273 87 91 1010 3384 1301 0 4084 3977 1417 2748 2823 1443 2810 143 -1
345: 3338 3 10 542 -1
346: 258 -1
347: -1
348: 347 349 350 351 352 353 354 355 356 357 358 359 360 361 362 363 364 -1
349: -1
350: -1
351: -1
352: -1
353: -1
354: -1
355: -1
356: -1
357: -1
358: -1
359: -1
360: -1
361: -1
362: -1
363: -1
364: -1
365: 347 349 350 351 352 353 354 355 356 357 358 360 361 362 363 364 -1
366: 4 3435 3774 819 1413 -1
367: 0 819 906 907 22 7 1031 626 1982 822 3338 4111 829 4 -1
368: 1135 826 731 2034 1404 1405 14 1406 4 16 3 11 71 1804 3059 3788 30 -1
369: 4 3435 -1
370: 3338 4 33 1372 3832 26 7 1138 -1
371: 819 4 -1
372: 7 4109 3338 4 2116 823 -1
373: 819 239 4 203 -1
374: 4 819 829 -1
375: 347 349 350 351 352 353 354 355 356 357 358 360 361 362 363 364 829 -1
376: 2093 4 -1
377: 203 4 429 1010 2899 53 -1
378: 4045 2091 22 4063 4073 2092 5 1375 2035 4017 4084 1551 2302 -1
379: 5 -1
380: 6 5 -1
381: -1
382: 5 -1
383: 203 5 -1
384: 90 42 6 9 5 49 120 3338 -1
385: 5 -1
386: 5 -1
387: 4041 5 -1
388: 42 3037 5 34 3648 -1
389: 5 -1
390: 5 -1
391: 5 -1
392: 42 3037 5 822 -1
393: 4041 5 -1
394: 5 -1
395: 5 -1
396: 5 -1
397: -1
398: 984 114 5 43 -1
399: 536 5 825 -1
400: 6 3037 5 42 9 23 43 980 -1
401: 42 29 1372 5 34 -1
402: 7 2035 22 1740 1467 2302 3489 5 -1
403: 5 -1
404: 1470 4041 1301 2091 2092 2115 101 973 536 4195 5 3267 626 -1
405: 4041 1184 5 101 3338 -1
406: 5 2114 453 3647 665 626 3802 429 -1
407: 5 -1
408: 73 9 5 -1
409: 5 -1
410: 2041 5 3802 -1
411: 42 5 1372 -1
412: 5 -1
413: 6 -1
414: 6 -1
415: 6 -1
416: 73 6 9 78 1372 100 102 -1
417: 6 -1
418: -1
419: 3647 6 -1
420: 6 -1
421: 536 418 2761 -1
422: 6 -1
423: 90 42 6 9 5 49 120 3338 -1
424: 6 -1
425: 6 21 1023 2115 1372 3647 101 5 42 1473 34 973 114 9 49 2761 -1
426: 42 6 9 -1
427: 1184 822 3802 7 2115 1740 6 5 22 2809 1463 3 907 -1
428: 6 -1
429: -1
430: 4045 6 3037 5 -1
431: 42 6 29 9 34 49 21 -1
432: 3647 973 536 6 49 1301 1302 5 -1
433: 42 6 82 1372 5 34 3037 -1
434: 6 2035 -1
435: 418 -1
436: 101 6 9 49 771 -1
437: 3694 -1
438: 4045 4040 6 825 -1
439: 6 -1
440: 3037 5 822 -1
441: 6 -1
442: 6 9 5 3647 973 819 3265 453 -1
443: 6 -1
444: 418 -1
445: 6 822 1010 829 -1
446: 6 -1
447: 6 29 5 3267 2794 -1
448: 6 -1
449: 101 6 9 771 -1
450: 6 4045 -1
451: -1
452: -1
453: -1
454: 143 453 455 -1
455: -1
456: 454 -1
457: 454 -1
458: 823 0 822 3338 -1
459: 1138 7 1007 105 907 -1
460: 7 -1
461: 1456 1184 626 -1
462: 7 14 718 2558 822 1960 -1
463: 626 7 3647 536 -1
464: 837 2302 1184 825 1578 -1
465: 3773 7 -1
466: 7 3773 -1
467: 0 2033 1364 2 7 626 1184 823 4156 2115 3907 3547 4045 1301 837 143 2116 -1
468: 3773 829 0 822 -1
469: 7 4004 22 4009 4013 4014 5 4016 4017 4018 133 4019 4021 4023 4024 4025 4027 4028 -1
470: 1030 -1
471: 3435 7 1030 4045 1184 -1
472: 4045 -1
473: 7 87 133 -1
474: 837 4045 1184 626 -1
475: 7 2302 2033 488 -1
476: 829 822 488 1010 -1
477: 7 822 -1
478: 3435 907 7 0 1031 -1
479: 7 626 3907 -1
480: 4312 7 837 -1
481: 7 -1
482: -1
483: 2302 7 -1
484: 7 -1
485: 7 2298 -1
486: 4045 7 1301 0 -1
487: 7 4039 -1
488: 822 453 3954 1982 22 1010 2302 7 3489 823 3854 1157 0 3338 626 4084 46 3832 1030 826 2092 -1
489: 2297 2296 2669 22 2667 3908 7 2633 -1
490: 2035 7 22 2302 -1
491: 3773 7 2116 -1
492: 7 0 -1
493: 203 7 143 -1
494: 822 453 3907 7 -1
495: 4045 0 1010 3489 3802 2748 1982 22 7 626 1030 -1
496: 2116 626 718 7 -1
497: 7 -1
498: 2690 12 775 3908 7 2667 1135 884 -1
499: 7 -1
500: 7 -1
501: 1010 -1
502: 3703 826 -1
503: -1
504: -1
505: -1
506: 1143 -1
507: -1
508: -1
509: -1
510: -1
511: -1
512: 454 14 -1
513: 3700 -1
514: 3700 -1
515: -1
516: -1
517: 3700 -1
518: 3700 -1
519: 3970 3902 1129 8 -1
520: 3705 8 113 3706 3902 3708 17 1125 2428 2440 2447 3773 -1
521: 8 -1
522: 3700 -1
523: 3700 -1
524: 347 7 3 2302 8 10 14 5 2 66 1 6 49 9 -1
525: 64 8 -1
526: 8 175 3703 2821 27 1183 3706 2814 1129 60 56 534 3256 2428 3638 130 -1
527: 3700 -1
528: 3700 -1
529: 3700 -1
530: 2435 2434 8 -1
531: -1
532: -1
533: 2198 819 2821 1130 8 3728 3896 64 144 45 3891 3732 2197 2200 2201 2202 -1
534: 2198 819 3706 8 81 1132 1133 826 1135 2426 1125 173 2438 17 1129 2819 1131 2197 2200 2201 2202 -1
535: 3700 -1
536: -1
537: 9 -1
538: 9 70 4251 169 3907 1184 2681 3 -1
539: -1
540: 664 665 666 667 668 669 25 3 2 50 -1
541: -1
542: 3907 4041 -1
543: -1
544: -1
545: -1
546: -1
547: 1157 -1
548: -1
549: -1
550: -1
551: -1
552: 7 0 -1
553: -1
554: -1
555: 1012 3928 547 4051 13 539 152 3825 3489 1033 -1
556: 13 547 2663 54 63 65 2686 2513 2326 2325 2297 2640 2678 2604 2566 2568 2666 2363 2569 -1
557: 13 547 2663 50 65 2629 54 2326 2325 2297 2640 2678 2604 2566 2568 2666 2363 2569 -1
558: 10 -1
559: 327 13 1029 50 2296 9 32 2610 151 -1
560: 2859 2872 4073 -1
561: 40 2346 -1
562: 203 151 67 2732 547 2286 -1
563: 2580 83 7 664 541 -1
564: 1031 3 4108 3338 1029 3773 819 542 -1
565: 2872 540 63 40 54 547 67 2293 1029 25 2569 7 2297 2667 -1
566: 3907 3926 -1
567: 2585 2286 2116 536 -1
568: 3497 -1
569: 10 -1
570: 3 3951 3944 -1
571: 904 2 2290 1024 681 1025 1026 1940 -1
572: 10 -1
573: 22 7 3489 3907 1184 2620 10 542 -1
574: 2859 652 4041 3338 3 2708 2678 2686 -1
575: 203 98 547 2286 3652 -1
576: 666 304 12 2651 25 67 3 13 10 128 1031 -1
577: 10 2732 151 64 142 2610 2392 -1
578: 10 3 -1
579: 203 2286 28 -1
580: 203 547 2286 25 -1
581: 203 115 22 63 65 67 2286 25 108 -1
582: 32 -1
583: 152 3647 -1
584: -1
585: 1740 2302 1097 -1
586: 1031 10 3 666 -1
587: 32 9 541 4046 2118 2667 2633 42 1375 3 -1
588: 1012 4063 50 1008 1017 1019 1029 1184 1016 2294 -1
589: 3338 10 3647 9 3907 907 -1
590: 2286 542 550 -1
591: 3 10 -1
592: 3907 50 3908 -1
593: -1
594: -1
595: 1470 1615 1389 731 3059 594 11 12 726 3440 -1
596: 3773 11 831 819 837 2107 1389 594 0 1146 1470 -1
597: 11 -1
598: 11 35 -1
599: -1
600: -1
601: 3338 11 1146 1467 822 1184 -1
602: 11 3 22 -1
603: 2198 3774 11 -1
604: 1551 1434 3719 11 3 2 19 14 44 -1
605: 2107 0 1470 1389 594 11 -1
606: 0 14 19 11 1146 -1
607: 203 20 11 622 3 2 48 1864 134 38 45 -1
608: 1389 2469 11 141 1551 -1
609: 829 2557 2302 7 11 1273 0 -1
610: 907 1436 2302 718 622 12 -1
611: 14 507 62 1 11 622 -1
612: 907 4267 3788 30 39 150 4037 1415 3338 11 594 1409 3328 3329 0 4097 41 1699 -1
613: 11 -1
614: 203 2299 666 20 11 622 2 48 1864 -1
615: 11 7 -1
616: 71 11 4084 1442 731 1413 -1
617: -1
618: -1
619: 819 3338 4 11 64 -1
620: 11 62 -1
621: 3333 3338 1415 11 594 1409 3328 3329 4267 41 1699 4097 1697 626 -1
622: -1
623: 10 2302 2034 11 33 35 12 3 16 61 41 594 62 7 1404 2809 -1
624: 203 1368 11 134 38 -1
625: 3338 11 12 594 -1
626: -1
627: -1
628: 12 -1
629: 2116 3907 549 12 2297 -1
630: 170 1366 12 -1
631: 1032 1432 12 -1
632: 4111 3977 12 -1
633: 12 3338 -1
634: 1010 1470 2302 12 -1
635: 429 12 -1
636: 1138 12 4202 4203 -1
637: 1415 141 149 33 1217 16 134 618 2302 12 -1
638: 12 -1
639: 3338 3265 4111 7 1372 12 907 -1
640: 12 -1
641: 549 314 1031 3489 1010 4111 1470 3928 1017 3907 1339 2118 536 3647 1029 -1
642: 12 1356 1463 1187 512 -1
643: 1017 2716 3489 3487 20 2305 2610 2329 2330 2364 10 3 2 25 541 540 539 2288 50 128 2290 12 2309 2301 -1
644: 12 907 -1
645: 12 3 13 1024 -1
646: 429 12 3489 9 5 2035 826 7 2302 2 1065 1417 1031 2698 -1
647: 2558 1551 1870 -1
648: 1097 28 1007 907 3719 2300 7 1032 12 2 903 1389 1448 718 1470 3130 33 1870 4097 4111 4108 4109 4117 3682 1551 17 1804 1423 2152 143 14 1447 1453 2304 1432 1462 1456 36 -1
649: 1032 12 837 821 -1
650: 12 2116 2114 3647 -1
651: 1097 28 1199 1007 907 3719 7 1032 12 2 903 16 1389 1448 718 1470 3130 33 1870 4097 4111 4108 4109 4117 3682 1551 17 1804 1420 1423 2152 143 14 1615 1447 1453 2304 1432 1462 1456 2450 36 3689 -1
652: 3 -1
653: 15 2302 38 12 2809 1642 7 -1
654: 12 7 -1
655: 3338 1031 3773 1368 2859 2872 2667 7 666 2300 12 -1
656: 12 664 -1
657: 819 837 1581 -1
658: 75 12 3338 2131 -1
659: 2302 12 1369 2034 17 71 -1
660: 1031 12 -1
661: 3435 12 1 -1
662: 2690 666 2640 2569 12 664 -1
663: 3056 3338 75 2033 890 4134 1435 907 12 79 39 600 916 20 16 301 3059 1457 626 3720 504 1654 3721 506 507 906 1023 1031 3832 -1
664: 13 547 2663 54 63 65 2686 2513 2326 2325 2297 2640 2678 2604 2566 2568 2666 2363 2569 -1
665: -1
666: -1
667: 50 1146 -1
668: -1
669: -1
670: 7 1669 -1
671: 40 2356 13 1026 -1
672: 540 -1
673: 2798 -1
674: 2665 13 2296 -1
675: 13 25 556 2131 1030 0 2033 -1
676: 50 13 -1
677: 540 2658 2343 2129 258 -1
678: 40 10 2293 -1
679: 2116 3907 3647 1184 67 63 -1
680: 40 13 50 1029 1031 668 666 3 25 2359 -1
681: 540 258 -1
682: 540 258 -1
683: 140 145 121 3487 255 2 7 2286 3 2580 1029 50 123 -1
684: 7 540 152 3825 -1
685: 3 128 540 1029 1031 -1
686: 3909 3923 539 2663 255 1033 1031 1029 13 1032 1026 25 65 2306 907 2346 2035 327 2302 3489 3647 2115 536 1184 3907 -1
687: 540 -1
688: 2131 12 13 2293 -1
689: 13 -1
690: -1
691: 3 2296 63 1030 -1
692: 3802 7 22 1398 65 33 128 1008 4045 1031 3 2116 2690 -1
693: 13 -1
694: 2345 40 547 541 3 1053 2610 50 13 -1
695: 3908 664 489 13 2569 2642 3 718 2665 50 2643 1368 2583 2606 2633 668 -1
696: 3755 825 2681 3733 3338 -1
697: 3 2 7 1012 13 -1
698: 4202 3435 3773 1100 203 819 3677 3040 2195 80 825 626 1030 337 4 7 12 13 10 14 2033 1447 2810 2823 1462 2296 1431 1432 3338 4108 0 718 2326 3908 2131 3600 4134 64 2116 3647 2115 536 1403 837 -1
699: 13 -1
700: 10 3 -1
701: 13 -1
702: 3 10 13 1024 571 -1
703: 540 258 -1
704: 540 258 -1
705: 3489 7 22 1184 4045 3 -1
706: 13 -1
707: 2611 2296 556 13 4202 1100 3744 3773 -1
708: -1
709: -1
710: 1441 2451 1462 1444 14 3338 -1
711: 14 837 907 3744 -1
712: -1
713: 4312 14 593 -1
714: 7 14 20 2 0 -1
715: 136 15 19 14 26 22 0 3338 1467 2810 4148 2298 1065 -1
716: 7 -1
717: 1463 2071 7 14 1432 267 4130 -1
718: 143 1007 14 454 -1
719: -1
720: -1
721: 720 39 1649 1654 -1
722: 720 1369 3393 -1
723: 720 -1
724: 720 507 -1
725: 720 -1
726: 1184 -1
727: 1184 -1
728: 720 -1
729: -1
730: -1
731: -1
732: 720 -1
733: 203 622 4 48 1864 15 1138 -1
734: 203 15 1467 731 1442 -1
735: 203 15 -1
736: 829 2469 0 4312 7 2302 718 3338 -1
737: 15 618 -1
738: 203 15 1467 731 1442 -1
739: 203 1433 15 1740 -1
740: 829 2469 1389 1273 3287 4097 4084 4037 3435 1413 2300 3 7 4 15 2107 1467 1442 822 -1
741: 722 15 2299 16 3287 822 1184 0 1467 731 -1
742: 1389 731 15 2469 3338 3435 1551 822 -1
743: 4000 798 47 7 15 1447 622 26 1979 2298 2821 -1
744: 15 1381 1420 3435 1457 -1
745: 15 1446 -1
746: 1551 0 -1
747: 618 15 26 156 -1
748: 1065 718 15 -1
749: 829 2033 15 1065 718 593 -1
750: 1065 718 15 -1
751: 15 1065 718 593 -1
752: 837 239 618 15 -1
753: 831 1470 15 -1
754: 1415 141 15 4313 149 36 33 3101 1217 16 134 728 721 618 2302 12 729 -1
755: 203 15 1467 -1
756: 203 65 2299 2 15 1065 284 1099 -1
757: 15 -1
758: 1 155 2302 57 7 2 35 15 14 134 47 -1
759: 731 1171 15 -1
760: 822 829 1099 2469 2557 239 7 0 17 2302 1959 -1
761: 203 15 1467 731 1442 -1
762: 203 15 1467 731 1442 -1
763: 203 16 15 2305 -1
764: 203 15 1467 731 1442 -1
765: 64 3728 15 7 16 2033 825 -1
766: 1551 -1
767: 2434 3719 -1
768: 15 2469 239 822 -1
769: -1
770: -1
771: -1
772: -1
773: -1
774: -1
775: -1
776: -1
777: 2469 2318 907 822 2558 1413 16 3338 2107 -1
778: 3338 -1
779: 3452 16 822 -1
780: 239 3402 16 -1
781: 1413 16 -1
782: 16 -1
783: 16 -1
784: 775 776 -1
785: -1
786: 16 -1
787: 907 16 822 -1
788: 0 2091 63 22 2 16 1436 2090 -1
789: 3773 0 16 2300 2302 -1
790: 16 1804 -1
791: 7 16 -1
792: 16 -1
793: 16 12 18 2677 1413 -1
794: 16 907 -1
795: 1426 1403 65 -1
796: -1
797: 1 1436 907 16 2033 1447 -1
798: 2299 16 -1
799: -1
800: 2035 1007 7 626 775 770 1010 837 16 -1
801: 16 -1
802: 4 1369 2034 7 12 3 16 17 71 1463 -1
803: 907 16 -1
804: 10 4041 3338 907 3 2 1135 3059 0 -1
805: 708 825 2151 837 45 -1
806: 4111 731 2302 -1
807: 16 1413 719 -1
808: 116 1374 4014 1283 77 1369 2302 19 2300 7 12 83 45 3 2 105 16 166 3059 172 2034 18 1443 79 170 148 886 -1
809: -1
810: 829 1099 -1
811: 16 86 -1
812: 2035 3954 2748 1184 3907 454 22 771 2046 4041 2115 4045 1470 4019 1362 2819 5 907 16 2090 2091 453 17 112 3389 2820 906 823 626 3832 1447 1645 3990 1654 504 1649 1633 482 3788 4202 3647 3546 770 258 203 837 -1
813: -1
814: 829 3773 0 16 2300 2302 -1
815: 16 -1
816: 4045 -1
817: 3435 1097 28 1199 1007 907 3719 7 1032 163 12 2 903 16 1138 2823 1839 1389 3007 718 1470 3130 33 1870 4097 4111 4108 4109 4117 3682 1551 3788 17 1804 1420 1423 2152 143 14 1615 1448 1447 1453 2304 1432 2810 1462 1456 2309 2450 36 3689 -1
818: 2985 87 2992 133 1804 1429 2798 -1
819: -1
820: -1
821: -1
822: -1
823: 824 819 -1
824: -1
825: -1
826: -1
827: -1
828: -1
829: -1
830: -1
831: -1
832: -1
833: -1
834: -1
835: -1
836: -1
837: -1
838: -1
839: -1
840: -1
841: 17 -1
842: 3773 1446 37 17 -1
843: 831 837 7 17 1578 819 -1
844: 826 3702 45 2195 17 -1
845: 17 -1
846: 17 2200 -1
847: 203 1283 4037 17 -1
848: 17 -1
849: 454 45 1 1404 17 1428 1137 2810 1448 -1
850: 17 -1
851: 17 -1
852: 17 -1
853: 836 17 -1
854: 45 -1
855: 17 -1
856: 3452 829 837 1184 1578 2302 7 731 17 1447 2810 -1
857: 846 17 -1
858: 515 3728 3754 3747 17 3732 -1
859: 1441 1133 17 -1
860: 17 -1
861: 17 -1
862: 17 -1
863: 17 3694 -1
864: 1184 17 -1
865: 3706 3728 1130 3702 17 56 8 3732 2447 1129 -1
866: 17 2116 -1
867: 17 -1
868: 17 -1
869: 17 2116 -1
870: 203 1133 17 -1
871: 17 -1
872: 17 -1
873: 17 -1
874: 1130 3755 2447 3702 3706 17 56 8 1129 -1
875: 17 -1
876: 1389 3338 731 17 3773 -1
877: 203 45 17 -1
878: 17 1442 3452 -1
879: 135 2557 17 2810 7 -1
880: 3755 17 56 2447 -1
881: 3907 822 2450 4111 0 146 135 1135 4108 2034 826 2090 3338 907 17 3452 829 3719 -1
882: 17 -1
883: 2198 1100 2686 -1
884: 2859 2872 64 2117 75 2733 2146 63 2297 2514 2671 2296 1031 2509 1138 12 -1
885: 2848 18 2640 2326 -1
886: 7 2302 3 2300 2 3059 12 2034 16 170 1369 18 1443 45 77 19 105 116 79 1283 166 172 83 4014 1374 148 -1
887: 1366 4026 3068 2034 2823 -1
888: 2033 1366 18 2034 4026 3068 2823 -1
889: 3059 3396 75 18 -1
890: 1387 15 18 2033 26 61 20 -1
891: 22 25 28 3682 2438 1369 907 74 2302 2034 1099 4121 4 18 35 38 3 20 11 7 83 12 14 2 267 26 134 16 5 62 133 65 718 91 17 39 2810 2823 4213 4029 -1
892: 19 1577 -1
893: 19 -1
894: 2557 1839 19 4 2469 1389 4097 239 -1
895: 829 837 593 1578 1032 19 0 -1
896: 19 1442 1389 837 819 -1
897: 3452 731 19 64 -1
898: 2557 2469 239 1413 19 1448 1146 -1
899: 175 19 2 521 8 3329 -1
900: 899 19 -1
901: 829 19 1273 -1
902: 19 -1
903: 295 1730 718 2821 1356 4006 65 1359 1364 1377 4027 2693 78 1369 907 19 3745 799 2302 1375 113 112 111 2812 381 133 4019 79 1391 2358 148 1448 1395 2530 150 3373 1408 2428 2034 1422 1423 2823 1512 1428 2818 1431 1432 2820 1125 27 1362 4000 547 72 2813 81 1146 1454 3020 1462 1444 1366 2309 87 2819 258 -1
904: 1356 65 19 111 79 1448 3373 258 -1
905: 2823 2810 3338 1470 19 -1
906: -1
907: -1
908: -1
909: 907 20 -1
910: 907 20 2819 -1
911: 4041 20 3445 -1
912: 829 2909 1273 822 1442 4312 0 -1
913: 203 20 454 134 2305 -1
914: 20 907 -1
915: 20 3546 -1
916: -1
917: 20 906 -1
918: 906 20 -1
919: 718 20 -1
920: 0 33 12 2 3 1415 2033 2034 20 907 2810 1444 3059 1475 7 -1
921: 3363 14 1434 -1
922: 1356 488 28 1199 1187 3682 89 1369 2033 3719 2034 2300 20 267 2433 4019 965 718 1400 1135 1413 1186 1188 2434 1450 2298 1432 826 1463 3723 -1
923: 626 7 20 2029 819 -1
924: 20 3546 -1
925: 13 2610 2296 4053 2362 2330 255 906 20 907 65 2694 2685 2367 2647 2578 718 -1
926: 26 7 20 1171 3059 822 65 -1
927: 2033 819 947 1438 115 78 -1
928: 1398 20 -1
929: 819 2116 2620 20 906 0 4037 65 370 -1
930: 20 -1
931: 3723 907 3719 1463 2302 1097 1467 1442 822 20 -1
932: 20 907 65 -1
933: 3056 20 1065 3059 -1
934: 507 20 -1
935: 0 1470 429 7 1065 4121 20 907 65 4097 3059 2151 3338 826 -1
936: 20 626 3832 3037 -1
937: 550 20 837 -1
938: 488 626 3059 907 7 20 -1
939: -1
940: 1398 20 -1
941: 79 89 2305 46 20 1283 133 2301 1417 7 2 3723 1100 -1
942: 20 -1
943: 20 -1
944: 1451 1423 20 1146 -1
945: 3452 1448 907 20 908 4268 7 455 1032 642 2823 2810 2318 -1
946: 20 3546 -1
947: -1
948: 20 4045 3445 -1
949: -1
950: -1
951: 4009 7 1184 -1
952: 2959 -1
953: -1
954: -1
955: -1
956: -1
957: 2035 3788 2033 1870 488 3489 22 7 -1
958: 4106 22 -1
959: 3800 3954 908 1982 3489 1184 22 7 -1
960: 22 -1
961: 2091 22 4017 2092 -1
962: 7 954 22 -1
963: 950 949 956 955 4009 22 -1
964: 3954 4017 908 22 7 1982 -1
965: 3682 22 1382 826 -1
966: 4041 4045 2091 2092 22 -1
967: 2302 22 -1
968: 1010 7 22 4045 69 -1
969: 2302 22 2798 -1
970: 22 1007 829 7 -1
971: 4041 2091 2092 22 4040 -1
972: 3907 3647 2116 2091 22 4045 -1
973: -1
974: 114 6 -1
975: 49 23 21 -1
976: 9 34 21 -1
977: 998 -1
978: 114 6 42 1372 5 23 131 -1
979: 3802 771 23 -1
980: -1
981: 34 49 -1
982: 4041 966 3647 3037 23 536 2115 4195 -1
983: 95 4014 23 2116 -1
984: 6 5 1372 42 114 131 23 -1
985: 21 -1
986: 23 -1
987: 6 29 9 1372 5 3267 21 34 1302 -1
988: 42 73 32 6 9 34 23 43 102 -1
989: 23 -1
990: 2116 1752 973 413 6 2756 -1
991: 23 21 -1
992: 3036 2035 6 29 82 9 92 49 21 -1
993: 42 6 82 9 5 34 23 21 3694 -1
994: 43 2667 -1
995: 23 -1
996: 5 -1
997: 42 6 9 21 -1
998: 42 9 23 43 34 3648 3694 -1
999: 4013 4008 153 22 117 23 149 100 4026 4009 12 -1
1000: 2091 6 42 29 2092 -1
1001: 2114 3647 536 23 -1
1002: 6 9 5 -1
1003: 973 6 9 5 70 21 -1
1004: 9 -1
1005: 23 -1
1006: 6 4194 23 -1
1007: -1
1008: -1
1009: -1
1010: 1554 1555 1556 1572 1573 1574 1575 1576 -1
1011: -1
1012: 4073 -1
1013: -1
1014: -1
1015: -1
1016: -1
1017: -1
1018: -1
1019: -1
1020: -1
1021: -1
1022: -1
1023: -1
1024: -1
1025: 258 -1
1026: -1
1027: -1
1028: -1
1029: 2288 -1
1030: -1
1031: -1
1032: 14 454 -1
1033: -1
1034: 1554 1555 1556 1572 1573 1574 1575 1576 -1
1035: 3908 1184 25 2667 -1
1036: 25 3 666 -1
1037: 25 -1
1038: 337 669 2681 63 3 3926 3925 25 -1
1039: 3 25 -1
1040: 1010 25 2302 0 -1
1041: 7 3 25 826 -1
1042: 203 2286 10 3 2568 63 151 67 2732 547 25 2346 1368 2325 666 2 2363 2681 1740 2360 -1
1043: 203 22 25 1959 454 -1
1044: 25 -1
1045: 9 587 13 7 1012 2575 50 10 3 2 25 -1
1046: 3908 542 25 10 3 2131 -1
1047: 25 10 4202 3435 3647 2116 825 -1
1048: 25 1031 -1
1049: 25 2610 -1
1050: -1
1051: 2346 2367 2358 40 63 2605 10 3 1063 25 13 1031 -1
1052: 203 2286 25 -1
1053: 63 13 67 2583 1031 64 0 4071 4074 10 311 2293 1058 25 258 -1
1054: 25 3 2293 2 3825 1012 4048 539 4062 2580 1663 4049 255 1680 4055 1666 4056 2647 2702 1033 2682 4059 4061 -1
1055: 2296 2681 7 3 25 1031 -1
1056: 63 25 10 13 3694 -1
1057: 7 14 8 25 -1
1058: 25 3 -1
1059: 3907 3647 10 25 571 13 50 1029 1031 668 666 -1
1060: 25 3547 -1
1061: 40 3 25 1690 -1
1062: 2302 25 7 3 1463 -1
1063: 2985 3 25 13 2302 2635 1029 50 1031 626 2569 2671 2627 666 2672 -1
1064: 1010 2302 2300 1406 69 2586 666 2569 25 7 2 22 2092 3571 1029 81 4040 4045 -1
1065: 4202 -1
1066: -1
1067: -1
1068: -1
1069: -1
1070: -1
1071: -1
1072: -1
1073: -1
1074: -1
1075: -1
1076: -1
1077: -1
1078: -1
1079: -1
1080: -1
1081: -1
1082: -1
1083: -1
1084: -1
1085: -1
1086: -1
1087: -1
1088: -1
1089: 28 -1
1090: -1
1091: -1
1092: -1
1093: -1
1094: -1
1095: -1
1096: -1
1097: -1
1098: -1
1099: -1
1100: -1
1101: 203 89 -1
1102: 203 -1
1103: 829 26 3440 3287 1467 488 -1
1104: 1283 879 3787 1389 1273 3059 0 965 906 2557 731 3338 1425 135 4308 1140 907 17 3796 3719 7 1371 14 1138 594 2 48 26 1445 1372 86 1412 2033 1146 254 -1
1105: 837 2302 26 3435 -1
1106: 203 2034 -1
1107: 203 79 1065 1400 -1
1108: 26 -1
1109: 203 1959 3647 907 2299 4 1138 -1
1110: 89 2298 7 26 3059 1065 826 0 2 1435 -1
1111: 7 1381 3137 -1
1112: 26 1290 3091 -1
1113: 1381 -1
1114: 203 2 -1
1115: 66 907 718 1032 3335 41 12 3 26 610 57 17 1448 44 1428 2810 822 2033 1288 3300 1467 2557 879 3458 0 -1
1116: 26 -1
1117: 1446 2302 12 1369 2034 17 71 -1
1118: 203 -1
1119: 203 15 1448 -1
1120: 203 454 159 3 2 150 48 1864 -1
1121: 203 3993 1369 -1
1122: 7 101 -1
1123: -1
1124: -1
1125: -1
1126: -1
1127: -1
1128: -1
1129: -1
1130: -1
1131: 27 -1
1132: -1
1133: -1
1134: -1
1135: -1
1136: 3248 -1
1137: -1
1138: 3925 -1
1139: -1
1140: -1
1141: -1
1142: -1
1143: -1
1144: -1
1145: -1
1146: -1
1147: -1
1148: -1
1149: -1
1150: -1
1151: -1
1152: 3452 -1
1153: -1
1154: -1
1155: -1
1156: -1
1157: 27 488 2293 2152 -1
1158: 3721 2810 506 -1
1159: 186 2821 1143 2810 1158 1577 2819 3024 3287 -1
1160: -1
1161: -1
1162: -1
1163: -1
1164: -1
1165: -1
1166: -1
1167: 27 45 -1
1168: 1554 1555 1556 -1
1169: 1138 27 -1
1170: 27 2428 3705 3706 515 56 -1
1171: 2823 1432 27 3020 258 -1
1172: 826 3247 3249 27 819 -1
1173: 2195 27 1157 -1
1174: 4045 2306 27 -1
1175: 2426 27 -1
1176: 3705 2232 3732 1146 531 2444 2449 7 81 27 3702 99 2445 -1
1177: 27 2428 531 3732 3902 2447 -1
1178: 2814 1138 2811 0 1159 2 2822 3706 56 8 1157 1130 3256 -1
1179: 78 2302 1375 113 112 1395 2530 150 3373 2428 2034 1512 1125 27 81 258 -1
1180: 2195 1142 60 2091 2456 147 27 1170 -1
1181: 8 27 1125 -1
1182: 27 -1
1183: 3736 27 2195 2819 56 8 7 2428 3732 3706 2821 626 -1
1184: -1
1185: 1184 -1
1186: -1
1187: -1
1188: -1
1189: -1
1190: 28 2090 4202 -1
1191: 203 28 -1
1192: 203 28 -1
1193: 203 28 109 453 -1
1194: 1184 28 822 829 -1
1195: 28 3087 -1
1196: 203 28 1199 2346 -1
1197: 1377 28 7 -1
1198: 1184 -1
1199: 4121 -1
1200: 28 2302 1578 -1
1201: 28 1467 -1
1202: 28 7 1368 1184 -1
1203: 28 -1
1204: 4121 -1
1205: 203 28 453 -1
1206: 203 4045 28 -1
1207: 203 3056 28 1199 -1
1208: 203 831 3056 65 28 -1
1209: 28 1447 -1
1210: 1097 829 28 1199 1007 3719 1467 -1
1211: 203 28 454 1391 -1
1212: 203 1099 28 -1
1213: 1554 1555 1556 -1
1214: -1
1215: 1184 -1
1216: 28 2090 -1
1217: 25 907 2843 7 1377 3 3101 2 1447 -1
1218: 1219 -1
1219: 1302 -1
1220: 29 9 -1
1221: 29 4194 825 -1
1222: 29 -1
1223: 82 29 9 -1
1224: 4195 29 9 825 -1
1225: 42 5 -1
1226: 29 -1
1227: 29 -1
1228: 29 -1
1229: 29 -1
1230: 29 9 -1
1231: 42 6 29 9 34 49 21 -1
1232: 29 -1
1233: 29 -1
1234: 29 -1
1235: 29 9 -1
1236: 29 9 -1
1237: 29 -1
1238: 29 -1
1239: 29 -1
1240: 9 21 29 -1
1241: 29 -1
1242: 90 42 6 82 29 9 34 21 120 -1
1243: 29 9 -1
1244: 29 -1
1245: 29 9 -1
1246: 973 42 6 29 9 5 34 49 21 3647 -1
1247: 29 9 -1
1248: 29 9 -1
1249: 6 29 21 -1
1250: 29 -1
1251: 29 -1
1252: 29 -1
1253: 29 9 21 -1
1254: 29 9 -1
1255: 29 9 -1
1256: 29 -1
1257: 29 -1
1258: 29 -1
1259: 29 -1
1260: 30 3788 -1
1261: 2033 30 2034 81 2823 -1
1262: 30 907 3719 2033 3059 -1
1263: 30 0 837 -1
1264: 3338 2469 3059 2481 -1
1265: 203 30 -1
1266: 3788 30 3797 -1
1267: 908 1870 1470 907 4267 3788 30 39 -1
1268: 30 3797 3788 1266 -1
1269: -1
1270: -1
1271: 3338 2469 3059 2481 3788 30 1972 -1
1272: 337 149 30 826 22 -1
1273: 1146 1551 1442 0 2810 30 170 2302 -1
1274: 30 907 3719 2033 -1
1275: 822 1467 1135 829 3059 30 731 7 830 -1
1276: 2484 30 829 1870 1858 3977 -1
1277: 1870 1268 30 -1
1278: 30 -1
1279: 30 -1
1280: 1436 907 12 1369 3 2302 829 2469 30 3788 822 -1
1281: 822 30 -1
1282: -1
1283: 3719 3788 30 4308 2309 507 506 3720 3990 504 907 48 3721 1632 39 721 1658 1654 1649 1645 1870 -1
1284: 30 3788 -1
1285: 3788 30 1283 -1
1286: 2302 30 -1
1287: 30 -1
1288: -1
1289: 30 1133 1135 2306 -1
1290: 822 721 2923 30 48 1642 3 1435 77 16 3993 2300 903 12 1860 280 1431 906 4000 170 1447 1356 1445 2813 87 2992 4019 -1
1291: 3977 7 3 2302 1463 30 2469 -1
1292: 30 -1
1293: 2798 -1
1294: 907 1392 3788 30 -1
1295: 30 -1
1296: 819 -1
1297: 0 1283 2302 1285 1269 30 2033 3788 3797 3970 -1
1298: 30 20 7 -1
1299: 1389 -1
1300: -1
1301: -1
1302: -1
1303: 32 1138 -1
1304: 3907 32 3489 550 256 2605 2975 3488 549 -1
1305: 3924 32 -1
1306: 32 2647 1680 -1
1307: 32 2667 -1
1308: 32 2667 -1
1309: 3908 2769 32 9 -1
1310: 32 6 -1
1311: 2288 3926 169 32 -1
1312: 32 9 70 587 1314 -1
1313: 42 32 1372 9 -1
1314: 70 9 32 587 -1
1315: 4046 2620 9 550 -1
1316: 32 -1
1317: 32 -1
1318: 2620 32 4046 9 257 -1
1319: 10 32 9 -1
1320: 3907 32 1184 -1
1321: 32 547 140 63 3694 -1
1322: 307 255 32 -1
1323: 32 -1
1324: 32 -1
1325: 255 2975 32 -1
1326: 32 9 -1
1327: 32 -1
1328: 128 32 -1
1329: 32 9 2114 3647 536 -1
1330: 32 -1
1331: 4046 32 9 -1
1332: 4046 42 32 6 9 2667 -1
1333: 254 823 3801 3489 3636 3802 7 2748 3637 22 3647 1099 626 536 3037 5 73 32 9 2091 4017 2092 4045 3 2 2090 3338 665 -1
1334: 10 29 25 32 48 85 53 64 3435 -1
1335: 9 32 1375 -1
1336: 32 -1
1337: 4046 32 2768 -1
1338: 32 9 3 255 -1
1339: 4046 42 73 32 6 82 9 5 70 2769 34 822 43 102 131 2667 2794 -1
1340: 3907 32 1008 2575 -1
1341: 2859 2872 7 2667 2635 668 489 1031 549 1029 50 1927 255 3 2 327 539 13 9 32 3926 2610 666 2568 378 3338 -1
1342: 25 32 -1
1343: 32 9 140 3800 -1
1344: 9 32 40 127 -1
1345: 3908 32 9 2667 -1
1346: 4194 3647 2114 32 2116 -1
1347: 819 32 2114 3647 536 -1
1348: 40 10 3 255 540 539 1029 50 1031 32 9 -1
1349: 32 -1
1350: 255 2907 2350 1321 547 32 70 3924 9 2578 3923 307 3936 127 1138 121 145 3505 2698 140 3800 -1
1351: 32 9 -1
1352: 2297 346 327 541 3 2 1053 2610 3825 2819 1138 2810 50 13 337 4041 1301 9 32 2667 4195 626 3338 550 3489 -1
1353: 4046 32 6 82 9 102 -1
1354: 32 -1
1355: -1
1356: -1
1357: -1
1358: -1
1359: -1
1360: -1
1361: 3376 -1
1362: -1
1363: 3546 -1
1364: 1462 1431 2810 -1
1365: -1
1366: -1
1367: -1
1368: -1
1369: 285 -1
1370: 1388 -1
1371: -1
1372: -1
1373: 4317 -1
1374: -1
1375: -1
1376: 203 -1
1377: 1369 -1
1378: -1
1379: -1
1380: -1
1381: 1065 1097 1098 1099 1100 -1
1382: -1
1383: -1
1384: 78 -1
1385: -1
1386: -1
1387: -1
1388: -1
1389: -1
1390: -1
1391: -1
1392: 907 908 -1
1393: -1
1394: -1
1395: -1
1396: 1135 -1
1397: -1
1398: 203 1065 -1
1399: 1462 1138 2820 1423 2812 -1
1400: -1
1401: -1
1402: -1
1403: -1
1404: 203 -1
1405: 203 -1
1406: 203 95 4045 22 4013 77 2034 454 2 1065 1740 2823 -1
1407: -1
1408: 2302 1135 819 -1
1409: 2243 -1
1410: -1
1411: -1
1412: -1
1413: 3773 -1
1414: -1
1415: -1
1416: -1
1417: -1
1418: -1
1419: 455 -1
1420: -1
1421: 547 255 1680 2 2303 -1
1422: -1
1423: 1100 -1
1424: -1
1425: -1
1426: -1
1427: -1
1428: -1
1429: 203 -1
1430: 1099 -1
1431: 1138 1462 -1
1432: -1
1433: -1
1434: -1
1435: -1
1436: -1
1437: 7 -1
1438: -1
1439: -1
1440: -1
1441: -1
1442: -1
1443: 1645 7 457 2034 4026 -1
1444: -1
1445: -1
1446: -1
1447: -1
1448: 1377 45 1422 2558 593 3745 1445 2450 1441 3287 -1
1449: -1
1450: 203 -1
1451: -1
1452: -1
1453: -1
1454: -1
1455: -1
1456: 454 -1
1457: -1
1458: -1
1459: 3546 -1
1460: -1
1461: -1
1462: -1
1463: -1
1464: 829 33 7 0 822 1283 1959 731 -1
1465: 33 907 -1
1466: 2899 329 149 33 7 22 1470 1010 1471 378 -1
1467: 4313 829 2469 4084 -1
1468: 33 -1
1469: 4130 2979 3966 1146 3103 2806 33 920 429 3387 3959 646 3399 3719 931 2189 1298 -1
1470: -1
1471: 0 953 954 7 455 3039 203 666 3694 -1
1472: 0 3338 1467 33 829 1099 1032 7 718 -1
1473: -1
1474: 34 -1
1475: -1
1476: 42 34 95 4013 1374 4014 -1
1477: 42 4008 9 1372 1375 34 43 1493 -1
1478: 416 1301 42 6 82 9 3647 1372 2761 70 2769 3648 825 -1
1479: 488 3489 22 3802 7 5 34 2092 -1
1480: 49 -1
1481: 825 -1
1482: 49 21 -1
1483: 6 5 825 -1
1484: 1097 536 3647 42 3037 73 6 9 5 34 100 43 626 2761 -1
1485: 42 73 587 1372 5 70 100 2092 95 966 1473 1375 4017 2091 -1
1486: 42 5 34 78 -1
1487: 92 -1
1488: 1473 -1
1489: 2115 973 101 3647 42 1473 114 6 9 1372 2761 5 34 49 21 1023 -1
1490: 34 -1
1491: 5 34 4045 -1
1492: 825 42 -1
1493: 1372 42 9 1375 43 34 4008 -1
1494: 42 6 1219 9 70 34 -1
1495: 1406 1283 1405 10 3 2 7 159 12 5 1135 3059 115 34 2041 4045 3338 2034 965 1740 1447 4131 -1
1496: 42 6 29 9 34 49 21 -1
1497: 6 42 5 1302 -1
1498: 42 34 -1
1499: 42 5 34 2761 -1
1500: 34 2633 -1
1501: 49 23 1734 973 -1
1502: 42 1372 5 34 -1
1503: 4046 42 34 23 21 2667 2118 -1
1504: 6 82 -1
1505: 42 9 23 43 34 3648 -1
1506: 4041 42 5 78 34 -1
1507: 203 4126 1435 -1
1508: 1435 -1
1509: 2195 531 825 1435 3728 2428 -1
1510: 916 822 1435 3458 -1
1511: 1435 1517 -1
1512: 26 1435 -1
1513: 1435 -1
1514: 1551 2318 48 1864 907 731 1435 1470 4 1010 -1
1515: 2033 7 2302 2 3 255 4111 4117 1369 1435 -1
1516: 1372 1435 1396 1381 1408 3338 488 1030 -1
1517: 203 1435 1443 1461 4000 -1
1518: 1435 1521 -1
1519: 1435 -1
1520: 1138 1435 1530 -1
1521: -1
1522: 3265 3338 4037 2923 2907 1372 429 205 453 1146 1435 4111 907 7 1010 2033 829 -1
1523: 1435 1517 1511 -1
1524: 1435 -1
1525: 7 1435 -1
1526: 3788 907 826 2071 2035 822 823 22 7 3489 2748 2302 3 1423 488 1031 3338 4111 0 10 2 17 2090 1435 2810 1463 -1
1527: 1435 1530 -1
1528: 203 17 2823 1431 1435 -1
1529: 826 1435 -1
1530: -1
1531: 1521 -1
1532: 2195 531 7 825 1435 826 2428 -1
1533: 1391 1435 -1
1534: 203 1435 -1
1535: 1435 -1
1536: 95 4022 158 4013 3245 907 16 1417 39 1435 5 4126 10 4133 1377 159 2 87 1391 4129 2034 1374 4132 17 1431 1432 4136 4138 799 -1
1537: 907 1463 1135 3682 65 77 2302 1138 35 7 3 2 85 1804 2090 829 488 -1
1538: 35 -1
1539: 35 -1
1540: 35 -1
1541: 1551 2 35 14 7 1611 -1
1542: 1463 1446 35 -1
1543: 2557 3338 1551 731 35 -1
1544: 35 -1
1545: 35 -1
1546: 35 -1
1547: 1413 726 722 907 35 1423 -1
1548: 35 -1
1549: 617 12 38 35 -1
1550: 68 35 2274 2258 -1
1551: -1
1552: 1551 1413 2302 35 -1
1553: 15 1404 47 37 11 141 1369 77 1371 35 112 1446 1841 1591 -1
1554: 2200 -1
1555: -1
1556: -1
1557: 36 -1
1558: 36 -1
1559: 255 256 257 258 -1
1560: 819 820 821 822 823 824 825 826 827 828 829 830 831 832 833 834 835 836 837 838 33 839 840 -1
1561: 347 348 349 350 351 352 353 354 355 356 357 358 359 360 361 362 363 364 -1
1562: 285 2907 2908 2909 2910 2911 2912 2913 2914 2915 2916 2917 2918 2919 2920 2921 2922 2923 2924 2925 2926 2927 2928 2929 -1
1563: 451 143 452 453 454 455 -1
1564: 626 627 -1
1565: 255 256 257 258 -1
1566: 1065 1066 1067 1068 1069 1070 1071 1072 1073 1074 1075 1076 1077 1078 1079 1080 1081 1082 1083 1084 1085 1086 1087 1088 1089 1090 1091 1092 1093 1094 1095 1096 1097 1098 1099 1100 -1
1567: 769 770 771 772 773 774 775 776 -1
1568: 819 820 821 822 823 824 825 826 827 828 829 830 831 832 833 834 835 836 837 838 33 839 840 -1
1569: 593 -1
1570: 2798 -1
1571: 170 -1
1572: -1
1573: -1
1574: -1
1575: -1
1576: -1
1577: -1
1578: -1
1579: -1
1580: 1578 -1
1581: 1578 -1
1582: 1578 -1
1583: 1578 -1
1584: 1577 37 -1
1585: 37 -1
1586: 37 1577 -1
1587: 1577 37 -1
1588: 2810 37 -1
1589: 37 1581 837 1577 1184 2116 -1
1590: 37 -1
1591: 1578 -1
1592: 1578 -1
1593: 1578 -1
1594: 37 -1
1595: 1577 37 -1
1596: 1577 37 -1
1597: 37 -1
1598: 1610 1577 37 -1
1599: 1554 1555 1556 1572 1573 1574 1575 1576 -1
1600: 1577 37 -1
1601: 37 1577 1590 -1
1602: 1578 -1
1603: 1578 -1
1604: 37 1577 -1
1605: 1577 1610 37 1590 -1
1606: 1387 37 1551 1146 147 -1
1607: 37 1577 -1
1608: 1610 37 1577 -1
1609: 37 1577 822 1578 -1
1610: 1577 1578 -1
1611: 1581 1577 37 1613 1582 -1
1612: 1578 1184 37 -1
1613: 37 -1
1614: 37 1577 -1
1615: -1
1616: 203 1369 2 38 4019 -1
1617: 38 -1
1618: 38 3059 -1
1619: 347 349 350 351 352 353 354 355 356 357 358 360 361 362 363 364 -1
1620: 907 3338 605 4084 1551 4037 2033 1470 3059 3 1615 38 1471 622 2300 1273 1138 2761 -1
1621: 38 1470 1032 823 -1
1622: 38 -1
1623: 907 731 2302 1382 38 594 0 1420 2810 -1
1624: 156 26 15 1420 618 -1
1625: 7 3 12 38 -1
1626: 3016 38 822 17 -1
1627: 203 38 965 1467 3059 -1
1628: 819 45 12 3338 38 3452 -1
1629: 4041 826 1470 50 2131 2728 25 13 2302 3 7 2 2985 1031 829 1467 909 1030 3338 626 4108 378 260 1365 0 808 886 33 3101 36 4188 1415 4267 4268 255 258 610 454 24 16 769 770 796 809 813 785 1456 147 270 783 68 143 14 712 709 593 38 887 3788 3037 1383 455 4157 1146 254 3977 2318 -1
1630: 38 3998 2318 -1
1631: 203 38 1413 -1
1632: -1
1633: -1
1634: 1643 39 -1
1635: 39 -1
1636: 826 907 39 837 -1
1637: 507 506 1649 907 39 1133 822 829 4023 4025 -1
1638: 39 -1
1639: 39 -1
1640: 347 1804 39 165 167 -1
1641: 3720 3990 1649 1653 1654 1645 3721 504 2334 1658 1632 1633 507 -1
1642: 1380 39 1432 -1
1643: 4041 39 1654 1649 -1
1644: -1
1645: -1
1646: 39 -1
1647: 1804 39 165 167 1660 -1
1648: 39 -1
1649: -1
1650: 1642 507 3720 3990 3721 504 1657 39 1649 -1
1651: 39 -1
1652: 1657 1644 1658 1632 1654 1653 1649 1633 1645 39 -1
1653: -1
1654: -1
1655: 39 -1
1656: 7 39 -1
1657: -1
1658: -1
1659: 907 39 -1
1660: 39 1804 167 165 -1
1661: 4221 39 907 4213 1654 3435 167 -1
1662: -1
1663: -1
1664: -1
1665: -1
1666: -1
1667: 3908 2667 2727 40 13 -1
1668: -1
1669: 40 -1
1670: 40 4056 -1
1671: 40 54 -1
1672: 40 -1
1673: 40 536 54 2115 2358 2346 50 10 2293 -1
1674: 40 -1
1675: 1680 40 547 54 2146 2350 4061 4056 2346 -1
1676: 40 -1
1677: 40 -1
1678: 40 -1
1679: 1663 1680 1664 40 536 -1
1680: 1662 3 -1
1681: 40 1663 1680 547 -1
1682: 40 -1
1683: 2345 2815 2362 547 40 3 2 1053 2610 3825 2819 50 13 -1
1684: 40 54 -1
1685: 40 54 10 3 -1
1686: 40 -1
1687: 40 -1
1688: 40 -1
1689: 40 -1
1690: -1
1691: 40 54 4055 63 3694 -1
1692: 40 -1
1693: 40 -1
1694: 40 2698 -1
1695: 40 -1
1696: 4097 -1
1697: -1
1698: 4097 -1
1699: -1
1700: 6 29 78 70 34 49 825 -1
1701: 3802 42 626 -1
1702: 4045 6 5 3037 2091 42 7 3694 -1
1703: 2085 2086 102 42 -1
1704: 1473 -1
1705: 825 42 6 9 5 947 -1
1706: 42 -1
1707: 42 5 -1
1708: 1473 -1
1709: 2091 42 2092 3647 4045 -1
1710: 825 42 -1
1711: 42 5 -1
1712: 203 42 1740 826 -1
1713: 1473 -1
1714: 7 42 -1
1715: 42 2302 1013 5 7 2033 -1
1716: 42 -1
1717: 42 -1
1718: 42 -1
1719: 42 -1
1720: 1473 -1
1721: 6 -1
1722: 42 -1
1723: 42 -1
1724: 42 5 -1
1725: 42 -1
1726: 3773 1100 -1
1727: 1162 -1
1728: 907 -1
1729: 3964 -1
1730: -1
1731: 4317 -1
1732: 3908 -1
1733: 4317 -1
1734: -1
1735: -1
1736: 42 73 6 43 -1
1737: 2761 4195 45 398 3338 1735 43 973 127 2114 1010 131 2115 536 6 4 98 2043 1029 3497 488 1146 2090 2071 1447 1400 1030 4017 547 907 4301 2298 12 2745 83 3 2034 255 52 2 1032 3489 2576 3908 2600 1031 4201 2075 1426 2606 1460 1432 337 456 626 906 2975 2040 3954 3802 3801 822 1642 1621 2035 3773 819 3435 825 4312 1008 821 2428 1582 3723 3728 3744 259 1470 965 4108 1870 4097 1413 2107 593 1815 829 3237 2167 3131 -1
1738: 3037 5 43 73 9 100 4021 -1
1739: 43 -1
1740: 3037 1372 5 43 73 9 100 4021 -1
1741: 428 42 100 43 1735 -1
1742: 21 43 -1
1743: 3647 9 4195 23 43 102 -1
1744: 3037 5 43 1735 73 100 4021 416 -1
1745: 23 43 102 -1
1746: 1735 43 973 127 2114 1010 131 2115 536 4195 6 -1
1747: 73 42 9 3037 5 100 4021 43 822 -1
1748: 414 42 100 43 1735 -1
1749: 1301 4041 4039 4040 1470 1870 30 771 3546 131 1221 43 825 4008 3647 536 4195 4194 2761 2114 2115 -1
1750: 44 -1
1751: -1
1752: -1
1753: -1
1754: 44 -1
1755: 1762 44 -1
1756: 504 3719 44 -1
1757: 3287 44 4317 -1
1758: 44 -1
1759: 44 -1
1760: 44 1750 -1
1761: 44 -1
1762: -1
1763: 45 44 3773 -1
1764: 44 -1
1765: 3435 44 -1
1766: 44 3773 -1
1767: 44 1408 -1
1768: 44 -1
1769: 44 -1
1770: 1 7 44 2302 -1
1771: 1858 44 -1
1772: 44 -1
1773: 44 1762 -1
1774: 44 -1
1775: 44 -1
1776: 1762 44 -1
1777: 45 -1
1778: 837 45 1184 -1
1779: 45 7 -1
1780: 45 -1
1781: 837 45 1448 1275 0 3452 -1
1782: 3338 2090 3719 907 45 822 1184 0 2318 -1
1783: 45 -1
1784: 45 3832 3715 821 -1
1785: 203 45 -1
1786: 2198 -1
1787: 45 -1
1788: 45 -1
1789: 45 -1
1790: 45 -1
1791: 4317 -1
1792: 45 2457 -1
1793: 45 64 -1
1794: 4312 1959 3435 488 823 829 7 45 3 2 4 16 2469 1099 1413 453 4084 2908 1146 3832 17 822 1138 1442 203 1189 4178 1184 3137 3452 -1
1795: 45 -1
1796: 45 2810 3977 -1
1797: 45 -1
1798: 45 1146 56 825 3728 3435 1138 -1
1799: 45 -1
1800: 203 45 -1
1801: 203 16 45 2469 -1
1802: 45 -1
1803: 1412 823 3 45 907 2450 16 2 718 626 -1
1804: -1
1805: 3715 2195 821 -1
1806: 2115 626 -1
1807: 1099 -1
1808: 2852 822 4084 3802 3773 488 829 0 1463 2090 2091 3 2302 718 7 -1
1809: 626 46 1467 3682 133 2033 2302 837 -1
1810: 822 453 3954 1982 22 2302 7 3489 823 826 3338 626 4084 46 3832 1030 2092 1133 -1
1811: 7 -1
1812: 3715 821 -1
1813: 203 2302 2300 7 2 -1
1814: 3832 821 -1
1815: -1
1816: 626 4121 46 13 -1
1817: 46 718 -1
1818: 907 7 46 -1
1819: 3059 3977 0 1551 826 -1
1820: 7 837 -1
1821: 0 1551 1467 2302 626 -1
1822: 2033 907 46 3909 -1
1823: 71 12 1369 2302 2034 -1
1824: 3338 2302 1184 -1
1825: 0 1551 1467 2302 626 -1
1826: 829 822 3 7 12 2 1432 3489 -1
1827: 1551 2302 7 -1
1828: 822 1467 0 829 1032 -1
1829: 822 1429 837 1273 2302 7 2992 1184 -1
1830: 3954 3489 908 7 771 1184 22 2091 2092 4045 4017 4018 4021 626 2302 -1
1831: 4063 4073 2586 626 -1
1832: 3338 2116 -1
1833: 0 7 22 -1
1834: 626 -1
1835: 1030 46 626 4121 3832 665 -1
1836: -1
1837: -1
1838: 203 1579 1441 47 -1
1839: 45 47 1433 0 -1
1840: 47 -1
1841: 47 -1
1842: 3287 -1
1843: -1
1844: 3292 -1
1845: 203 4177 47 2985 -1
1846: 47 -1
1847: 86 1389 3458 829 47 64 0 1467 2302 626 -1
1848: 203 1579 -1
1849: 3291 -1
1850: 3291 -1
1851: 2302 1 17 47 2810 2035 -1
1852: 822 47 -1
1853: 47 -1
1854: 47 4313 3435 3085 -1
1855: -1
1856: 203 47 599 -1
1857: 3059 47 1860 -1
1858: 3287 41 1843 1837 1836 1855 1860 4312 2559 0 47 829 -1
1859: 1420 1457 907 3059 0 186 47 -1
1860: -1
1861: 203 4177 47 -1
1862: 3287 1389 47 3719 1 3059 3292 30 1422 -1
1863: 48 1897 -1
1864: 48 -1
1865: 48 -1
1866: 78 45 48 -1
1867: 1870 48 -1
1868: 48 -1
1869: 48 45 821 -1
1870: 3788 48 1395 -1
1871: 203 48 -1
1872: 203 48 4017 4018 1391 -1
1873: 48 -1
1874: 48 2 170 -1
1875: 48 -1
1876: 48 -1
1877: 48 -1
1878: 48 -1
1879: 48 -1
1880: 17 907 2442 3711 1445 112 1408 170 60 8 48 1413 -1
1881: 48 -1
1882: 1554 1555 1556 -1
1883: 3338 822 48 -1
1884: 48 -1
1885: 78 45 48 -1
1886: 2195 48 1864 -1
1887: 203 837 48 1579 1441 -1
1888: 48 -1
1889: 3040 48 -1
1890: 3773 48 -1
1891: 3040 2195 837 821 48 -1
1892: 3788 48 -1
1893: 48 -1
1894: 203 4 48 2433 -1
1895: 203 48 -1
1896: 48 3744 -1
1897: 48 -1
1898: -1
1899: 21 -1
1900: 49 -1
1901: 6 5 49 -1
1902: 1740 1184 3907 -1
1903: 49 -1
1904: 6 29 21 -1
1905: 49 536 -1
1906: 114 -1
1907: 1097 42 6 29 9 5 1734 2092 3648 -1
1908: 6 29 70 34 49 -1
1909: 6 49 -1
1910: 49 -1
1911: 49 -1
1912: 92 49 771 -1
1913: 114 6 29 5 49 23 825 -1
1914: 49 -1
1915: 42 6 29 9 5 49 21 -1
1916: 90 6 29 82 9 49 120 -1
1917: 21 -1
1918: 6 49 -1
1919: 49 -1
1920: 2681 50 -1
1921: 50 -1
1922: 668 2635 50 2681 2116 2667 3907 3908 -1
1923: 325 7 1030 1031 50 549 1454 2813 1369 2107 255 2907 3977 2909 1146 627 2810 -1
1924: 50 -1
1925: 50 2681 2671 -1
1926: 50 2681 -1
1927: -1
1928: 1029 50 -1
1929: 63 50 -1
1930: 50 -1
1931: 50 2681 626 2716 -1
1932: 542 3037 152 664 3907 4073 2584 50 547 686 -1
1933: 50 -1
1934: 50 -1
1935: 1554 1555 1556 -1
1936: 255 50 -1
1937: 50 -1
1938: 1030 666 50 3907 -1
1939: 50 -1
1940: 3 50 -1
1941: 50 -1
1942: 2676 2296 50 -1
1943: 378 50 3788 3 2686 4108 1339 1740 3338 0 2810 2293 2605 3907 3647 536 2761 4194 -1
1944: 3547 1031 998 4045 2114 1029 50 -1
1945: 50 -1
1946: 1184 1010 3338 0 812 7 22 50 2033 907 65 822 453 3056 3059 -1
1947: 2681 50 -1
1948: 2116 4045 50 78 626 1023 4202 -1
1949: 2296 50 -1
1950: 63 -1
1951: 50 -1
1952: 50 -1
1953: 50 -1
1954: 2346 2587 50 1031 2345 3 667 -1
1955: 50 -1
1956: 50 -1
1957: 1029 50 -1
1958: 2621 2708 2358 50 63 547 2635 666 2648 2658 1165 -1
1959: -1
1960: 0 822 65 2298 7 1425 -1
1961: 1927 260 2734 51 1977 63 65 1099 4084 3350 626 1030 1804 -1
1962: 4121 -1
1963: 203 4121 1438 65 -1
1964: 2 3338 0 1372 -1
1965: 65 2298 7 3059 1065 1425 0 822 -1
1966: 1357 1804 3682 2810 -1
1967: 626 115 1979 65 1065 1099 -1
1968: 1412 14 -1
1969: 626 1030 -1
1970: 3801 1414 4283 1396 -1
1971: 51 -1
1972: 1357 1979 79 -1
1973: 51 907 -1
1974: 65 536 3422 1065 947 1438 -1
1975: 65 -1
1976: 1357 2991 79 1972 -1
1977: 2991 79 1357 1972 -1
1978: 3694 51 1654 3720 -1
1979: -1
1980: 203 4121 -1
1981: 3338 -1
1982: 2033 -1
1983: 52 -1
1984: 52 -1
1985: 4045 5 2092 52 4111 -1
1986: 2035 52 131 1740 1184 2748 69 1010 4195 -1
1987: 397 52 -1
1988: 2035 52 -1
1989: 6 7 2035 52 -1
1990: 52 4039 2092 -1
1991: 52 2012 -1
1992: 52 7 -1
1993: 2092 2091 3802 3801 2748 52 -1
1994: 7 6 2035 52 -1
1995: 52 -1
1996: 2029 2032 2033 2034 1443 2890 2092 2093 2091 52 4 1135 3 7 2 5 22 2090 -1
1997: 52 2041 3802 7 -1
1998: 1010 488 2035 2092 4045 69 3801 3802 2748 2030 52 -1
1999: 3801 3802 2748 823 22 1008 7 3800 822 3907 2091 2092 52 -1
2000: 1740 1470 4041 4044 3647 1010 1184 2035 52 549 -1
2001: 5 7 52 -1
2002: 2035 52 -1
2003: 2092 52 -1
2004: 52 2035 255 1994 -1
2005: 52 -1
2006: 2035 4041 5 52 7 3338 2114 3647 973 2761 2116 -1
2007: 1740 7 1184 52 5 -1
2008: 4045 2035 52 5 3694 -1
2009: 52 -1
2010: 52 -1
2011: 2035 52 5 2092 -1
2012: 2051 1990 5 52 -1
2013: 52 -1
2014: 52 -1
2015: 2034 5 52 -1
2016: 69 4041 4013 3657 131 2748 4195 2035 1740 52 1184 -1
2017: -1
2018: 1551 731 -1
2019: 239 1146 -1
2020: 831 -1
2021: 1389 -1
2022: 2741 2742 155 2739 2737 2246 2278 2258 2283 41 718 1381 31 -1
2023: 3435 837 335 -1
2024: 147 68 718 7 594 1 3689 41 -1
2025: 1551 731 1456 2302 62 -1
2026: 722 -1
2027: 2558 155 1 -1
2028: 3169 3170 3171 3172 3173 3180 3181 3184 3185 3186 3187 -1
2029: -1
2030: 2035 4045 2091 2092 3694 -1
2031: -1
2032: -1
2033: -1
2034: -1
2035: -1
2036: -1
2037: -1
2038: -1
2039: -1
2040: 4045 -1
2041: -1
2042: -1
2043: 3802 4041 3338 -1
2044: -1
2045: -1
2046: -1
2047: -1
2048: -1
2049: -1
2050: 2056 -1
2051: -1
2052: -1
2053: -1
2054: -1
2055: 4045 4037 2035 -1
2056: -1
2057: 3694 -1
2058: 2116 2035 -1
2059: -1
2060: 53 -1
2061: -1
2062: -1
2063: -1
2064: -1
2065: -1
2066: -1
2067: -1
2068: -1
2069: -1
2070: -1
2071: -1
2072: -1
2073: -1
2074: -1
2075: -1
2076: -1
2077: -1
2078: -1
2079: 2048 2029 -1
2080: 2067 -1
2081: -1
2082: 2092 -1
2083: -1
2084: 1184 -1
2085: -1
2086: -1
2087: -1
2088: -1
2089: -1
2090: -1
2091: -1
2092: 4317 -1
2093: -1
2094: 203 95 4137 53 -1
2095: 7 -1
2096: 2090 95 2092 2091 416 5 2064 2081 2082 2084 2087 2089 2885 771 3636 4195 -1
2097: 4131 53 1031 -1
2098: 95 2029 53 -1
2099: 2090 2091 1010 3338 4109 504 1654 2334 507 53 2092 2318 2819 2033 -1
2100: 2032 53 95 2105 -1
2101: 53 2090 -1
2102: 2091 53 -1
2103: 95 2029 53 -1
2104: 203 4137 95 53 2091 4126 4045 98 124 9 2029 -1
2105: 53 2032 95 -1
2106: 400 2029 10 3 2 25 50 2584 13 7 -1
2107: 1389 594 20 3338 1138 2302 83 22 2823 2034 53 -1
2108: 203 53 -1
2109: 203 95 4137 53 2091 -1
2110: 95 2092 2091 2090 3338 2043 2042 1910 2082 2089 819 4022 2064 -1
2111: 2091 2090 -1
2112: 2035 1010 -1
2113: 33 0 1996 1184 78 907 7 1138 4041 2035 1010 -1
2114: 2115 -1
2115: -1
2116: -1
2117: -1
2118: -1
2119: 54 -1
2120: -1
2121: -1
2122: 54 7 -1
2123: 54 -1
2124: 54 547 -1
2125: 54 -1
2126: -1
2127: 54 -1
2128: 3694 54 1029 13 63 -1
2129: 677 54 255 -1
2130: -1
2131: 13 547 2663 54 63 65 2686 2513 2326 2325 2297 2640 2678 2604 2566 2568 2666 2363 2569 -1
2132: 54 -1
2133: 4062 1940 54 77 543 544 545 546 542 4045 2286 2713 2362 2712 9 2605 2608 2621 2637 2325 2593 2604 2635 2666 2678 2633 50 3951 1063 2584 2613 2629 4111 2695 -1
2134: 54 -1
2135: 40 54 127 -1
2136: 3694 54 1029 13 -1
2137: 40 54 4055 -1
2138: 40 54 -1
2139: 547 54 -1
2140: 1029 40 127 54 1017 -1
2141: 54 -1
2142: 40 54 13 3 2 -1
2143: 2635 54 -1
2144: 40 54 127 -1
2145: 1031 1023 2635 2131 2667 2872 3908 626 4045 489 3 2 13 539 50 2584 54 547 2126 825 666 718 1138 2810 1137 12 7 2809 2637 2640 2326 2610 -1
2146: -1
2147: 40 54 127 2144 -1
2148: 40 2358 -1
2149: 1680 40 547 54 2975 10 -1
2150: 40 -1
2151: -1
2152: -1
2153: 2164 -1
2154: -1
2155: -1
2156: -1
2157: -1
2158: -1
2159: 2192 -1
2160: 55 4015 -1
2161: 2164 -1
2162: 3082 3075 55 2153 -1
2163: 2153 -1
2164: 2153 -1
2165: 3082 55 -1
2166: 55 3082 -1
2167: 3082 2158 3076 -1
2168: 55 -1
2169: 55 -1
2170: 3075 3082 55 -1
2171: 55 -1
2172: 55 -1
2173: 55 -1
2174: 3082 55 3445 117 -1
2175: 4045 55 7 -1
2176: 3 821 3773 55 3723 718 -1
2177: 55 -1
2178: 2750 102 55 2155 84 117 -1
2179: 4015 55 2159 -1
2180: 55 2155 -1
2181: 3075 -1
2182: 55 -1
2183: 837 55 -1
2184: 3082 55 -1
2185: 3445 55 3082 117 -1
2186: 55 837 -1
2187: 55 -1
2188: 2178 2750 102 55 2155 84 117 -1
2189: 3 2 55 -1
2190: 55 -1
2191: 3445 3082 55 117 2174 -1
2192: 3082 55 -1
2193: 837 829 55 825 1579 1184 821 -1
2194: 55 2114 536 -1
2195: -1
2196: 56 45 -1
2197: -1
2198: -1
2199: 2197 819 2198 2200 2201 -1
2200: -1
2201: -1
2202: 56 2197 -1
2203: 3900 3705 3896 2222 56 3884 3248 2438 -1
2204: 1157 56 -1
2205: 2198 819 2197 2200 2201 2202 -1
2206: 2198 819 2197 2200 2201 2202 -1
2207: 2198 819 2197 2200 2201 2202 -1
2208: 2198 819 2197 2200 2201 2202 -1
2209: 3728 56 2428 -1
2210: 56 -1
2211: 2198 819 2197 2200 2201 2202 -1
2212: 820 64 3896 45 3705 2197 819 2198 2200 2201 2202 -1
2213: 2198 819 2197 2200 2201 2202 -1
2214: 2198 819 2197 2200 2201 2202 -1
2215: 3735 3732 56 -1
2216: 56 -1
2217: 2195 3250 4178 56 1172 2429 2455 -1
2218: 2821 56 8 1130 3755 -1
2219: 56 -1
2220: 2198 819 2197 2200 2201 2202 -1
2221: 2198 819 2197 2200 2201 2202 -1
2222: 2198 819 2197 2200 2201 2202 -1
2223: 2198 819 2197 2200 2201 2202 -1
2224: 2198 819 2197 2200 2201 2202 -1
2225: 347 349 350 351 352 353 354 355 356 357 358 360 361 362 363 364 7 3 2302 8 10 14 5 2 66 1 6 49 9 -1
2226: 3896 2195 56 -1
2227: 2198 819 2197 2200 2201 2202 -1
2228: 2198 819 2197 2200 2201 2202 -1
2229: 2196 2206 56 -1
2230: 56 -1
2231: 3703 521 3719 7 1125 56 -1
2232: 2428 3732 3705 1174 56 8 3706 2195 -1
2233: 2198 819 2197 2200 2201 2202 -1
2234: 2198 819 2197 2200 2201 2202 -1
2235: 2198 819 2197 2200 2201 2202 -1
2236: 2198 819 2197 2200 2201 2202 -1
2237: 2197 819 2198 2200 2201 2202 -1
2238: 64 56 -1
2239: 3732 2447 56 3755 -1
2240: 56 3732 -1
2241: 3638 56 -1
2242: 56 -1
2243: -1
2244: 2243 -1
2245: 2243 -1
2246: 2243 -1
2247: 2243 -1
2248: 2243 -1
2249: 2243 -1
2250: 2243 -1
2251: 2243 -1
2252: 2243 -1
2253: 1404 -1
2254: 2243 -1
2255: 2243 -1
2256: 2243 -1
2257: 2243 -1
2258: 2243 -1
2259: 3452 57 -1
2260: 141 57 -1
2261: 2243 -1
2262: 2243 -1
2263: 2243 -1
2264: 2243 -1
2265: 2243 -1
2266: 2243 -1
2267: 2243 -1
2268: 2243 -1
2269: 57 -1
2270: 57 -1
2271: 2243 -1
2272: 2243 -1
2273: 2243 -1
2274: 2243 -1
2275: 2243 -1
2276: 2243 -1
2277: 2243 -1
2278: 2243 -1
2279: 2243 -1
2280: 831 731 57 593 837 -1
2281: 2243 -1
2282: 2243 -1
2283: 2243 -1
2284: 2243 -1
2285: 57 -1
2286: 539 540 541 255 3 542 543 544 545 546 547 548 549 550 551 552 553 554 -1
2287: -1
2288: -1
2289: 2361 -1
2290: -1
2291: 2326 -1
2292: 3546 -1
2293: 128 2286 25 3 2 142 9 3928 4048 2709 1663 307 1008 541 4062 3547 257 4049 4051 255 4053 1157 2622 2625 2644 547 4056 1023 1014 1060 558 2698 2647 64 4057 1033 2290 2663 2682 1018 4061 2975 50 13 1029 -1
2294: -1
2295: -1
2296: -1
2297: -1
2298: 454 -1
2299: -1
2300: -1
2301: -1
2302: 454 -1
2303: -1
2304: 203 4019 1448 1447 1454 170 2302 -1
2305: -1
2306: -1
2307: 626 3338 3339 3340 3341 3342 3343 3344 3350 3351 -1
2308: 626 3338 3339 3340 3341 3342 3343 3344 3350 3351 -1
2309: -1
2310: 626 3338 3339 3340 3341 3342 3343 3344 3350 3351 -1
2311: 626 3338 3339 3340 3341 3342 3343 3344 3350 3351 -1
2312: -1
2313: -1
2314: -1
2315: -1
2316: -1
2317: -1
2318: -1
2319: 258 -1
2320: -1
2321: 626 3338 3339 3340 3341 3342 3343 3344 3350 3351 -1
2322: 626 3338 3339 3340 3341 3342 3343 3344 3350 3351 -1
2323: 626 3338 3339 3340 3341 3342 3343 3344 3350 3351 -1
2324: 626 2116 -1
2325: -1
2326: 627 -1
2327: 626 3338 3339 3340 3341 3342 3343 3344 3350 3351 -1
2328: 626 3338 3339 3340 3341 3342 3343 3344 3350 3351 -1
2329: -1
2330: -1
2331: -1
2332: -1
2333: -1
2334: -1
2335: -1
2336: -1
2337: 258 -1
2338: -1
2339: 258 -1
2340: 626 3338 3339 3340 3341 3342 3343 3344 3350 3351 -1
2341: -1
2342: 626 3338 3339 3340 3341 3342 3343 3344 3350 3351 -1
2343: -1
2344: 626 3338 3339 3340 3341 3342 3343 3344 3350 3351 -1
2345: 3546 -1
2346: -1
2347: -1
2348: -1
2349: -1
2350: 121 169 -1
2351: -1
2352: -1
2353: -1
2354: -1
2355: 626 3338 3339 3340 3341 3342 3343 3344 3350 3351 -1
2356: -1
2357: 2356 -1
2358: -1
2359: -1
2360: 2693 2358 258 -1
2361: -1
2362: -1
2363: -1
2364: -1
2365: 626 3338 3339 3340 3341 3342 3343 3344 3350 3351 -1
2366: -1
2367: 1029 -1
2368: -1
2369: -1
2370: -1
2371: 626 3338 3339 3340 3341 3342 3343 3344 3350 3351 -1
2372: -1
2373: -1
2374: 65 -1
2375: -1
2376: -1
2377: -1
2378: 626 3338 3339 3340 3341 3342 3343 3344 3350 3351 -1
2379: -1
2380: -1
2381: -1
2382: -1
2383: -1
2384: 626 3338 3339 3340 3341 3342 3343 3344 3350 3351 -1
2385: 626 3338 3339 3340 3341 3342 3343 3344 3350 3351 -1
2386: 626 3338 3339 3340 3341 3342 3343 3344 3350 3351 -1
2387: 626 3339 3338 3721 3350 3351 -1
2388: 2620 50 2681 1031 13 -1
2389: 4317 -1
2390: 7 2296 2667 -1
2391: 824 -1
2392: 151 10 2610 2732 64 142 -1
2393: 4317 812 1469 137 4295 2563 -1
2394: 12 83 2033 823 686 -1
2395: 40 63 2605 10 3 1063 25 13 1031 -1
2396: 1026 2359 2362 2124 2708 1029 2802 2361 50 2693 2624 80 67 925 2583 -1
2397: 203 2035 2318 -1
2398: 4317 812 1469 137 4295 2563 -1
2399: 4317 812 1469 137 4295 2563 -1
2400: 203 -1
2401: 203 67 2286 2941 -1
2402: 7 2 2327 2326 -1
2403: 10 3 -1
2404: 3908 2346 64 12 -1
2405: 255 307 3 2621 -1
2406: 903 -1
2407: -1
2408: -1
2409: -1
2410: 59 -1
2411: 59 2414 -1
2412: 59 -1
2413: 1413 3719 504 4153 59 725 3130 17 -1
2414: 59 2 2200 -1
2415: 59 3694 -1
2416: 59 2414 -1
2417: 59 -1
2418: 59 2414 -1
2419: 1554 1555 1556 -1
2420: 59 2414 -1
2421: 59 -1
2422: 59 -1
2423: 59 -1
2424: 4 1642 7 2 3 2302 5 1404 15 22 1405 1715 13 502 1406 12 79 8 34 3385 2156 123 59 20 311 1804 2300 71 137 39 85 25 28 143 2809 48 1032 33 115 718 16 52 56 2298 10 161 93 83 97 6 516 42 9 77 1283 1179 1380 54 1864 1013 133 3705 1382 35 38 126 906 167 2293 131 2728 3679 2071 3706 2091 152 55 148 69 4074 2440 14 2727 89 37 65 1026 1463 88 153 132 125 301 2716 337 2606 1995 50 2462 1058 142 3068 3267 3802 1446 1615 1395 1645 555 2290 2755 17 1461 3745 -1
2425: 1383 59 -1
2426: -1
2427: 3702 -1
2428: -1
2429: -1
2430: -1
2431: -1
2432: -1
2433: 507 907 -1
2434: -1
2435: -1
2436: -1
2437: -1
2438: -1
2439: 2466 -1
2440: -1
2441: -1
2442: -1
2443: -1
2444: 60 2434 -1
2445: 531 3703 27 -1
2446: -1
2447: -1
2448: -1
2449: -1
2450: -1
2451: -1
2452: 3706 -1
2453: -1
2454: -1
2455: 3719 1654 -1
2456: -1
2457: -1
2458: -1
2459: 1146 -1
2460: 4317 -1
2461: 60 -1
2462: -1
2463: 2431 3719 -1
2464: -1
2465: 2466 -1
2466: -1
2467: 3706 3728 -1
2468: 2116 -1
2469: -1
2470: 1387 35 61 916 -1
2471: 837 1387 61 -1
2472: 61 -1
2473: 61 -1
2474: 61 -1
2475: 61 -1
2476: 1282 61 -1
2477: 3689 1387 3059 61 3435 2483 3907 2107 12 4109 3338 1551 147 45 819 1030 2198 -1
2478: 61 -1
2479: 61 1387 0 2450 -1
2480: 1462 1138 1159 -1
2481: -1
2482: 61 -1
2483: 2469 61 -1
2484: -1
2485: 203 62 1448 -1
2486: 203 166 62 1065 -1
2487: 63 -1
2488: 13 3338 2288 63 -1
2489: 63 -1
2490: 63 9 145 3919 3925 -1
2491: 63 -1
2492: 63 -1
2493: 63 3694 -1
2494: 63 3928 3694 -1
2495: 63 -1
2496: 63 -1
2497: 63 -1
2498: 63 -1
2499: -1
2500: -1
2501: -1
2502: 2501 2503 -1
2503: -1
2504: -1
2505: -1
2506: -1
2507: 2504 -1
2508: 1050 3500 121 -1
2509: -1
2510: 64 -1
2511: 2872 64 -1
2512: 64 -1
2513: -1
2514: -1
2515: 64 -1
2516: 78 64 -1
2517: 64 -1
2518: 3338 64 63 -1
2519: 2131 64 3338 -1
2520: 65 -1
2521: 65 -1
2522: 203 115 65 -1
2523: 65 -1
2524: 65 -1
2525: 65 -1
2526: 65 -1
2527: 65 -1
2528: 65 -1
2529: 65 586 -1
2530: 65 -1
2531: 65 -1
2532: 822 719 1815 1467 3089 65 -1
2533: 65 1065 3422 -1
2534: 65 -1
2535: 65 -1
2536: 65 -1
2537: 65 -1
2538: 65 -1
2539: 65 -1
2540: 65 -1
2541: 65 258 -1
2542: 65 -1
2543: 65 -1
2544: 65 -1
2545: 65 -1
2546: 65 -1
2547: 65 258 -1
2548: 65 -1
2549: 65 -1
2550: 65 -1
2551: 65 -1
2552: 65 -1
2553: 4317 -1
2554: 65 -1
2555: 65 -1
2556: 954 65 2296 1979 115 108 -1
2557: -1
2558: -1
2559: -1
2560: 66 3459 -1
2561: 66 -1
2562: 66 1392 110 -1
2563: 3056 66 7 86 1418 3094 3130 4084 1146 826 1470 1471 488 4206 1273 429 1135 3387 -1
2564: 66 -1
2565: 66 110 1392 2562 -1
2566: 2568 -1
2567: -1
2568: -1
2569: 666 13 -1
2570: -1
2571: -1
2572: -1
2573: -1
2574: -1
2575: -1
2576: -1
2577: -1
2578: -1
2579: 665 -1
2580: -1
2581: -1
2582: -1
2583: -1
2584: -1
2585: 1023 -1
2586: 2363 -1
2587: 547 -1
2588: -1
2589: -1
2590: -1
2591: -1
2592: -1
2593: 143 2665 -1
2594: -1
2595: -1
2596: -1
2597: -1
2598: -1
2599: -1
2600: 2603 2607 -1
2601: 2975 2603 3489 966 3 -1
2602: -1
2603: 3694 -1
2604: -1
2605: -1
2606: -1
2607: 2605 2975 2296 1138 3 7 2600 -1
2608: -1
2609: -1
2610: -1
2611: -1
2612: 2681 -1
2613: -1
2614: -1
2615: -1
2616: -1
2617: -1
2618: -1
2619: -1
2620: -1
2621: -1
2622: -1
2623: -1
2624: -1
2625: -1
2626: -1
2627: 2643 2642 2354 -1
2628: 666 2569 -1
2629: 2131 -1
2630: -1
2631: -1
2632: -1
2633: -1
2634: -1
2635: -1
2636: -1
2637: -1
2638: -1
2639: -1
2640: 664 10 -1
2641: 2639 2640 -1
2642: 2639 2640 -1
2643: 627 -1
2644: -1
2645: 3907 1023 -1
2646: -1
2647: -1
2648: 666 2656 -1
2649: 2677 2698 690 -1
2650: 2643 -1
2651: -1
2652: -1
2653: -1
2654: -1
2655: -1
2656: 666 13 -1
2657: -1
2658: -1
2659: -1
2660: -1
2661: 1368 -1
2662: -1
2663: -1
2664: -1
2665: 2670 2296 -1
2666: -1
2667: -1
2668: -1
2669: -1
2670: -1
2671: -1
2672: -1
2673: -1
2674: -1
2675: -1
2676: -1
2677: 3928 3908 -1
2678: 2679 -1
2679: -1
2680: -1
2681: 2288 -1
2682: -1
2683: 2705 -1
2684: 2696 -1
2685: -1
2686: 4049 -1
2687: -1
2688: -1
2689: 2690 -1
2690: -1
2691: 2690 -1
2692: -1
2693: -1
2694: -1
2695: -1
2696: -1
2697: -1
2698: 3907 2576 -1
2699: 3694 -1
2700: -1
2701: -1
2702: -1
2703: -1
2704: -1
2705: -1
2706: -1
2707: -1
2708: 2681 -1
2709: 4073 -1
2710: -1
2711: -1
2712: -1
2713: -1
2714: -1
2715: 203 67 -1
2716: 255 1020 1021 1033 542 4045 543 544 545 547 546 -1
2717: 3 2673 2651 668 666 2712 77 22 83 1406 548 549 550 2118 314 3489 3907 -1
2718: 302 3922 2363 2677 2296 2614 2681 50 67 666 255 10 3 2 -1
2719: 3512 67 -1
2720: 13 50 67 2325 2568 2363 2637 2605 2296 2656 2368 2569 -1
2721: 40 1663 1680 1664 1668 541 2115 54 547 2146 2130 2121 4056 4062 4195 127 2085 1033 3928 2698 1031 2975 2114 3647 -1
2722: 13 50 67 2325 2568 2363 2637 2605 2296 2656 2368 2569 -1
2723: 2872 2667 2859 3908 2610 50 2296 2346 13 67 2368 2326 539 2862 2671 2644 2622 2669 2677 2633 2663 552 489 667 3338 64 -1
2724: 668 50 67 3 667 3907 -1
2725: 667 -1
2726: 3489 -1
2727: 539 13 7 4062 128 2580 255 3 2 543 544 545 4045 547 327 4071 1053 329 2293 4111 25 684 702 311 1058 1368 12 665 -1
2728: 539 13 7 2586 2587 2611 2628 2627 2579 2566 2683 2684 2648 2649 2659 2660 2661 50 1029 2296 4053 1031 2698 2650 2651 667 668 2652 666 1063 2663 2635 -1
2729: 668 50 67 3 667 3907 -1
2730: 2859 63 67 1063 489 3338 2116 -1
2731: 2363 2569 666 67 -1
2732: 4062 128 2663 539 3622 152 3825 50 4050 4049 255 3 547 550 -1
2733: 67 40 -1
2734: 3056 115 50 67 13 3059 3434 1030 826 2296 2656 1031 -1
2735: 2297 67 45 -1
2736: 203 301 2035 151 67 2732 547 25 -1
2737: -1
2738: 3435 68 -1
2739: -1
2740: 1099 -1
2741: -1
2742: -1
2743: 4226 837 593 68 770 -1
2744: 731 1387 2557 68 2302 -1
2745: 2749 3416 2750 -1
2746: 1184 -1
2747: 2749 -1
2748: -1
2749: -1
2750: -1
2751: -1
2752: 154 69 4083 -1
2753: 69 -1
2754: 1184 -1
2755: -1
2756: -1
2757: 822 973 4045 7 1184 69 627 626 -1
2758: 2502 69 -1
2759: 69 -1
2760: 69 2755 -1
2761: 4194 4195 -1
2762: 2761 2763 2764 2765 2766 2767 2768 -1
2763: 4193 4194 4195 -1
2764: 4193 4194 4195 -1
2765: 2771 4195 4194 -1
2766: 2771 4195 4194 -1
2767: 4194 2761 -1
2768: -1
2769: 2761 2765 2767 2768 -1
2770: 2761 -1
2771: 2761 2767 2768 -1
2772: 2761 4196 2767 2768 -1
2773: 73 4046 6 9 102 -1
2774: 4046 -1
2775: 2116 70 -1
2776: 9 145 3925 -1
2777: 70 -1
2778: 70 -1
2779: 2761 2763 2764 2765 2766 2767 2768 -1
2780: 2761 4196 2767 2768 -1
2781: -1
2782: 2761 2767 2768 -1
2783: 2761 4196 2767 2768 -1
2784: 2761 2765 2767 2768 -1
2785: 21 973 5 3637 2114 4195 -1
2786: 3647 9 32 327 2 7 1327 3938 -1
2787: 1898 9 5 3267 70 21 -1
2788: 6 9 3267 -1
2789: 70 -1
2790: 70 -1
2791: 3 10 1031 169 70 2667 2690 -1
2792: 70 -1
2793: 70 -1
2794: 2761 4196 2767 2768 -1
2795: 2761 -1
2796: 2761 4196 2767 2768 -1
2797: 2761 2765 2767 2768 -1
2798: -1
2799: 7 71 -1
2800: 731 3 -1
2801: 71 4084 822 -1
2802: 1031 3059 2843 2346 13 2296 718 94 50 91 3682 2943 4097 1030 826 2668 260 -1
2803: 4 1369 2034 7 12 3 16 17 71 1463 -1
2804: 71 7 -1
2805: 71 16 3059 -1
2806: -1
2807: 2831 -1
2808: -1
2809: 295 1359 1364 111 381 1448 1428 1431 72 2813 81 1462 1444 258 -1
2810: -1
2811: -1
2812: -1
2813: -1
2814: -1
2815: -1
2816: -1
2817: -1
2818: -1
2819: -1
2820: -1
2821: -1
2822: -1
2823: 2814 1462 2811 2818 2820 72 81 -1
2824: 1431 2813 72 1138 2814 -1
2825: 2811 72 -1
2826: 1431 2813 1432 72 1138 2814 -1
2827: 2810 2823 2814 1462 1431 2809 2813 3979 72 1444 2812 1428 4136 2811 -1
2828: 1138 1431 72 1364 2814 2815 2821 2813 2809 -1
2829: 2810 2814 2809 3979 4136 2823 1428 2811 2812 1444 72 2813 1462 1431 2827 -1
2830: 72 -1
2831: -1
2832: 73 9 5 -1
2833: 4045 73 1982 -1
2834: 4017 73 3910 1982 4018 2090 22 3801 2750 2885 1833 3802 5 3800 3337 -1
2835: 908 324 73 3910 -1
2836: 4045 73 -1
2837: 3037 5 73 -1
2838: 73 -1
2839: 73 6 -1
2840: 73 4046 6 5 -1
2841: 203 1396 1372 -1
2842: 837 829 825 -1
2843: -1
2844: 7 829 626 -1
2845: 74 -1
2846: 203 4128 666 -1
2847: 203 2299 3802 1157 666 -1
2848: 3056 1415 1414 2033 4108 3338 63 3 903 1401 1031 1007 -1
2849: 2798 1010 7 907 2033 3832 4121 2318 822 -1
2850: 128 3682 -1
2851: 2557 731 829 7 17 -1
2852: 0 -1
2853: 203 -1
2854: 3056 -1
2855: 203 1396 -1
2856: 2091 22 823 547 25 1364 3489 1740 2033 666 2034 1368 7 2 4017 4018 4019 965 718 2092 429 1030 4045 2090 1444 1462 826 1010 -1
2857: 1467 28 2300 -1
2858: 3694 -1
2859: -1
2860: -1
2861: 2860 -1
2862: 2860 -1
2863: 2859 -1
2864: 2859 -1
2865: 2859 -1
2866: 2859 -1
2867: 2859 -1
2868: 2859 -1
2869: 75 -1
2870: 75 1415 -1
2871: 75 -1
2872: 2859 884 64 2117 75 2635 2733 2146 63 2297 2514 2678 2671 2296 1031 2509 1138 12 -1
2873: 2859 75 3435 -1
2874: 76 -1
2875: 347 -1
2876: 76 -1
2877: 2099 2897 76 -1
2878: 76 -1
2879: 76 -1
2880: 76 -1
2881: 76 129 -1
2882: 76 2897 2099 2877 -1
2883: 76 3338 -1
2884: 76 2090 4041 -1
2885: -1
2886: 2092 2029 76 -1
2887: 76 -1
2888: -1
2889: 76 -1
2890: -1
2891: 76 -1
2892: 76 -1
2893: 76 -1
2894: 76 -1
2895: 76 -1
2896: 76 -1
2897: 76 1100 -1
2898: 76 -1
2899: 2091 76 2029 95 2071 -1
2900: 76 2029 -1
2901: 2888 -1
2902: 2904 76 -1
2903: 2029 76 -1
2904: 2029 76 -1
2905: 2092 2029 76 2069 2048 2901 2084 2081 2064 -1
2906: 76 -1
2907: -1
2908: 1146 2 -1
2909: -1
2910: -1
2911: -1
2912: -1
2913: -1
2914: -1
2915: -1
2916: 1375 255 32 -1
2917: -1
2918: -1
2919: -1
2920: -1
2921: -1
2922: -1
2923: -1
2924: -1
2925: -1
2926: -1
2927: -1
2928: -1
2929: -1
2930: 203 301 9 77 -1
2931: 203 77 1369 2909 3338 907 -1
2932: 203 77 1369 2909 3719 -1
2933: 203 2346 9 77 1369 1375 2 1374 2303 2809 -1
2934: 1456 77 -1
2935: 77 -1
2936: 203 77 1369 2909 3338 -1
2937: 4037 4134 77 -1
2938: 1448 718 1065 1422 1369 -1
2939: 77 -1
2940: 203 9 2041 77 1369 1375 -1
2941: 4 4302 77 5 1372 411 1031 568 3489 3338 -1
2942: 550 98 2941 2293 25 3240 1007 77 1369 2302 7 12 3 2 4 2823 1444 1462 2810 4025 4023 2090 -1
2943: 2941 77 -1
2944: 78 -1
2945: 78 -1
2946: 78 -1
2947: 4017 78 2114 3647 536 4195 1804 456 -1
2948: 78 3338 -1
2949: 78 2033 1184 -1
2950: 78 -1
2951: 78 -1
2952: 78 -1
2953: 3338 0 3037 1030 78 -1
2954: 78 -1
2955: 78 3338 -1
2956: 1138 4028 78 2450 1377 -1
2957: 78 -1
2958: 78 -1
2959: 78 -1
2960: 3059 78 4026 1470 -1
2961: 4009 78 -1
2962: 3907 65 78 2514 3338 626 3832 3647 -1
2963: 2318 78 -1
2964: 2501 4041 3265 1302 2035 1301 488 3338 907 3636 3802 78 -1
2965: 78 -1
2966: 78 -1
2967: 78 -1
2968: 78 2033 2034 22 -1
2969: 78 65 -1
2970: 78 -1
2971: 2975 78 -1
2972: 78 -1
2973: 78 -1
2974: 78 -1
2975: 255 78 -1
2976: 4045 78 -1
2977: 78 -1
2978: -1
2979: -1
2980: 203 79 -1
2981: 203 4017 4018 2363 2992 79 4019 -1
2982: 907 7 2 3723 1804 79 4019 1417 -1
2983: 79 -1
2984: 203 1959 79 1979 148 4000 -1
2985: 65 2693 79 2358 4000 1146 258 -1
2986: 79 7 2 907 1412 -1
2987: 2978 79 4019 906 -1
2988: 2450 1377 14 1138 710 2 3719 907 79 1432 4000 2302 3059 170 1146 -1
2989: 87 1804 1419 1430 4121 1429 79 65 718 3680 311 159 1404 7 925 -1
2990: 203 2992 1362 79 4019 24 3682 4000 -1
2991: 203 89 79 -1
2992: 718 133 79 4000 87 258 -1
2993: 80 -1
2994: 1157 -1
2995: 80 -1
2996: 3647 1184 -1
2997: 2769 2667 3908 123 80 2077 2959 -1
2998: 80 -1
2999: 626 3694 -1
3000: 1184 1030 626 1959 825 4041 3647 4195 2114 -1
3001: 1157 -1
3002: 80 -1
3003: 3004 2994 -1
3004: -1
3005: 819 1030 80 3908 4039 -1
3006: 64 -1
3007: -1
3008: 81 -1
3009: 81 -1
3010: 81 -1
3011: 81 -1
3012: 81 -1
3013: 2819 1462 1431 1355 2809 81 -1
3014: 81 -1
3015: 81 -1
3016: 907 -1
3017: 122 81 -1
3018: 81 -1
3019: 81 1138 -1
3020: 1138 81 -1
3021: 2985 718 -1
3022: 1138 81 -1
3023: 81 -1
3024: 81 -1
3025: 81 3647 -1
3026: 1432 81 3715 1462 -1
3027: 81 -1
3028: 81 -1
3029: 81 -1
3030: 81 -1
3031: 81 -1
3032: 81 -1
3033: 2428 81 -1
3034: 2810 1032 2034 3 718 3682 965 2823 1447 170 3723 -1
3035: 7 81 -1
3036: 3037 -1
3037: 973 1473 -1
3038: 42 6 82 3037 -1
3039: -1
3040: 1891 1133 85 78 -1
3041: 85 -1
3042: 85 -1
3043: 85 3694 -1
3044: 837 819 1282 85 831 -1
3045: 85 1138 -1
3046: 85 -1
3047: 85 -1
3048: 1870 85 3788 -1
3049: 85 -1
3050: 85 3040 -1
3051: 3130 829 3440 2 1434 86 1551 1448 -1
3052: 203 86 45 -1
3053: 203 86 -1
3054: 203 86 -1
3055: 203 86 -1
3056: -1
3057: 2152 86 1389 3458 -1
3058: 3059 86 916 907 -1
3059: -1
3060: 203 -1
3061: 203 3059 4097 86 -1
3062: 0 4190 4179 4188 4181 150 3338 86 104 3689 2107 822 3088 1436 -1
3063: 907 15 512 -1
3064: 3103 822 1189 0 1467 879 1858 86 -1
3065: -1
3066: 454 -1
3067: -1
3068: 454 -1
3069: -1
3070: 3065 -1
3071: 1010 1184 2035 87 2 2819 2318 627 2116 3773 -1
3072: 886 -1
3073: 87 1804 -1
3074: 4015 3445 87 -1
3075: -1
3076: -1
3077: 2156 2153 -1
3078: 2154 2157 3083 2156 88 3081 -1
3079: 88 -1
3080: 3082 -1
3081: 2157 2156 3083 88 2154 -1
3082: -1
3083: -1
3084: 88 -1
3085: -1
3086: 1752 88 117 825 -1
3087: -1
3088: 4121 -1
3089: -1
3090: 203 89 -1
3091: 1065 89 3995 1512 2287 1429 -1
3092: 1065 3103 -1
3093: 4121 -1
3094: 89 1393 -1
3095: 203 1512 1007 89 3788 -1
3096: 203 89 -1
3097: 907 89 1461 -1
3098: 89 907 916 2305 1065 1398 1456 -1
3099: 203 89 -1
3100: 203 -1
3101: 203 454 159 2 150 89 3647 2909 3338 1157 5 4 -1
3102: 4121 -1
3103: 2287 89 -1
3104: 1065 3103 -1
3105: 2318 89 829 1369 907 2302 7 12 622 1389 718 1400 3454 3059 4084 1551 731 3094 1413 1214 1615 3689 822 1442 1450 826 3694 -1
3106: 203 2041 1007 89 -1
3107: 90 120 -1
3108: 90 1734 120 -1
3109: 90 120 -1
3110: 90 -1
3111: 82 -1
3112: 90 -1
3113: 90 21 3648 -1
3114: 90 120 -1
3115: 90 -1
3116: 90 42 6 82 29 9 34 21 120 -1
3117: 90 -1
3118: 90 120 -1
3119: 90 6 29 9 -1
3120: 90 120 -1
3121: 90 120 -1
3122: 90 -1
3123: 90 4194 -1
3124: 90 6 29 9 21 120 -1
3125: 90 42 6 5 2794 -1
3126: 90 120 -1
3127: 90 -1
3128: 90 3036 -1
3129: 90 120 -1
3130: 91 3723 -1
3131: 1446 907 91 -1
3132: 3059 3056 907 91 -1
3133: 3964 1010 0 91 1157 -1
3134: 65 718 91 3059 4029 -1
3135: 91 -1
3136: 91 -1
3137: 3059 91 907 1804 4029 3338 3075 1396 1030 1032 825 7 593 203 626 -1
3138: 1467 28 829 1382 91 822 2088 -1
3139: 2823 626 1007 91 -1
3140: -1
3141: -1
3142: -1
3143: -1
3144: -1
3145: -1
3146: -1
3147: 3141 -1
3148: -1
3149: 3144 93 -1
3150: 3140 3141 -1
3151: -1
3152: -1
3153: -1
3154: -1
3155: 3148 93 3151 3147 3152 3146 3143 3153 3142 3145 3154 -1
3156: 2619 3202 94 -1
3157: 203 -1
3158: 203 3385 2092 2681 -1
3159: 203 284 1400 1467 1099 3059 3977 -1
3160: 94 -1
3161: 94 -1
3162: 96 94 -1
3163: 203 -1
3164: 203 271 -1
3165: 203 1467 1099 2681 -1
3166: 203 1391 166 1065 284 1467 -1
3167: 94 -1
3168: 94 -1
3169: -1
3170: -1
3171: -1
3172: -1
3173: -1
3174: -1
3175: -1
3176: -1
3177: -1
3178: -1
3179: -1
3180: -1
3181: -1
3182: -1
3183: -1
3184: -1
3185: -1
3186: -1
3187: -1
3188: -1
3189: -1
3190: -1
3191: -1
3192: -1
3193: -1
3194: -1
3195: 3607 -1
3196: -1
3197: 3694 -1
3198: 96 586 -1
3199: 3607 96 -1
3200: 96 -1
3201: 96 -1
3202: 96 -1
3203: 96 3205 3219 3232 -1
3204: -1
3205: -1
3206: 3216 3218 3575 668 170 96 3647 536 -1
3207: 96 -1
3208: 96 -1
3209: 96 2116 -1
3210: 3611 96 -1
3211: 2077 668 1982 96 3202 -1
3212: 96 -1
3213: 3607 96 -1
3214: 96 3217 -1
3215: 96 -1
3216: -1
3217: -1
3218: -1
3219: -1
3220: 3600 96 -1
3221: 2663 96 -1
3222: 3773 123 96 3907 3908 -1
3223: 3213 584 3204 3218 3196 96 2663 3547 1184 -1
3224: 96 3227 -1
3225: 96 -1
3226: 96 -1
3227: 96 -1
3228: 96 -1
3229: 96 -1
3230: 96 -1
3231: 2077 3212 3338 668 627 370 -1
3232: -1
3233: 3907 3908 123 2663 96 3194 3196 -1
3234: 96 -1
3235: 96 -1
3236: 96 -1
3237: -1
3238: 203 115 488 98 -1
3239: 95 2091 98 -1
3240: 98 1100 -1
3241: -1
3242: 203 2114 98 -1
3243: 203 98 -1
3244: 95 4013 1374 4014 -1
3245: -1
3246: 203 115 488 -1
3247: -1
3248: -1
3249: -1
3250: -1
3251: 3248 3887 825 2195 820 3247 1184 -1
3252: 3254 99 2433 -1
3253: 99 1579 143 -1
3254: 99 2435 2309 -1
3255: 8 3704 99 2440 3708 60 56 -1
3256: 99 2428 2429 56 2821 130 3703 3706 2458 2426 81 2438 173 -1
3257: 2440 99 3248 60 8 502 2442 17 2444 2449 520 1136 3903 2464 3384 130 -1
3258: 8 137 17 99 3708 2444 710 -1
3259: -1
3260: -1
3261: -1
3262: -1
3263: 6 9 100 -1
3264: 100 102 -1
3265: -1
3266: 1302 101 3801 3636 2748 3637 2114 536 4195 -1
3267: 3265 -1
3268: 4045 101 -1
3269: 3647 5 101 4195 2115 -1
3270: 3647 101 1473 2820 2761 -1
3271: 3265 -1
3272: -1
3273: 101 3272 5 -1
3274: 101 3272 5 -1
3275: 4041 101 5 3267 2092 4 -1
3276: 2034 5 7 3 2 17 2293 10 13 -1
3277: 3265 -1
3278: 3647 101 1473 973 3262 536 2761 -1
3279: 102 -1
3280: 4045 6 102 536 4195 -1
3281: 4040 3647 102 3435 -1
3282: 3647 4040 102 -1
3283: 4045 6 5 102 131 825 -1
3284: 102 -1
3285: 73 6 9 102 -1
3286: 4040 3647 102 3435 -1
3287: -1
3288: 0 -1
3289: 0 -1
3290: -1
3291: -1
3292: -1
3293: 3304 103 3311 3312 -1
3294: 203 103 -1
3295: 3304 103 3311 3312 -1
3296: 3304 103 3311 3312 -1
3297: 3304 103 3311 3312 -1
3298: 3304 103 3311 3312 -1
3299: 3304 103 3311 3312 -1
3300: -1
3301: -1
3302: -1
3303: -1
3304: -1
3305: 203 103 -1
3306: 3304 103 3311 3312 -1
3307: 3291 3301 3366 3292 3304 3290 103 3311 3315 3309 3303 3302 3312 -1
3308: 3316 103 3311 3310 822 -1
3309: -1
3310: -1
3311: -1
3312: -1
3313: 203 103 -1
3314: 3304 103 3311 3312 -1
3315: -1
3316: -1
3317: 3304 103 3311 -1
3318: 3304 103 3311 3312 -1
3319: 1849 -1
3320: 203 3301 3366 3304 3290 103 3311 3315 3309 3303 3302 3312 3356 3354 107 3364 3361 3362 3365 3355 -1
3321: 103 -1
3322: -1
3323: 65 -1
3324: 1099 1065 -1
3325: 104 4317 -1
3326: 104 3338 3059 0 -1
3327: 1146 3975 -1
3328: -1
3329: -1
3330: 4084 104 1157 45 4317 4202 -1
3331: 104 -1
3332: 65 1065 -1
3333: -1
3334: 65 3832 1065 -1
3335: 65 1065 -1
3336: 104 -1
3337: -1
3338: -1
3339: -1
3340: -1
3341: -1
3342: -1
3343: -1
3344: -1
3345: -1
3346: -1
3347: -1
3348: -1
3349: -1
3350: -1
3351: -1
3352: 4013 22 153 4026 3353 -1
3353: 22 4026 153 4013 -1
3354: -1
3355: -1
3356: -1
3357: 107 -1
3358: 1065 -1
3359: 0 -1
3360: 1099 -1
3361: -1
3362: -1
3363: -1
3364: -1
3365: -1
3366: -1
3367: -1
3368: -1
3369: -1
3370: -1
3371: 3370 -1
3372: 203 147 -1
3373: 907 0 2302 7 14 83 3241 1979 108 -1
3374: 1157 2287 108 4 0 -1
3375: 115 65 108 954 2296 1979 2556 -1
3376: -1
3377: -1
3378: 3068 7 111 -1
3379: 3068 7 111 -1
3380: 3385 111 -1
3381: 111 837 -1
3382: 2907 731 111 1146 -1
3383: 14 111 1366 1454 1448 -1
3384: 8 175 2819 508 2433 2810 2813 3338 1428 1159 1160 2809 2 1441 170 906 907 1366 1454 1445 1447 111 1397 3773 507 1448 3130 3694 -1
3385: 111 2428 258 -1
3386: 111 3385 3380 -1
3387: 907 2302 1408 255 903 2090 112 -1
3388: 0 2302 -1
3389: -1
3390: 112 -1
3391: 112 3392 -1
3392: 112 -1
3393: -1
3394: 112 -1
3395: 112 -1
3396: 907 -1
3397: -1
3398: 4023 7 2034 -1
3399: 7 4005 2034 -1
3400: 1654 -1
3401: 1654 -1
3402: -1
3403: 113 -1
3404: 3706 3702 8 3711 3712 7 3745 3732 17 113 3902 2428 3728 3705 -1
3405: 3732 113 -1
3406: 113 826 -1
3407: 113 -1
3408: 2195 3732 56 161 113 130 3705 2203 -1
3409: 258 114 4082 -1
3410: 3546 4157 1184 4041 -1
3411: 114 6 42 1372 5 23 131 984 -1
3412: 4041 3036 6 114 5 -1
3413: 114 4045 3338 -1
3414: 114 -1
3415: 114 258 -1
3416: 114 -1
3417: 984 114 5 43 -1
3418: 2000 2116 1752 973 2748 4041 114 6 92 2756 -1
3419: 3409 114 23 -1
3420: 203 2114 115 -1
3421: 203 115 -1
3422: -1
3423: 115 -1
3424: 65 115 -1
3425: 115 626 3907 -1
3426: 2 115 1032 13 -1
3427: 0 115 903 -1
3428: 906 907 115 65 3832 -1
3429: 203 115 -1
3430: 203 115 1438 -1
3431: 65 4121 115 2305 20 1065 1804 -1
3432: 65 115 1065 -1
3433: 115 1099 65 1065 -1
3434: 626 115 65 2605 627 13 -1
3435: -1
3436: -1
3437: 3435 3436 -1
3438: 3435 3436 -1
3439: 3435 3436 -1
3440: -1
3441: 2093 4022 157 3397 -1
3442: 3338 0 1808 1471 4020 -1
3443: 3445 45 -1
3444: 3773 7 117 3647 536 2114 -1
3445: -1
3446: 4045 3083 1643 3445 3077 -1
3447: 117 -1
3448: 2093 157 4022 3397 3441 -1
3449: 117 -1
3450: 3338 1808 1471 0 4041 4045 3887 825 2210 4178 3644 3702 45 3735 2215 17 27 -1
3451: 3445 -1
3452: -1
3453: -1
3454: 3462 -1
3455: 3462 -1
3456: 3462 -1
3457: 3462 -1
3458: -1
3459: 118 3453 3452 3458 -1
3460: 3462 -1
3461: 3462 -1
3462: 3452 3458 118 -1
3463: 119 -1
3464: 119 3467 3469 -1
3465: 3467 1594 3473 119 -1
3466: 119 -1
3467: 119 -1
3468: 119 -1
3469: 3467 119 -1
3470: 119 -1
3471: 821 119 -1
3472: 119 -1
3473: 3467 119 825 -1
3474: 119 825 -1
3475: 120 -1
3476: 120 -1
3477: 3037 120 -1
3478: 120 -1
3479: 1301 825 -1
3480: 120 -1
3481: 120 -1
3482: 120 3907 4195 -1
3483: 120 -1
3484: 120 -1
3485: 120 825 -1
3486: 120 -1
3487: -1
3488: -1
3489: -1
3490: 1184 -1
3491: 121 -1
3492: 169 121 -1
3493: 121 -1
3494: 3919 145 1157 121 -1
3495: 121 -1
3496: 121 -1
3497: 3801 3489 121 3802 2748 4263 -1
3498: 3488 121 -1
3499: 121 3907 550 1100 -1
3500: -1
3501: 169 140 121 3925 -1
3502: 121 -1
3503: 121 -1
3504: 121 3925 -1
3505: 121 -1
3506: 121 -1
3507: 3930 145 3911 121 -1
3508: 121 145 3930 -1
3509: 169 121 -1
3510: 121 -1
3511: 145 3930 121 3911 -1
3512: 3925 121 -1
3513: 3538 -1
3514: 3538 -1
3515: 3538 -1
3516: 3538 -1
3517: 3538 -1
3518: 3538 -1
3519: 3538 -1
3520: 3538 -1
3521: 3538 -1
3522: 3538 -1
3523: 3538 -1
3524: 3537 3538 -1
3525: 3538 -1
3526: 3538 -1
3527: 3538 -1
3528: 3538 -1
3529: 3538 -1
3530: 3538 -1
3531: 3435 3537 3538 -1
3532: 3538 -1
3533: 3538 -1
3534: 3538 -1
3535: 3538 -1
3536: 3537 3538 -1
3537: -1
3538: 3513 -1
3539: 3537 3538 -1
3540: 3537 3538 -1
3541: 3538 -1
3542: 3538 -1
3543: 3538 -1
3544: 3538 -1
3545: 122 -1
3546: -1
3547: -1
3548: 3546 -1
3549: 3546 2687 2663 -1
3550: 3546 3587 -1
3551: 3546 -1
3552: 3546 -1
3553: 2116 -1
3554: 123 -1
3555: 123 -1
3556: 123 -1
3557: 3546 -1
3558: 123 -1
3559: 3908 1023 123 2667 3907 -1
3560: 7 123 -1
3561: 3907 123 667 2648 13 666 2663 3921 2297 -1
3562: 123 3546 -1
3563: 2859 2131 884 3908 2667 123 -1
3564: 123 2116 -1
3565: 123 3554 -1
3566: 3546 -1
3567: 3546 -1
3568: 123 -1
3569: 123 -1
3570: 123 -1
3571: 7 123 -1
3572: 123 664 2663 2667 7 666 2580 255 2647 4055 4049 3 3647 626 627 3489 3547 536 -1
3573: 3546 -1
3574: 3546 -1
3575: -1
3576: 3908 -1
3577: 668 1184 536 3647 123 -1
3578: 123 -1
3579: 123 -1
3580: 3546 3587 -1
3581: 3546 -1
3582: 3546 -1
3583: 3546 -1
3584: 123 3908 668 3907 1031 -1
3585: 123 -1
3586: 3908 123 7 3907 2297 666 2669 13 664 -1
3587: 3908 123 -1
3588: 3908 123 -1
3589: 124 -1
3590: 124 -1
3591: 2087 124 -1
3592: 627 -1
3593: 203 124 3647 3338 -1
3594: 2091 2890 2092 124 2031 -1
3595: 124 -1
3596: 203 4013 3489 124 9 2041 2029 -1
3597: 203 124 -1
3598: 203 158 124 1512 -1
3599: 124 -1
3600: 3608 -1
3601: 3608 -1
3602: 3608 -1
3603: 3608 -1
3604: 3608 -1
3605: 3608 -1
3606: 1301 3608 -1
3607: 3608 -1
3608: -1
3609: 3608 3907 -1
3610: 3608 -1
3611: 3608 -1
3612: 3605 126 -1
3613: 126 -1
3614: 1301 126 3605 -1
3615: 126 825 3602 -1
3616: -1
3617: 4046 127 -1
3618: 127 -1
3619: -1
3620: 128 -1
3621: -1
3622: -1
3623: 128 3619 2673 2674 -1
3624: 627 -1
3625: -1
3626: 128 -1
3627: 3631 128 3625 -1
3628: 539 128 2583 2296 7 -1
3629: 128 3621 -1
3630: 4061 -1
3631: -1
3632: 128 -1
3633: 128 10 3338 3 2 2092 0 142 -1
3634: 128 2620 10 3907 1031 142 549 -1
3635: 128 -1
3636: -1
3637: -1
3638: -1
3639: -1
3640: 130 3644 -1
3641: 17 3706 161 8 130 1126 1125 56 1134 -1
3642: 8 130 3706 161 1125 1126 17 27 1134 56 3641 -1
3643: 130 2433 1428 3706 -1
3644: 3710 130 3645 3639 3638 2428 -1
3645: -1
3646: 130 -1
3647: -1
3648: -1
3649: 3647 3648 -1
3650: 3647 3648 -1
3651: 3647 3648 -1
3652: 131 3338 2302 -1
3653: 3338 4045 4040 2092 131 825 771 3546 819 2116 2114 626 1301 837 536 -1
3654: 131 -1
3655: 3637 3647 131 4040 4039 4045 -1
3656: 3637 3647 131 4040 4039 4045 -1
3657: 3647 3648 -1
3658: 3647 3648 -1
3659: 131 2092 -1
3660: 3773 3832 131 -1
3661: 536 131 4039 -1
3662: -1
3663: 132 3668 3677 -1
3664: 132 -1
3665: 132 3671 -1
3666: 132 -1
3667: 132 3671 -1
3668: -1
3669: 3671 3662 132 -1
3670: 132 -1
3671: 132 3668 -1
3672: 132 -1
3673: 3671 -1
3674: 3671 -1
3675: 3671 132 -1
3676: 3671 132 -1
3677: -1
3678: 2152 819 -1
3679: 133 -1
3680: 2302 133 4019 258 -1
3681: 2091 -1
3682: -1
3683: 783 3069 133 -1
3684: 1804 87 133 -1
3685: -1
3686: 1439 134 -1
3687: 203 2 134 1116 965 -1
3688: 134 -1
3689: -1
3690: -1
3691: -1
3692: 3694 -1
3693: 3694 -1
3694: -1
3695: 136 -1
3696: 136 -1
3697: 136 -1
3698: 136 1099 -1
3699: 1097 136 -1
3700: -1
3701: -1
3702: -1
3703: -1
3704: -1
3705: -1
3706: -1
3707: -1
3708: 1123 1124 1125 1126 1127 1128 1129 1130 8 17 1132 81 1133 826 1134 1135 1136 1137 1138 1139 1140 1141 1142 1143 1144 1145 1146 1147 1148 1149 1150 1151 1152 1153 1154 1155 1156 1157 1158 1159 1160 1161 1162 1163 1164 1165 27 1166 -1
3709: 3902 -1
3710: -1
3711: -1
3712: 2798 -1
3713: 1431 -1
3714: 295 4006 1359 4027 381 2034 1428 1431 1462 1444 2819 258 -1
3715: -1
3716: -1
3717: -1
3718: 1462 -1
3719: -1
3720: -1
3721: -1
3722: -1
3723: -1
3724: -1
3725: 2198 -1
3726: -1
3727: -1
3728: 2428 -1
3729: -1
3730: -1
3731: -1
3732: -1
3733: 819 -1
3734: -1
3735: -1
3736: -1
3737: -1
3738: -1
3739: 1157 -1
3740: -1
3741: -1
3742: -1
3743: -1
3744: -1
3745: 2819 -1
3746: -1
3747: -1
3748: -1
3749: -1
3750: -1
3751: -1
3752: 4203 4202 -1
3753: -1
3754: -1
3755: -1
3756: 3700 -1
3757: 2428 3706 8 137 3710 -1
3758: 137 -1
3759: 137 -1
3760: 3700 -1
3761: 3728 -1
3762: 3700 -1
3763: 137 2428 -1
3764: 3700 -1
3765: 3700 -1
3766: 3700 -1
3767: 3700 -1
3768: 3700 -1
3769: 137 -1
3770: 3700 -1
3771: 3700 -1
3772: 137 4153 161 -1
3773: -1
3774: -1
3775: -1
3776: -1
3777: -1
3778: -1
3779: -1
3780: -1
3781: -1
3782: 66 -1
3783: 12 -1
3784: 57 -1
3785: 3435 3773 3774 3775 3776 3777 3778 3779 3780 3781 -1
3786: 138 -1
3787: -1
3788: -1
3789: -1
3790: 139 -1
3791: 3788 3796 3789 3795 3794 139 3793 3792 -1
3792: -1
3793: -1
3794: -1
3795: -1
3796: -1
3797: -1
3798: 731 0 3788 139 2821 3452 1138 4084 822 7 3338 3287 2820 45 1870 3796 1470 -1
3799: 139 3694 -1
3800: -1
3801: -1
3802: -1
3803: 140 -1
3804: 3800 3801 3802 2748 -1
3805: 140 -1
3806: 145 3505 140 3925 3926 -1
3807: 145 3505 140 3925 3926 -1
3808: 3925 140 -1
3809: 1302 140 -1
3810: 145 3925 -1
3811: 140 -1
3812: 140 -1
3813: 140 -1
3814: 255 -1
3815: 3925 -1
3816: 140 -1
3817: 140 -1
3818: 140 -1
3819: 3925 140 3926 4064 152 -1
3820: 169 -1
3821: 63 3928 1680 9 3925 140 32 -1
3822: 140 -1
3823: 3505 140 3925 -1
3824: 3907 4045 1302 3489 4252 2116 3338 823 3788 3802 -1
3825: 4046 -1
3826: 142 3694 -1
3827: 2 254 626 2686 3 13 142 1031 2593 -1
3828: 203 1443 1444 1031 142 -1
3829: 4046 32 9 3 327 25 3951 2732 142 12 13 1029 50 907 3926 3925 145 -1
3830: 203 2303 2637 2656 1033 1031 142 267 2569 2610 1010 -1
3831: 203 1444 1031 142 -1
3832: -1
3833: 4045 456 626 143 -1
3834: 143 -1
3835: 4041 143 -1
3836: 143 7 -1
3837: 143 -1
3838: 143 3694 -1
3839: 143 3832 -1
3840: 64 143 -1
3841: 143 -1
3842: 143 -1
3843: 143 -1
3844: 143 -1
3845: 143 -1
3846: 143 -1
3847: 143 -1
3848: 143 -1
3849: 143 -1
3850: 143 -1
3851: 143 -1
3852: 143 -1
3853: 143 -1
3854: 3832 143 -1
3855: 143 3832 4045 -1
3856: 143 -1
3857: 203 143 -1
3858: 143 3832 -1
3859: 143 -1
3860: 143 3832 -1
3861: 143 -1
3862: 143 -1
3863: 143 -1
3864: 143 -1
3865: 3832 143 -1
3866: 143 -1
3867: 143 -1
3868: 143 -1
3869: 143 -1
3870: 3647 143 626 -1
3871: 4045 143 -1
3872: 2681 143 1030 -1
3873: 143 -1
3874: 143 3832 626 -1
3875: 143 -1
3876: 143 -1
3877: 143 -1
3878: 143 1099 -1
3879: 143 -1
3880: 143 -1
3881: 203 3788 143 829 -1
3882: 143 -1
3883: 3832 143 -1
3884: -1
3885: -1
3886: -1
3887: -1
3888: -1
3889: -1
3890: -1
3891: -1
3892: 3896 144 -1
3893: 3890 3887 -1
3894: 144 -1
3895: 144 -1
3896: 144 -1
3897: 56 3887 3752 2428 826 64 144 3732 1174 3706 3712 3736 1157 45 2214 3702 3735 1138 4178 -1
3898: 144 -1
3899: 2409 -1
3900: -1
3901: 3896 -1
3902: 3709 -1
3903: 826 8 1129 137 1125 161 17 -1
3904: 144 3896 -1
3905: 3435 1138 144 3896 -1
3906: 3896 144 -1
3907: -1
3908: -1
3909: -1
3910: -1
3911: 3907 550 3908 3920 3921 3912 3922 -1
3912: -1
3913: 3907 550 3908 -1
3914: 3907 550 3908 -1
3915: -1
3916: 3907 550 3908 -1
3917: 3907 550 3908 -1
3918: 3907 550 3908 -1
3919: 3930 63 -1
3920: 145 3911 3926 3925 549 7 2286 3338 1184 3907 -1
3921: 4264 -1
3922: -1
3923: -1
3924: -1
3925: 3907 550 3908 -1
3926: 3907 550 3908 3925 -1
3927: -1
3928: 169 -1
3929: 145 -1
3930: 145 3919 3915 3917 -1
3931: 145 2288 -1
3932: 169 145 3925 3926 1050 3694 -1
3933: 169 -1
3934: 145 -1
3935: 3907 2131 145 169 4264 -1
3936: 2610 -1
3937: 160 145 -1
3938: 169 145 -1
3939: 145 9 -1
3940: 169 4251 145 -1
3941: 145 -1
3942: 151 3907 3647 2781 1050 145 1014 -1
3943: 1023 258 145 -1
3944: -1
3945: 258 255 770 4073 3800 169 145 3925 3926 32 9 3907 550 3908 -1
3946: 145 2116 819 -1
3947: 145 -1
3948: 567 1665 3928 1663 9 1666 3925 145 -1
3949: 1023 145 140 3925 3926 542 2667 -1
3950: 145 2682 140 63 2681 -1
3951: -1
3952: 3928 3922 2350 2710 3512 3925 3926 -1
3953: 145 -1
3954: -1
3955: 146 -1
3956: 146 -1
3957: 146 280 2302 907 3338 -1
3958: 146 -1
3959: 14 3682 1135 146 -1
3960: 146 -1
3961: 7 146 -1
3962: 3358 170 1447 146 -1
3963: 146 -1
3964: -1
3965: 146 3972 -1
3966: 146 2848 -1
3967: 146 -1
3968: 146 -1
3969: 146 -1
3970: 146 -1
3971: 146 3972 -1
3972: -1
3973: 3338 146 -1
3974: 146 3970 -1
3975: 1551 -1
3976: 831 837 1389 -1
3977: 3338 3059 -1
3978: 1432 -1
3979: 203 1462 2810 1362 147 1369 1396 1138 -1
3980: 203 147 -1
3981: 3719 -1
3982: 3691 3685 3690 622 1 -1
3983: 147 -1
3984: 203 1199 147 -1
3985: 203 -1
3986: 203 147 -1
3987: 1389 -1
3988: 147 -1
3989: 147 -1
3990: -1
3991: 3990 -1
3992: 170 -1
3993: 799 148 258 -1
3994: 1730 1359 2693 1369 2358 148 1512 1362 4000 1366 258 -1
3995: -1
3996: 626 3990 3338 907 939 170 1441 -1
3997: 626 0 819 -1
3998: -1
3999: 203 3832 -1
4000: -1
4001: 203 3832 -1
4002: 203 148 -1
4003: 347 41 -1
4004: 0 42 2091 2092 7 22 4017 4018 -1
4005: -1
4006: 626 7 -1
4007: -1
4008: 3647 -1
4009: -1
4010: -1
4011: -1
4012: -1
4013: -1
4014: 3182 3183 -1
4015: -1
4016: 4017 -1
4017: -1
4018: 4017 -1
4019: -1
4020: -1
4021: 4017 -1
4022: -1
4023: -1
4024: -1
4025: 7 -1
4026: -1
4027: -1
4028: -1
4029: -1
4030: 149 -1
4031: 149 2899 -1
4032: 4130 149 -1
4033: 2899 329 149 33 7 22 1470 1010 1471 378 -1
4034: 4022 117 149 -1
4035: 907 1443 36 -1
4036: 3101 33 149 15 1032 -1
4037: -1
4038: 203 150 -1
4039: 4041 -1
4040: 4041 -1
4041: -1
4042: 203 151 547 1199 -1
4043: 203 151 -1
4044: -1
4045: 4041 -1
4046: -1
4047: 3907 4046 152 4057 -1
4048: -1
4049: -1
4050: 627 -1
4051: -1
4052: -1
4053: 3926 3487 63 -1
4054: -1
4055: 1157 -1
4056: -1
4057: 3920 -1
4058: 3907 152 1033 337 669 -1
4059: 1023 3907 1184 583 -1
4060: 3907 152 4046 -1
4061: -1
4062: 3546 -1
4063: 4073 -1
4064: 1184 152 -1
4065: 3907 152 4046 -1
4066: 2732 152 258 -1
4067: 3 152 669 337 -1
4068: 539 2351 2585 1033 152 3825 4046 1680 4062 4061 -1
4069: 3489 1012 22 152 3802 1013 1184 2748 -1
4070: 327 3928 539 4048 2709 307 1663 4062 4049 4051 255 3 2622 1665 2585 1666 4056 1060 1664 2569 2698 2647 4057 1033 152 2663 2583 2657 2656 4059 4061 -1
4071: 1690 25 2 2302 3 13 50 2569 2671 152 327 -1
4072: 4062 2 152 -1
4073: 4063 2056 4056 1033 3925 10 152 -1
4074: 2 3 13 25 3825 152 50 2292 -1
4075: 327 3928 4048 3922 2709 307 1663 2350 4062 4264 4049 4051 255 3 2622 1665 2585 2584 1666 4056 1060 1664 2569 2698 2647 3920 1033 152 2663 2583 2657 2656 4059 4061 -1
4076: 152 -1
4077: 3489 1012 152 257 1184 1008 -1
4078: 3907 3 255 10 4062 3825 152 2686 13 63 1031 2698 4264 2669 -1
4079: -1
4080: 4079 -1
4081: 4079 -1
4082: -1
4083: 69 154 -1
4084: -1
4085: 155 1389 -1
4086: 155 1389 -1
4087: 155 1389 -1
4088: 3719 1377 -1
4089: 203 3719 155 -1
4090: 155 -1
4091: 155 -1
4092: 155 -1
4093: 203 3719 155 -1
4094: 203 1369 916 155 1372 3745 -1
4095: 2557 -1
4096: 155 -1
4097: -1
4098: -1
4099: 822 4182 488 3719 156 1065 1804 -1
4100: 839 3773 0 2017 731 2469 3435 -1
4101: 157 -1
4102: 3338 1470 157 4045 1030 627 837 3954 3746 -1
4103: 157 -1
4104: -1
4105: 626 -1
4106: -1
4107: -1
4108: -1
4109: -1
4110: 542 4045 -1
4111: -1
4112: 4107 4045 4194 4193 4108 158 0 -1
4113: 3385 4137 158 -1
4114: 203 4013 158 4045 22 3652 2034 4017 4018 1740 -1
4115: 203 2941 4013 158 -1
4116: 203 158 -1
4117: -1
4118: 158 -1
4119: 4137 158 -1
4120: -1
4121: -1
4122: -1
4123: -1
4124: 0 42 2091 2092 7 22 4017 4018 -1
4125: 1030 -1
4126: -1
4127: 3338 3907 1031 -1
4128: -1
4129: -1
4130: -1
4131: -1
4132: -1
4133: -1
4134: 1031 1029 -1
4135: 203 159 -1
4136: 2810 -1
4137: 95 -1
4138: -1
4139: -1
4140: -1
4141: 161 -1
4142: 161 -1
4143: 4202 161 -1
4144: 161 45 -1
4145: 161 4151 -1
4146: 161 -1
4147: 161 -1
4148: 2435 161 8 2 2809 1138 2438 3338 1162 -1
4149: 161 -1
4150: 1138 3744 2195 161 -1
4151: 161 -1
4152: 161 -1
4153: 504 509 8 532 1125 161 2437 -1
4154: 17 130 3706 3727 1128 161 -1
4155: 161 -1
4156: 1184 4157 -1
4157: -1
4158: 1184 4157 -1
4159: 1184 4157 -1
4160: 1184 4157 -1
4161: 1184 4157 -1
4162: 1184 4157 -1
4163: 1184 4157 -1
4164: 1184 4157 -1
4165: 162 -1
4166: 162 -1
4167: 1184 4157 -1
4168: 1184 4157 -1
4169: 1184 4157 -1
4170: 1184 4157 -1
4171: 154 -1
4172: 162 4165 -1
4173: 4079 -1
4174: 3802 -1
4175: 4168 162 -1
4176: 4177 -1
4177: -1
4178: 4177 -1
4179: -1
4180: 4176 4178 -1
4181: -1
4182: 822 3322 3059 135 0 163 238 1370 965 -1
4183: 3287 0 1189 823 7 143 3059 163 3907 64 1146 488 4202 -1
4184: 4176 4178 -1
4185: 4178 -1
4186: 4176 4178 -1
4187: 4176 4178 -1
4188: -1
4189: 4176 4178 -1
4190: -1
4191: 163 -1
4192: 205 0 1467 1858 3287 488 829 1434 3056 4098 7 11 163 1413 -1
4193: 2761 2767 2768 -1
4194: 2761 -1
4195: -1
4196: 4195 4194 -1
4197: 164 -1
4198: 2901 4201 164 -1
4199: 2038 2901 4201 164 2044 2045 2887 255 2049 2054 2082 2879 2083 2087 124 2089 -1
4200: 4194 -1
4201: 2115 164 2761 -1
4202: -1
4203: -1
4204: 165 -1
4205: 7 3682 2815 3338 1010 165 907 -1
4206: 826 7 3682 1010 165 907 -1
4207: 826 7 3682 1010 165 907 -1
4208: 165 -1
4209: 165 907 3056 3832 7 3682 2815 3338 1010 -1
4210: 203 622 2 166 -1
4211: 166 -1
4212: -1
4213: -1
4214: -1
4215: -1
4216: 1174 167 -1
4217: 4215 167 -1
4218: 4221 167 4214 4213 593 -1
4219: 167 -1
4220: -1
4221: -1
4222: 167 -1
4223: 4220 4212 167 -1
4224: 167 4220 -1
4225: -1
4226: -1
4227: 168 4243 -1
4228: 4225 4226 -1
4229: 4225 4226 -1
4230: 4225 4226 -1
4231: 4225 4226 -1
4232: 4225 4226 -1
4233: 4225 4226 -1
4234: 168 -1
4235: 4233 168 4228 -1
4236: 168 4317 3435 819 825 -1
4237: 4228 168 -1
4238: 168 -1
4239: 4225 4226 -1
4240: 4225 4226 -1
4241: 4225 4226 -1
4242: 4225 4226 -1
4243: 168 -1
4244: 4226 3435 168 819 -1
4245: 168 -1
4246: 168 -1
4247: 4225 4226 -1
4248: 4225 4226 -1
4249: 168 -1
4250: 168 -1
4251: -1
4252: -1
4253: -1
4254: -1
4255: -1
4256: -1
4257: 2781 -1
4258: 2781 -1
4259: 169 -1
4260: 169 -1
4261: 169 -1
4262: 169 4251 3907 3908 -1
4263: 3497 -1
4264: 169 -1
4265: 169 145 3925 3926 1050 -1
4266: 2781 -1
4267: -1
4268: -1
4269: 1366 170 -1
4270: 170 -1
4271: 1463 1447 -1
4272: 203 593 1463 4000 -1
4273: 1422 1577 1463 -1
4274: 1463 7 -1
4275: 1446 1463 -1
4276: 1463 -1
4277: 203 1463 -1
4278: 3338 170 1362 143 2814 2 1171 -1
4279: 1463 -1
4280: 170 1447 -1
4281: 1446 170 2300 -1
4282: 2304 1463 -1
4283: 170 -1
4284: 1463 267 -1
4285: 1463 -1
4286: 203 -1
4287: 822 1463 7 -1
4288: 170 454 -1
4289: 1441 1463 -1
4290: 4019 170 -1
4291: 7 3719 2 1463 1467 1273 2116 -1
4292: 203 1453 1591 1454 1462 429 2810 826 1463 1366 -1
4293: 3788 907 2071 2035 822 829 823 22 7 3489 2748 1010 2302 3 3338 4111 10 2 2090 1463 -1
4294: 170 1441 -1
4295: 1032 718 1369 2304 12 903 2151 170 -1
4296: 1454 170 1408 -1
4297: 171 -1
4298: 171 -1
4299: 171 -1
4300: 171 -1
4301: -1
4302: -1
4303: 907 1436 2300 3 7 1032 -1
4304: 172 -1
4305: 172 -1
4306: 829 2302 7 172 -1
4307: -1
4308: -1
4309: -1
4310: 3788 4308 173 1157 -1
4311: 4309 173 2438 -1
4312: 4317 4318 4319 -1
4313: 4317 4318 4319 -1
4314: 4317 4318 4319 -1
4315: 4317 4318 4319 -1
4316: 4317 4318 4319 -1
4317: -1
4318: -1
4319: -1
4320: -1
4321: -1
4322: 175 -1
4323: 175 -1
4324: 3435 0 1753 175 4321 -1
4325: 175 3384 1423 1129 -1
