0: 127 -1
1: -1
2: 182 183 184 185 186 187 188 189 -1
3: 223 7 1 228 229 230 91 234 -1
4: -1
5: -1
6: -1
7: 336 337 338 339 340 341 342 343 344 345 346 347 348 349 350 351 352 353 354 355 356 222 357 358 -1
8: 397 -1
9: -1
10: -1
11: 364 222 -1
12: 427 -1
13: -1
14: 438 439 440 -1
15: 470 471 -1
16: -1
17: 484 485 14 486 487 -1
18: 492 464 493 494 80 495 -1
19: 497 498 499 500 501 502 104 503 -1
20: 505 506 507 508 509 510 511 512 513 514 515 516 16 517 518 364 519 7 520 521 492 14 522 523 524 525 526 527 528 71 95 140 529 -1
21: 543 548 -1
22: 606 -1
23: -1
24: 644 645 -1
25: 356 650 -1
26: -1
27: 669 3 670 16 436 7 170 82 174 671 29 672 0 14 25 673 -1
28: 674 676 678 679 699 700 702 707 708 709 710 711 713 715 716 723 737 740 747 751 756 760 768 772 773 -1
29: 518 778 779 780 -1
30: 14 364 494 3 672 -1
31: 784 785 786 787 788 789 0 790 791 -1
32: 793 796 -1
33: 805 -1
34: 809 810 813 814 815 816 544 543 -1
35: -1
36: 222 -1
37: -1
38: -1
39: 842 843 -1
40: 844 -1
41: 2 848 -1
42: 849 879 880 888 889 890 891 487 892 897 898 899 900 -1
43: 901 -1
44: 903 25 174 904 905 906 907 908 -1
45: 18 7 3 1 918 919 920 921 922 923 924 -1
46: 926 927 928 929 930 931 932 -1
47: 934 945 -1
48: 17 344 486 -1
49: 4 946 146 -1
50: -1
51: 951 888 -1
52: 971 973 974 975 976 977 978 -1
53: 981 982 983 918 984 985 -1
54: 987 988 -1
55: 987 988 -1
56: 1008 -1
57: -1
58: 1013 -1
59: 1018 -1
60: 1027 1028 1029 1030 -1
61: 14 364 494 3 672 -1
62: 1038 1040 1041 1042 1043 1044 -1
63: 1045 1046 1047 1048 1049 -1
64: 1053 1054 1055 1056 1057 1058 1059 1060 1061 1062 1064 354 671 1 174 13 436 1066 1067 1068 1069 1070 1071 1072 1073 1074 1075 1076 1077 1078 1079 1080 1081 1082 1083 1084 -1
65: 1115 1116 1117 -1
66: 1118 -1
67: -1
68: 1120 1121 -1
69: 1135 1136 1137 1138 1139 1140 1141 1158 1164 -1
70: 1174 1175 1177 1018 -1
71: 1180 1182 1187 -1
72: 606 -1
73: 1195 1196 1197 1198 1199 1200 -1
74: 1202 -1
75: 1204 1205 17 -1
76: 901 -1
77: 1207 -1
78: 1208 1209 1210 1211 1212 1213 1214 1215 1216 1217 1218 1219 1220 1221 1222 1223 1224 1225 1226 1227 1228 1229 1230 1231 1232 1233 1234 -1
79: 1235 -1
80: 18 -1
81: 1249 -1
82: -1
83: 1261 1262 1266 1270 1271 1272 1273 1274 1275 1276 503 1277 1278 19 1279 1280 -1
84: 1330 -1
85: 793 364 -1
86: 1331 1332 1333 1334 1335 1336 1337 1338 1339 1340 1341 1342 1343 1344 1345 -1
87: 1346 1353 1378 1379 1380 1381 1382 1383 -1
88: 1386 -1
89: 1391 1392 1393 1394 1395 1396 1397 1398 1399 1400 1401 1402 1403 -1
90: 1404 38 1405 901 1406 -1
91: 344 7 170 1441 -1
92: 1454 1458 1459 1460 1461 1462 1463 1464 1465 -1
93: 28 727 729 730 731 1466 1467 1468 1469 706 1470 1471 1472 1473 1474 1475 1476 1477 1478 1479 1480 732 675 1481 1482 1483 1484 1485 1486 1487 1488 1489 1490 1491 677 1492 1493 678 705 701 680 1494 698 1495 1496 1497 1498 1499 1500 1501 1502 1503 681 1504 1505 682 683 684 685 686 687 688 689 690 691 692 693 694 695 696 697 718 1506 719 720 1507 1508 1509 771 1510 721 674 733 734 716 735 736 737 738 739 740 741 742 743 744 745 746 747 748 749 750 751 752 753 754 755 756 757 758 759 760 761 762 763 764 765 766 767 768 769 770 717 1511 723 724 725 1512 1513 -1
94: 9 1519 1522 -1
95: 1523 91 1524 1525 494 16 71 3 1526 1527 18 20 25 44 523 450 1 1528 1529 29 1530 11 13 82 1531 1532 1533 1534 1535 1536 124 1537 1538 -1
96: 1539 -1
97: 1541 -1
98: 1550 492 516 14 1556 1564 1567 -1
99: 1573 1575 -1
100: 1596 -1
101: 1603 1604 -1
102: -1
103: 1606 1607 -1
104: 502 1608 644 1404 1406 1609 38 901 1270 -1
105: 82 522 1634 -1
106: 1640 1641 1642 1643 1644 1645 1646 1647 1648 -1
107: 1649 1650 -1
108: 1204 1205 17 -1
109: 1651 -1
110: -1
111: 1653 1654 -1
112: 1391 1392 1393 1394 1395 1396 1397 1398 1399 1400 1656 1657 1658 -1
113: 1675 1676 1677 1678 1679 333 1680 1681 2 1685 -1
114: 1687 -1
115: 1692 1693 222 1694 1695 -1
116: 222 11 29 1699 -1
117: 1701 1715 1717 1718 1728 1735 -1
118: 18 -1
119: 1739 -1
120: 0 1740 16 1 516 71 -1
121: 1743 1756 1757 1758 1763 1764 1765 1766 1767 1768 1769 1770 1771 1772 1773 1774 1775 1776 1777 1778 1779 1780 1781 -1
122: 1782 1783 1784 1785 1786 1787 1788 1789 1790 1791 1792 1793 1794 1795 1796 1797 1798 1799 1800 1801 1802 1803 1804 1805 1806 1807 -1
123: 1235 1810 1811 1812 1813 1814 1817 1818 1819 1820 1821 1822 1823 1824 1825 1826 1827 1828 1829 1830 1831 1832 1833 1834 1835 1836 1837 1838 1839 1840 1841 1842 1843 1844 1845 1846 1847 1848 1849 1850 1851 1852 1853 1854 1855 1856 1857 1858 1859 1860 1861 1862 1863 1864 1865 1866 1867 1868 1869 1870 1871 1872 1873 1874 1875 1876 1877 1878 1879 1880 1881 1882 1883 1884 1885 1886 1888 1889 1890 1891 1892 1893 1894 1895 1896 1897 1898 1899 1900 1901 1902 1903 1904 1905 1906 1907 1908 1909 1910 1911 1912 1913 1914 1915 1916 1917 1918 1919 1920 1921 1922 1923 1924 1925 1926 1927 1928 1929 1930 1931 1932 1933 1934 1935 1936 1937 1938 1939 1940 1941 1942 1943 1944 1945 1946 1947 1948 1949 1950 1951 1952 1953 1954 1955 1956 1957 1958 1959 1960 1961 1962 1963 1964 1965 1966 1967 1968 1969 1970 1971 1972 1974 1975 1976 1977 1978 1979 1980 1981 1982 1983 1984 1985 1986 1987 1988 1989 1990 1991 1992 1993 1994 1995 1996 1997 1998 1999 2000 2001 2002 2003 2004 2005 2006 2007 2008 2009 2010 2011 2012 2013 2014 2015 2016 2017 2018 2019 2020 2021 2022 2023 2024 2025 2026 2027 2028 2029 2030 2031 2032 2033 2034 2035 2036 2037 2038 2039 2040 2041 2043 2044 2045 2046 2047 2048 2049 2050 2051 2052 2053 2054 2055 2056 2057 2058 2059 2060 2061 2062 2063 2064 2065 2066 2067 2068 2069 2070 2071 2072 2074 2075 2076 2077 2078 2079 2080 2081 2082 2083 2084 2085 2086 2087 2088 2089 2090 2091 2092 2093 2094 2095 2096 2097 2098 2099 2100 2101 2102 2103 2104 2105 2106 2107 2109 2110 2111 2112 2113 2114 2115 2116 2117 2118 2119 2121 2122 2123 2124 2125 2126 2127 2128 2129 2130 2131 2132 2133 2134 2135 2136 2137 2138 2139 2140 2141 2142 2143 2144 2145 2146 2147 2148 2149 2150 2151 2152 2153 2154 2155 2156 2157 2158 2159 2160 2161 2162 2163 2164 2165 2166 2167 2168 2169 2170 2171 2172 2173 2174 -1
124: 1 3 91 16 1525 44 13 523 494 82 1529 71 1526 11 20 1524 1527 1528 18 1523 450 2177 2178 2179 -1
125: 2180 2182 2183 2184 2185 -1
126: 2187 -1
127: -1
128: -1
129: 0 -1
130: -1
131: 0 -1
132: 364 436 0 16 1 1740 -1
133: 222 82 777 1 29 516 518 137 0 -1
134: 777 1458 1628 779 77 25 0 -1
135: 0 487 -1
136: 0 -1
137: 1263 0 -1
138: 333 1642 -1
139: 0 1 -1
140: 1045 1046 1047 -1
141: 0 -1
142: 25 777 888 0 1266 1624 -1
143: 0 11 -1
144: 0 -1
145: 0 -1
146: 918 283 16 1 -1
147: 353 3 7 1 -1
148: 672 1 918 954 -1
149: -1
150: 3 485 1 91 7 -1
151: 7 1 170 130 -1
152: 1 -1
153: 355 1454 354 495 344 798 921 3 1 174 7 170 436 672 671 1525 13 130 229 232 -1
154: 1 954 -1
155: 2177 -1
156: 222 223 224 225 226 227 7 1 228 229 231 91 232 233 -1
157: 1 -1
158: 436 1 29 521 798 -1
159: 7 1 -1
160: 487 1 -1
161: 353 3 7 1 -1
162: 436 174 1 -1
163: 7 1 -1
164: 1433 1294 839 1271 1275 1283 1287 1 495 1537 1538 -1
165: 364 1244 1 -1
166: 1 16 364 -1
167: 364 527 520 16 521 91 130 526 71 518 340 174 671 524 1 528 525 13 397 222 1694 234 -1
168: 918 283 16 1 -1
169: 2178 1 216 1385 1458 -1
170: 91 29 174 16 1 25 670 -1
171: 222 1 -1
172: 1 -1
173: 1 -1
174: 25 356 344 352 354 436 7 3 672 170 16 1 671 1525 13 130 44 -1
175: 16 170 436 3 29 -1
176: 344 1276 1264 1272 955 1287 1275 1319 7 1 523 671 1525 16 672 918 1300 -1
177: 951 1263 170 888 1 -1
178: 1 -1
179: 495 174 7 130 354 1 230 25 670 23 -1
180: 436 7 16 672 1 1454 1275 798 -1
181: 234 222 344 1 -1
182: 186 183 184 185 187 188 189 -1
183: 491 184 187 -1
184: -1
185: 184 187 -1
186: -1
187: -1
188: 184 187 -1
189: 491 184 187 -1
190: 2 333 781 -1
191: 2 333 1015 -1
192: 1648 -1
193: 2 234 395 222 -1
194: 2 -1
195: 2 -1
196: 2 234 -1
197: 333 1681 436 2 -1
198: 1648 2 25 -1
199: 2 -1
200: 1683 333 2 -1
201: 2 -1
202: 781 1717 2 222 954 234 364 -1
203: 1206 2 -1
204: 1407 1291 1292 1294 1281 1717 83 255 1275 1283 1297 1295 1287 1327 1293 1311 2 7 174 25 6 436 1284 796 1286 1285 495 1268 1272 1273 1296 1288 1270 24 502 644 503 1265 953 891 1289 1290 -1
205: 2 -1
206: 1675 1676 1677 1678 1679 333 1680 1681 2 1685 -1
207: 2 -1
208: 2 -1
209: 16 216 2 1718 1458 781 364 487 25 1244 987 -1
210: 1648 2 -1
211: 9 2 -1
212: 2 -1
213: 2 -1
214: 2 25 -1
215: 2 -1
216: -1
217: 333 1187 395 1648 1647 -1
218: 222 2 -1
219: 2 -1
220: 1572 2 -1
221: 2 -1
222: -1
223: 222 954 -1
224: -1
225: -1
226: -1
227: -1
228: -1
229: -1
230: 7 232 354 1 91 83 3 -1
231: -1
232: -1
233: -1
234: -1
235: 230 2185 798 83 3 222 -1
236: 3 818 11 13 7 14 35 -1
237: 3 222 -1
238: 222 282 954 223 394 972 50 436 3 464 85 230 344 1433 1327 888 1287 -1
239: 44 3 1648 1681 -1
240: 3 -1
241: 3 -1
242: 344 232 7 3 672 234 -1
243: 3 -1
244: 7 82 11 3 -1
245: 921 7 3 521 14 468 1 1267 781 -1
246: 3 -1
247: 364 3 7 -1
248: 1634 3 7 -1
249: 174 364 3 29 -1
250: 7 3 364 1085 -1
251: 7 1 -1
252: 3 -1
253: 282 1288 3 130 174 1 -1
254: 3 7 -1
255: 83 502 -1
256: 364 436 672 14 3 1 777 -1
257: 502 3 468 954 -1
258: 11 3 364 174 29 -1
259: 1433 1261 255 1275 1263 228 1286 1283 1287 1281 1282 1292 1291 3 -1
260: 11 3 234 -1
261: 354 7 1 170 3 174 798 -1
262: 83 1267 5 223 3 222 -1
263: 969 3 -1
264: -1
265: 4 333 -1
266: 839 4 9 -1
267: 4 -1
268: 4 -1
269: 90 104 1404 4 -1
270: 364 4 -1
271: 333 4 -1
272: 1648 4 1681 -1
273: 1701 356 512 777 514 364 4 142 -1
274: 4 364 1433 -1
275: 1 492 516 4 -1
276: 818 -1
277: 222 -1
278: 818 -1
279: 888 818 1624 255 -1
280: 818 1244 -1
281: 16 818 -1
282: 222 -1
283: -1
284: 222 502 1266 1270 -1
285: 502 -1
286: 971 973 974 975 976 977 978 -1
287: 115 502 1331 -1
288: 1244 1345 502 234 781 -1
289: 5 -1
290: 1694 1266 1433 1281 1293 709 710 502 344 1270 1272 1277 115 1289 891 1044 -1
291: 502 -1
292: 502 1276 -1
293: 222 502 -1
294: 502 1695 -1
295: 1085 283 222 234 1044 1275 502 1263 -1
296: 222 1327 1273 1345 1263 5 -1
297: 502 888 -1
298: 222 5 -1
299: 222 954 364 502 -1
300: 1275 222 954 502 -1
301: 1263 969 1281 1271 1433 1275 1283 1287 1286 1272 495 83 1288 1624 888 922 781 777 255 222 -1
302: 1675 502 -1
303: 222 -1
304: 502 -1
305: 502 222 -1
306: 797 344 1433 495 1272 502 115 888 1276 282 957 283 364 1695 781 850 954 234 1694 1389 1243 -1
307: 5 -1
308: 781 397 918 216 921 1290 1321 282 1331 1437 1294 1281 829 1717 1433 1287 115 502 955 495 83 1288 -1
309: 1244 502 -1
310: 502 -1
311: 1695 502 -1
312: 222 5 -1
313: 502 -1
314: 502 1281 1275 -1
315: 502 283 1717 1275 -1
316: 1328 502 -1
317: 502 222 -1
318: 222 781 234 364 1044 794 495 1275 502 1276 -1
319: 954 502 -1
320: 222 954 1044 502 -1
321: 1270 -1
322: 333 6 -1
323: 6 -1
324: 6 -1
325: 6 -1
326: 6 -1
327: 6 -1
328: 6 -1
329: 6 -1
330: 6 -1
331: 6 333 -1
332: 6 -1
333: -1
334: 6 1458 -1
335: -1
336: -1
337: -1
338: -1
339: -1
340: 1717 1454 7 91 29 174 16 1 670 25 -1
341: -1
342: -1
343: -1
344: -1
345: 1685 -1
346: -1
347: -1
348: -1
349: -1
350: -1
351: -1
352: -1
353: -1
354: -1
355: 222 -1
356: -1
357: -1
358: -1
359: 7 364 352 1276 -1
360: -1
361: 222 223 364 7 781 -1
362: 7 -1
363: 358 -1
364: 358 -1
365: 7 174 -1
366: 222 364 7 -1
367: 364 1717 7 222 -1
368: 222 781 7 364 1038 -1
369: 333 1648 1647 -1
370: 25 7 650 -1
371: 353 7 -1
372: 1038 282 1044 7 174 1389 -1
373: 1458 7 1678 364 -1
374: 369 333 1648 1647 -1
375: 333 1643 7 364 1648 1645 -1
376: 14 7 1454 672 -1
377: 358 -1
378: 358 -1
379: 7 -1
380: 7 -1
381: 358 -1
382: 282 -1
383: 7 671 222 -1
384: 7 -1
385: 162 951 888 889 1624 7 -1
386: 1648 364 7 -1
387: 358 -1
388: 7 -1
389: 7 -1
390: 7 -1
391: 7 -1
392: 7 523 130 671 -1
393: 1263 7 1695 1717 344 -1
394: -1
395: -1
396: 922 1624 -1
397: -1
398: 397 -1
399: 397 -1
400: 427 397 -1
401: 8 -1
402: 222 9 -1
403: 9 -1
404: 1014 9 1458 -1
405: 9 1244 1246 -1
406: 364 333 9 777 -1
407: 516 9 16 -1
408: 9 -1
409: 487 9 -1
410: 9 -1
411: 455 9 -1
412: 9 1014 364 -1
413: 234 10 -1
414: 10 -1
415: 10 -1
416: 10 -1
417: 1606 10 -1
418: 1329 921 10 -1
419: 10 -1
420: 234 10 -1
421: 333 10 -1
422: 921 10 1329 -1
423: 10 -1
424: 10 1606 -1
425: 333 1648 1458 10 921 -1
426: 10 333 1677 -1
427: -1
428: 222 -1
429: 222 -1
430: 427 222 1694 -1
431: 427 222 -1
432: 427 222 -1
433: 427 222 -1
434: 222 -1
435: 222 -1
436: 669 1311 163 174 1454 340 672 13 130 1 671 14 670 25 523 23 673 140 358 -1
437: 13 82 7 1 234 -1
438: -1
439: -1
440: -1
441: 438 -1
442: 438 -1
443: 438 -1
444: 438 -1
445: 14 -1
446: 14 1606 -1
447: 438 -1
448: 222 14 518 25 174 -1
449: 14 1458 -1
450: 234 222 954 223 781 1694 1433 14 364 1624 494 516 817 777 -1
451: 127 457 30 358 14 672 222 487 85 357 11 -1
452: 14 1454 672 360 358 -1
453: 438 -1
454: 438 -1
455: 333 972 1572 777 1257 1122 -1
456: 429 14 1529 1681 1648 -1
457: 971 973 974 975 976 978 -1
458: 14 1529 1681 1648 -1
459: 1458 14 777 25 -1
460: 364 1539 14 -1
461: 438 -1
462: 14 -1
463: 14 516 1718 -1
464: 516 14 1685 -1
465: 14 1 264 -1
466: 14 -1
467: 14 1648 -1
468: 516 14 17 -1
469: 14 1718 -1
470: -1
471: 1266 1288 1292 1287 1286 -1
472: 470 -1
473: 470 -1
474: 470 -1
475: 470 -1
476: 25 -1
477: 16 -1
478: 777 1014 16 -1
479: 1 16 671 1525 -1
480: 353 -1
481: 918 283 16 1 -1
482: 918 283 16 1 -1
483: 1276 1454 1440 16 436 1311 1275 1262 918 -1
484: -1
485: 918 283 16 1 -1
486: -1
487: -1
488: 2185 1014 487 -1
489: 487 -1
490: 17 -1
491: 183 184 185 186 187 188 189 -1
492: -1
493: -1
494: -1
495: -1
496: 25 1 18 777 -1
497: -1
498: -1
499: -1
500: -1
501: -1
502: 222 -1
503: -1
504: 1288 2177 -1
505: -1
506: -1
507: -1
508: -1
509: -1
510: -1
511: -1
512: -1
513: 450 516 14 0 518 523 526 71 129 -1
514: -1
515: -1
516: -1
517: 340 364 -1
518: -1
519: -1
520: -1
521: -1
522: -1
523: -1
524: -1
525: -1
526: -1
527: -1
528: -1
529: -1
530: 543 548 -1
531: 543 -1
532: 543 -1
533: 543 548 -1
534: 543 548 -1
535: 543 548 -1
536: 543 548 -1
537: 543 548 -1
538: 543 548 -1
539: 543 548 -1
540: 542 543 545 548 -1
541: 543 -1
542: 600 547 -1
543: -1
544: -1
545: -1
546: 816 543 -1
547: 542 543 545 548 816 -1
548: -1
549: 542 543 545 548 -1
550: 542 543 545 548 -1
551: 542 543 545 548 -1
552: 542 543 545 548 -1
553: 542 543 545 548 -1
554: 542 543 545 548 -1
555: 542 543 545 548 -1
556: 542 543 545 548 -1
557: 542 543 545 548 -1
558: 542 543 545 548 -1
559: 542 543 545 548 -1
560: 542 543 545 548 -1
561: 542 543 545 548 -1
562: 542 543 545 548 -1
563: 542 543 545 548 -1
564: 542 543 545 548 -1
565: 542 543 545 548 -1
566: 542 543 545 548 -1
567: 542 543 545 548 -1
568: 542 543 545 548 -1
569: 542 543 545 548 -1
570: 542 543 545 548 -1
571: 542 543 545 548 -1
572: 542 543 545 548 -1
573: 542 543 545 548 -1
574: 542 543 545 548 -1
575: 543 548 -1
576: 542 543 545 548 -1
577: 542 543 545 548 -1
578: 542 543 545 548 -1
579: 542 543 545 548 -1
580: 542 543 545 548 -1
581: 542 543 545 548 -1
582: 542 543 545 548 -1
583: 542 543 545 548 -1
584: 542 543 545 548 -1
585: 542 543 545 548 -1
586: 542 543 545 548 -1
587: 542 543 545 548 -1
588: 542 543 545 548 -1
589: 543 548 -1
590: 543 -1
591: 543 -1
592: 543 -1
593: 543 -1
594: 543 548 -1
595: 543 548 -1
596: 543 548 -1
597: 543 -1
598: 543 -1
599: 543 -1
600: 542 543 545 816 -1
601: 542 543 545 548 -1
602: 542 543 545 548 -1
603: 542 543 545 548 -1
604: 542 543 545 548 -1
605: 543 548 -1
606: -1
607: 606 -1
608: 606 -1
609: 606 -1
610: 606 -1
611: 606 -1
612: 606 -1
613: 606 -1
614: 606 -1
615: 606 -1
616: 606 -1
617: 606 -1
618: 606 -1
619: 606 -1
620: 606 -1
621: 606 -1
622: 606 -1
623: 606 -1
624: 606 -1
625: 606 -1
626: 606 -1
627: 606 -1
628: 606 -1
629: 606 -1
630: 606 -1
631: 606 -1
632: 606 -1
633: 606 -1
634: 606 -1
635: 606 -1
636: 606 -1
637: 606 -1
638: 606 -1
639: 606 -1
640: 606 -1
641: 23 -1
642: 23 -1
643: -1
644: -1
645: -1
646: 1648 643 -1
647: 1648 643 -1
648: 645 -1
649: 1643 -1
650: -1
651: 795 25 -1
652: 25 -1
653: 25 -1
654: 25 -1
655: 25 -1
656: 25 -1
657: 25 -1
658: 174 25 356 344 352 -1
659: 25 -1
660: 25 44 174 364 1244 -1
661: 25 1440 174 1 1454 222 -1
662: 1194 25 222 1685 -1
663: 25 -1
664: 25 -1
665: 1458 25 516 777 512 1556 1244 128 -1
666: 25 -1
667: 222 26 -1
668: -1
669: -1
670: 222 82 777 1 29 516 518 137 0 -1
671: -1
672: -1
673: -1
674: 716 -1
675: 674 716 737 740 747 751 756 760 768 773 -1
676: -1
677: 676 674 -1
678: -1
679: -1
680: 700 674 -1
681: 700 674 -1
682: 700 674 -1
683: 700 674 -1
684: 713 699 700 674 -1
685: 700 674 -1
686: 700 674 -1
687: 700 674 -1
688: 700 674 -1
689: 713 700 674 -1
690: 713 700 674 -1
691: 700 674 -1
692: 700 674 -1
693: 700 674 -1
694: 700 674 -1
695: 700 674 -1
696: 700 674 -1
697: 674 -1
698: 713 699 700 674 -1
699: -1
700: -1
701: 674 -1
702: -1
703: 674 -1
704: 700 -1
705: 700 674 -1
706: 674 716 737 740 747 751 756 760 768 -1
707: -1
708: -1
709: -1
710: -1
711: -1
712: 700 674 -1
713: -1
714: 700 674 -1
715: -1
716: 674 -1
717: 674 -1
718: 674 773 -1
719: 674 700 773 -1
720: 674 -1
721: -1
722: 674 -1
723: -1
724: 674 -1
725: 674 -1
726: 674 -1
727: 674 716 737 740 747 751 756 760 768 773 -1
728: 674 676 716 737 740 747 751 756 760 768 773 -1
729: 674 716 737 740 747 751 756 760 768 773 -1
730: 674 716 737 740 747 751 756 760 768 773 -1
731: 674 676 716 737 740 747 751 756 760 768 -1
732: 674 723 716 737 740 747 751 756 760 768 773 -1
733: 674 716 737 740 747 751 756 760 768 -1
734: 674 716 737 740 747 751 756 760 768 -1
735: 716 674 737 740 747 751 756 760 768 -1
736: 674 716 737 740 747 751 756 760 768 -1
737: -1
738: -1
739: -1
740: 674 -1
741: 674 716 737 740 747 751 756 760 768 -1
742: 674 716 737 740 747 751 756 760 768 -1
743: 674 716 737 740 747 751 756 760 768 -1
744: 674 716 737 740 747 751 756 760 768 -1
745: 674 716 737 740 747 751 756 760 768 -1
746: 674 716 737 740 747 751 756 760 768 -1
747: -1
748: 674 716 737 740 747 751 756 760 768 -1
749: 674 716 737 740 747 751 756 760 768 -1
750: 674 716 737 740 747 751 756 760 768 -1
751: -1
752: 751 674 716 737 740 747 756 760 768 -1
753: 674 716 737 740 747 751 756 760 768 -1
754: 674 716 737 740 747 751 756 760 768 -1
755: 674 716 737 740 747 751 756 760 768 -1
756: -1
757: 674 702 716 737 740 747 751 756 760 768 -1
758: 716 674 737 740 747 751 756 760 768 -1
759: 674 700 716 737 740 747 751 756 760 768 -1
760: -1
761: 760 674 716 737 740 747 751 756 768 -1
762: 760 674 716 737 740 747 751 756 768 -1
763: 674 716 737 740 747 751 756 760 768 -1
764: 674 716 737 740 747 751 756 760 768 -1
765: 674 716 737 740 747 751 756 760 768 -1
766: 674 768 716 737 740 747 751 756 760 -1
767: 674 716 737 740 747 751 756 760 768 -1
768: 674 -1
769: 674 716 737 740 747 751 756 760 768 -1
770: 674 716 737 740 747 751 756 760 768 -1
771: 674 716 737 740 747 751 756 760 768 -1
772: -1
773: -1
774: 674 676 707 700 716 723 737 740 747 751 756 760 768 773 -1
775: 1328 222 283 502 51 364 1327 28 -1
776: 222 28 -1
777: -1
778: -1
779: -1
780: -1
781: -1
782: 222 140 441 3 364 -1
783: 784 785 786 787 788 789 -1
784: -1
785: -1
786: -1
787: -1
788: -1
789: -1
790: -1
791: 0 1 4 3 6 18 11 7 20 27 -1
792: 784 785 786 787 788 789 -1
793: -1
794: -1
795: -1
796: -1
797: 793 -1
798: 793 -1
799: 793 -1
800: 793 1433 -1
801: 793 -1
802: 793 -1
803: 793 -1
804: 32 796 -1
805: 781 222 -1
806: 809 814 815 816 544 543 -1
807: 809 810 813 814 815 816 544 543 -1
808: 809 810 -1
809: -1
810: -1
811: 809 810 813 814 815 816 544 543 -1
812: 809 810 813 814 815 816 544 543 -1
813: -1
814: -1
815: -1
816: -1
817: -1
818: -1
819: 37 -1
820: 37 -1
821: -1
822: 90 -1
823: -1
824: 38 -1
825: 38 -1
826: 954 1266 104 644 1270 38 834 821 840 -1
827: 829 38 708 709 283 1272 1694 -1
828: 1404 -1
829: 1404 38 901 -1
830: 502 1404 282 38 -1
831: 38 222 -1
832: 901 1404 38 1406 829 -1
833: 223 38 -1
834: -1
835: 38 -1
836: 38 1717 1266 781 -1
837: 90 -1
838: -1
839: 1263 -1
840: -1
841: 1045 1046 1047 -1
842: 222 -1
843: -1
844: -1
845: -1
846: 844 -1
847: 844 -1
848: -1
849: -1
850: 849 879 487 897 -1
851: 487 897 898 899 900 -1
852: 849 879 967 487 897 -1
853: 849 879 880 487 892 897 898 899 -1
854: 849 879 880 487 897 898 899 -1
855: 879 880 487 892 897 898 899 -1
856: 849 879 880 487 892 897 898 899 900 -1
857: 879 880 897 898 899 -1
858: 849 879 880 487 892 897 898 899 -1
859: 849 879 880 897 898 899 900 -1
860: 849 879 880 487 892 897 898 899 900 -1
861: 849 879 880 487 892 897 898 899 -1
862: 849 879 880 897 898 899 -1
863: 897 898 899 900 -1
864: 849 879 880 897 898 899 900 -1
865: 849 879 880 487 897 -1
866: 879 487 897 898 -1
867: 879 880 487 897 -1
868: 849 897 900 -1
869: 879 880 487 897 898 899 900 -1
870: 880 899 487 897 898 900 -1
871: 879 880 487 897 898 899 900 -1
872: 880 1328 487 897 898 899 -1
873: 880 899 487 897 898 900 -1
874: 879 1331 487 897 898 -1
875: 879 487 897 -1
876: 879 880 487 897 898 -1
877: 879 781 487 897 898 -1
878: 879 880 364 1328 918 795 1389 1085 897 898 899 -1
879: -1
880: -1
881: 880 487 -1
882: 487 -1
883: 487 -1
884: 900 -1
885: 849 897 898 899 -1
886: 900 -1
887: 1287 -1
888: 889 436 -1
889: -1
890: -1
891: -1
892: -1
893: 879 880 897 487 -1
894: 900 897 -1
895: 849 -1
896: 849 897 -1
897: -1
898: -1
899: -1
900: -1
901: -1
902: 222 -1
903: -1
904: -1
905: -1
906: -1
907: -1
908: 364 1 -1
909: 44 777 -1
910: 903 -1
911: 44 -1
912: 44 1 -1
913: 44 -1
914: 7 170 174 44 777 -1
915: 333 1458 -1
916: 364 1 -1
917: 234 44 7 -1
918: -1
919: -1
920: -1
921: -1
922: 1458 -1
923: -1
924: 932 -1
925: 1257 923 924 -1
926: 933 -1
927: 930 -1
928: -1
929: -1
930: -1
931: -1
932: -1
933: 926 927 928 929 930 931 932 -1
934: -1
935: 945 -1
936: 945 -1
937: 487 934 -1
938: 945 -1
939: 945 -1
940: 934 -1
941: 945 -1
942: 945 -1
943: 945 -1
944: 945 -1
945: 944 -1
946: 971 973 974 975 976 978 -1
947: -1
948: -1
949: -1
950: 951 888 -1
951: 1244 -1
952: 1404 829 -1
953: 222 -1
954: 222 -1
955: 1433 1263 1286 1287 1288 1283 1275 1276 -1
956: 951 223 888 -1
957: -1
958: 951 888 -1
959: 51 115 -1
960: 51 956 -1
961: 51 -1
962: 25 1244 51 -1
963: 951 223 -1
964: 222 -1
965: 51 956 -1
966: 51 90 -1
967: 1694 955 950 51 957 -1
968: 51 -1
969: -1
970: 51 503 -1
971: -1
972: 973 974 975 976 -1
973: -1
974: -1
975: -1
976: -1
977: -1
978: -1
979: 971 973 974 975 976 978 -1
980: 971 973 974 975 976 978 -1
981: -1
982: -1
983: 982 -1
984: -1
985: -1
986: 987 988 -1
987: -1
988: -1
989: 901 829 -1
990: 1008 -1
991: 1008 -1
992: 1008 -1
993: 1008 -1
994: 1008 -1
995: 1008 -1
996: 1008 -1
997: 1008 -1
998: 1008 -1
999: 1008 -1
1000: 1008 -1
1001: 1008 -1
1002: 1008 -1
1003: 1008 -1
1004: 1008 -1
1005: 1008 -1
1006: 1008 -1
1007: 1008 -1
1008: -1
1009: 1008 -1
1010: 1008 -1
1011: 1008 -1
1012: 57 -1
1013: 58 -1
1014: -1
1015: 1017 1458 1675 1679 333 932 -1
1016: 1018 -1
1017: 1018 -1
1018: -1
1019: 1679 1678 1680 1675 1677 59 -1
1020: 1027 1028 1029 1030 -1
1021: 1030 -1
1022: 1027 1028 1029 1030 -1
1023: 1027 1028 1029 1030 -1
1024: 1027 1028 1029 1030 -1
1025: 1027 1028 1029 1030 -1
1026: 1027 1028 1029 1030 -1
1027: -1
1028: -1
1029: -1
1030: -1
1031: 1027 1028 1029 1030 -1
1032: 1027 1028 1029 1030 -1
1033: 1027 1028 1029 1030 -1
1034: 1027 1028 1029 1030 -1
1035: 1027 1028 1029 1030 -1
1036: 1027 1028 1029 1030 -1
1037: 1027 1028 1029 1030 -1
1038: 1039 -1
1039: 1038 1040 1041 1042 1043 222 -1
1040: 1039 -1
1041: 1039 -1
1042: 1039 -1
1043: 1039 -1
1044: -1
1045: -1
1046: -1
1047: -1
1048: 63 -1
1049: 63 -1
1050: 1529 344 1718 -1
1051: 438 439 440 -1
1052: 335 14 1454 672 360 -1
1053: -1
1054: -1
1055: -1
1056: -1
1057: -1
1058: -1
1059: -1
1060: -1
1061: 1060 -1
1062: 1060 -1
1063: 1053 1054 1055 1056 1057 1058 1059 1060 1061 1062 1066 1067 1068 1069 1070 1071 1072 1073 1074 1075 1076 1077 1078 1079 1080 1081 1082 1083 1084 -1
1064: 223 7 1 228 229 230 91 234 -1
1065: 1053 1054 1055 1056 1057 1058 1059 1060 1061 1062 1066 1067 1068 1069 1070 1071 1072 1073 1074 1075 1076 1077 1078 1079 1080 1081 1082 1083 1084 -1
1066: -1
1067: -1
1068: -1
1069: -1
1070: -1
1071: -1
1072: -1
1073: -1
1074: -1
1075: -1
1076: 1018 -1
1077: -1
1078: -1
1079: -1
1080: -1
1081: -1
1082: -1
1083: -1
1084: -1
1085: -1
1086: 1115 1116 1117 -1
1087: 1115 1116 1117 -1
1088: 1115 1116 1117 -1
1089: 1115 1116 1117 -1
1090: 1115 1116 1117 -1
1091: 1115 1116 1117 -1
1092: 1115 1116 1117 -1
1093: 1115 1116 1117 -1
1094: 1115 1116 1117 -1
1095: 1115 1116 1117 -1
1096: 1115 1116 1117 -1
1097: 1115 1116 1117 -1
1098: 1115 1116 1117 -1
1099: 1115 1116 1117 -1
1100: 1115 1116 1117 -1
1101: 1115 1116 1117 -1
1102: 1115 1116 1117 -1
1103: 1115 1116 1117 -1
1104: 1115 1116 1117 -1
1105: 1115 1116 1117 -1
1106: 1115 1116 1117 -1
1107: 1115 1116 1117 -1
1108: 1115 1116 1117 -1
1109: 1115 1116 1117 -1
1110: 1115 1116 1117 -1
1111: 1115 1116 1117 -1
1112: 1115 1116 1117 -1
1113: 1115 1116 1117 -1
1114: 1115 1116 1117 -1
1115: -1
1116: -1
1117: -1
1118: -1
1119: 67 -1
1120: -1
1121: -1
1122: -1
1123: 1164 -1
1124: 1164 -1
1125: 1164 -1
1126: 1164 -1
1127: 1164 -1
1128: 1164 -1
1129: 1164 -1
1130: 1164 -1
1131: 1164 -1
1132: 1164 -1
1133: 1164 -1
1134: 1164 -1
1135: -1
1136: -1
1137: -1
1138: -1
1139: -1
1140: -1
1141: -1
1142: 1164 -1
1143: 1164 -1
1144: 1164 -1
1145: 1164 -1
1146: 1164 -1
1147: 1164 -1
1148: 1164 -1
1149: 1164 -1
1150: 1164 -1
1151: 1164 -1
1152: 1164 -1
1153: 1164 -1
1154: 1164 -1
1155: 1164 -1
1156: 1164 -1
1157: 1164 -1
1158: -1
1159: 1164 -1
1160: 1164 -1
1161: 1164 -1
1162: 1164 -1
1163: 1164 -1
1164: -1
1165: 1135 1136 1137 1138 1139 1140 1141 1158 1164 -1
1166: 1135 1136 1137 1138 1139 1140 1141 1158 1164 -1
1167: 1135 1136 1137 1138 1139 1140 1141 1158 1164 -1
1168: 1135 1136 1137 1138 1139 1140 1141 1158 1164 -1
1169: 1135 1136 1137 1138 1139 1140 1141 1158 1164 -1
1170: 1135 1136 1137 1138 1139 1140 1141 1158 1164 -1
1171: 1135 1136 1137 1138 1139 1140 1141 1158 1164 -1
1172: 1135 1136 1137 1138 1139 1140 1141 1158 1164 -1
1173: 1135 -1
1174: 1017 -1
1175: -1
1176: 1174 1177 1018 -1
1177: 1017 -1
1178: 1018 -1
1179: 918 70 364 14 -1
1180: -1
1181: 1180 1182 1187 -1
1182: -1
1183: 1180 1182 1187 -1
1184: 1180 1182 1187 -1
1185: 1180 1182 1187 -1
1186: 1180 1182 1187 -1
1187: -1
1188: 1187 -1
1189: 71 1244 -1
1190: 1195 1196 1197 1198 1199 1200 -1
1191: -1
1192: 1195 1196 1197 1198 1199 1200 -1
1193: 1195 1196 1197 1198 1199 1200 -1
1194: -1
1195: 1194 -1
1196: 1194 1191 -1
1197: -1
1198: -1
1199: -1
1200: -1
1201: 1195 1196 1197 1198 1199 1200 -1
1202: -1
1203: 364 1202 -1
1204: -1
1205: -1
1206: -1
1207: -1
1208: -1
1209: -1
1210: -1
1211: -1
1212: -1
1213: -1
1214: -1
1215: -1
1216: -1
1217: -1
1218: -1
1219: -1
1220: -1
1221: -1
1222: -1
1223: -1
1224: -1
1225: -1
1226: -1
1227: -1
1228: -1
1229: -1
1230: -1
1231: -1
1232: -1
1233: -1
1234: -1
1235: -1
1236: 1235 -1
1237: 18 -1
1238: 18 -1
1239: 18 -1
1240: 18 -1
1241: 18 -1
1242: -1
1243: -1
1244: -1
1245: -1
1246: 1249 -1
1247: -1
1248: 1249 -1
1249: 1243 1244 1245 1246 1247 1248 1250 1251 1252 1253 1254 -1
1250: -1
1251: 1249 -1
1252: -1
1253: -1
1254: -1
1255: 1249 -1
1256: 1249 -1
1257: 186 183 188 189 -1
1258: 82 -1
1259: 82 -1
1260: 25 777 82 516 -1
1261: 1433 1263 1283 1286 1287 1288 -1
1262: -1
1263: 1718 1606 -1
1264: -1
1265: -1
1266: -1
1267: -1
1268: -1
1269: 2185 -1
1270: -1
1271: 83 1283 1287 1291 -1
1272: -1
1273: 90 -1
1274: -1
1275: 1718 1329 -1
1276: -1
1277: -1
1278: -1
1279: -1
1280: -1
1281: -1
1282: -1
1283: -1
1284: -1
1285: -1
1286: -1
1287: -1
1288: -1
1289: -1
1290: -1
1291: -1
1292: -1
1293: -1
1294: -1
1295: -1
1296: -1
1297: -1
1298: 222 1044 -1
1299: 222 83 282 223 -1
1300: 1044 1261 1717 1433 83 1294 1321 222 -1
1301: 83 839 -1
1302: 665 781 1263 921 1718 1270 234 918 83 1264 798 1440 1275 -1
1303: 955 1433 344 83 1270 1440 1311 174 781 222 282 954 223 1694 1262 1283 1275 1278 25 1718 1329 -1
1304: 954 222 948 949 947 -1
1305: 223 83 -1
1306: 954 222 948 949 947 -1
1307: 83 -1
1308: 83 -1
1309: 222 1261 1717 83 1433 953 -1
1310: 83 -1
1311: 83 344 1440 -1
1312: 282 223 1321 83 1263 1286 1692 954 -1
1313: 955 1433 344 83 1270 1440 1311 174 781 222 282 954 223 1694 1262 1283 1275 1278 25 1718 1329 -1
1314: 2185 -1
1315: 83 -1
1316: 83 282 364 503 1694 -1
1317: 83 1287 1283 -1
1318: 25 83 1014 -1
1319: 1045 1046 1047 -1
1320: 83 1433 1276 1275 1717 1287 1286 -1
1321: 222 -1
1322: 1281 1717 1271 255 1433 1275 1283 1287 1261 1286 1262 1272 495 83 1288 -1
1323: 83 -1
1324: 83 954 -1
1325: 222 1327 1273 -1
1326: 83 -1
1327: 1273 -1
1328: -1
1329: -1
1330: -1
1331: 282 -1
1332: -1
1333: -1
1334: -1
1335: -1
1336: -1
1337: -1
1338: -1
1339: -1
1340: -1
1341: -1
1342: -1
1343: -1
1344: -1
1345: -1
1346: -1
1347: 1346 1353 1378 1379 1380 1381 1382 1383 -1
1348: 1346 1353 1378 1379 1380 1381 1382 1383 -1
1349: 1346 1353 1378 1379 1380 1381 1382 1383 -1
1350: 1346 1353 1378 1379 1380 1381 1382 1383 -1
1351: 1346 1353 1378 1379 1380 1381 1382 1383 -1
1352: 1346 1353 1378 1379 1380 1381 1382 1383 -1
1353: -1
1354: 1346 1353 1378 1379 1380 1381 1382 1383 -1
1355: 1353 -1
1356: 1353 -1
1357: 1346 1353 1383 -1
1358: 1346 -1
1359: 1346 -1
1360: 1346 -1
1361: 1346 -1
1362: 1346 -1
1363: 1346 -1
1364: 1346 -1
1365: 1346 -1
1366: 1346 -1
1367: 1346 -1
1368: 1346 1353 1378 1379 1380 1381 1382 1383 -1
1369: 1346 -1
1370: 1346 -1
1371: 1346 -1
1372: 1346 -1
1373: 1346 -1
1374: 1346 -1
1375: 1346 -1
1376: 1346 -1
1377: 1346 1353 1378 1379 1380 1381 1382 1383 -1
1378: -1
1379: -1
1380: -1
1381: -1
1382: -1
1383: -1
1384: 1346 1353 1378 1379 1380 1381 1382 1383 -1
1385: -1
1386: -1
1387: 88 -1
1388: 932 -1
1389: -1
1390: 222 -1
1391: -1
1392: -1
1393: -1
1394: -1
1395: -1
1396: -1
1397: -1
1398: -1
1399: -1
1400: -1
1401: -1
1402: -1
1403: -1
1404: 222 -1
1405: 1404 829 -1
1406: -1
1407: -1
1408: 90 -1
1409: 888 1624 90 -1
1410: 223 1433 90 -1
1411: 222 -1
1412: 234 1624 90 -1
1413: 90 -1
1414: 90 -1
1415: 90 -1
1416: 487 90 -1
1417: 90 -1
1418: 1267 1044 90 1606 1249 -1
1419: 222 839 502 90 495 -1
1420: 90 -1
1421: 889 222 1038 -1
1422: 829 90 -1
1423: 1244 90 222 845 -1
1424: 1433 90 1389 -1
1425: 829 901 90 -1
1426: 90 -1
1427: 90 1572 -1
1428: 90 -1
1429: 90 502 -1
1430: 1044 1321 829 90 1433 1275 -1
1431: 90 1407 -1
1432: 222 90 -1
1433: 344 839 1261 1281 1288 1294 1282 1286 1287 1292 1283 1291 1265 1268 -1
1434: 222 954 90 829 1406 -1
1435: 793 90 -1
1436: 829 90 1270 1693 544 -1
1437: 503 1433 1717 1276 1275 1274 1267 90 1404 829 104 -1
1438: 901 90 115 503 -1
1439: 90 829 901 222 954 1694 -1
1440: 344 1275 1311 495 1264 1262 -1
1441: -1
1442: 364 668 344 954 -1
1443: 1164 -1
1444: 1 91 229 232 -1
1445: 1459 1458 1460 1461 1462 1463 1464 1465 -1
1446: 1459 1458 1460 1461 1462 1463 1464 1465 -1
1447: 1458 1459 1460 1461 1462 1463 1464 1465 -1
1448: 1458 1459 1460 1461 1462 1463 1464 1465 -1
1449: 1458 1459 1460 1461 1462 1463 1464 1465 -1
1450: 1458 1459 1460 1461 1462 1463 1464 1465 -1
1451: 1454 1458 1459 1460 1461 1462 1463 1464 1465 -1
1452: 1458 1459 1460 1461 1462 1463 1464 1465 -1
1453: 1454 1458 1459 1460 1461 1462 1463 1464 1465 -1
1454: 492 -1
1455: 1458 1459 1460 1461 1462 1463 1464 1465 -1
1456: 1458 1459 1460 1461 1462 1463 1464 1465 -1
1457: 1459 1458 1460 1461 1462 1463 1464 1465 -1
1458: 1460 1464 1465 -1
1459: 1242 649 1685 -1
1460: -1
1461: 1460 1445 -1
1462: 1460 1445 -1
1463: -1
1464: 1680 -1
1465: 1680 -1
1466: 674 716 737 740 747 751 756 760 768 -1
1467: 674 699 716 737 740 747 751 756 760 768 -1
1468: 674 716 737 740 747 751 756 760 768 -1
1469: 674 716 737 740 747 751 756 760 768 -1
1470: 674 716 737 740 747 751 756 760 768 -1
1471: 674 756 716 737 740 747 751 760 768 -1
1472: 674 716 737 740 747 751 756 760 768 -1
1473: 674 716 737 740 747 751 756 760 768 -1
1474: 674 723 716 737 740 747 751 756 760 768 -1
1475: 674 716 737 740 747 751 756 760 768 -1
1476: 674 716 737 740 747 751 756 760 768 -1
1477: 674 716 737 740 747 751 756 760 768 -1
1478: 674 716 737 740 747 751 756 760 768 -1
1479: 674 716 737 740 747 751 756 760 768 -1
1480: 674 716 737 740 747 751 756 760 768 -1
1481: 674 716 737 740 747 751 756 760 768 -1
1482: 674 700 -1
1483: 674 716 737 740 747 751 756 760 768 -1
1484: 674 -1
1485: 700 674 773 -1
1486: 700 674 773 -1
1487: 674 700 -1
1488: 700 674 -1
1489: 674 716 737 740 747 751 756 760 768 -1
1490: 674 716 737 740 747 751 756 760 768 -1
1491: 674 773 -1
1492: 700 674 773 -1
1493: 674 -1
1494: 713 699 700 674 -1
1495: 700 674 -1
1496: 700 674 -1
1497: 700 674 -1
1498: 700 674 -1
1499: 700 674 -1
1500: 700 674 -1
1501: 700 674 -1
1502: 700 674 -1
1503: 700 674 -1
1504: 700 674 -1
1505: 700 674 -1
1506: 674 -1
1507: 674 716 737 740 747 751 756 760 768 -1
1508: 674 716 737 740 747 751 756 760 768 -1
1509: 674 716 737 740 747 751 756 760 768 -1
1510: 674 716 737 740 747 751 756 760 768 -1
1511: -1
1512: -1
1513: -1
1514: 255 -1
1515: -1
1516: 1519 -1
1517: 9 1519 1522 -1
1518: 9 1519 1522 -1
1519: -1
1520: 1522 -1
1521: 1522 -1
1522: 1515 -1
1523: -1
1524: -1
1525: -1
1526: -1
1527: -1
1528: -1
1529: 438 -1
1530: -1
1531: -1
1532: -1
1533: 644 1311 1527 95 -1
1534: 644 -1
1535: 184 187 -1
1536: -1
1537: -1
1538: -1
1539: -1
1540: 1539 -1
1541: -1
1542: 1541 -1
1543: 1556 110 -1
1544: 1556 -1
1545: 1550 492 516 14 1556 1564 1567 -1
1546: 1550 492 516 14 1556 1564 1567 -1
1547: 1550 492 516 14 1556 1564 1567 -1
1548: 1550 492 516 14 1556 1564 1567 110 -1
1549: 1550 492 516 14 1556 1564 1567 110 -1
1550: -1
1551: 492 1550 516 14 1556 1564 1567 110 -1
1552: 492 1550 516 14 1556 1564 1567 110 -1
1553: 1550 492 516 14 1556 1564 1567 110 -1
1554: 492 516 14 1556 1564 1567 110 -1
1555: 1556 492 1564 1567 110 -1
1556: -1
1557: 492 1564 1567 1556 110 -1
1558: 492 1564 1567 1556 110 -1
1559: 492 1564 1567 1556 110 -1
1560: 1564 -1
1561: 492 1564 1567 1556 110 -1
1562: 1564 1567 1556 110 -1
1563: 1564 1567 1556 110 -1
1564: -1
1565: 1567 1564 1556 110 -1
1566: 1567 1564 1556 110 -1
1567: 1454 -1
1568: 1556 110 -1
1569: 1575 -1
1570: -1
1571: 1575 -1
1572: 1575 -1
1573: -1
1574: 1575 -1
1575: 1570 -1
1576: 1573 1575 -1
1577: 1573 1575 -1
1578: 1573 1575 -1
1579: 1573 1575 -1
1580: 333 99 222 -1
1581: 333 99 1681 -1
1582: 99 149 2 1 333 9 436 -1
1583: 99 -1
1584: 99 -1
1585: 99 -1
1586: 99 -1
1587: 1573 1575 -1
1588: 1573 1575 -1
1589: 1573 1575 -1
1590: 1573 1575 -1
1591: 1573 1575 -1
1592: 99 -1
1593: 99 -1
1594: 99 -1
1595: 1573 1575 -1
1596: -1
1597: 1596 -1
1598: 1596 -1
1599: 1596 -1
1600: 1596 -1
1601: 1596 -1
1602: 1596 -1
1603: -1
1604: -1
1605: 1701 1454 1717 102 492 1735 -1
1606: -1
1607: -1
1608: -1
1609: -1
1610: 708 104 -1
1611: 222 104 -1
1612: 710 104 -1
1613: 104 1433 891 -1
1614: 104 115 -1
1615: 104 1694 -1
1616: 104 1249 -1
1617: 16 708 1694 104 222 -1
1618: 222 104 1458 -1
1619: 104 -1
1620: 104 888 1272 796 -1
1621: 104 -1
1622: 104 -1
1623: 222 104 838 823 115 829 1044 781 -1
1624: -1
1625: 104 -1
1626: 222 104 -1
1627: 104 955 1263 222 -1
1628: 104 -1
1629: 104 -1
1630: 104 222 394 1606 987 -1
1631: 1249 -1
1632: 104 -1
1633: 222 104 -1
1634: -1
1635: 1640 1641 1680 1642 1643 1644 1645 1646 1647 1648 -1
1636: 1640 1641 1642 1643 1644 1645 1646 1647 1648 -1
1637: 1640 1641 1642 1643 1644 1645 1646 1647 1648 -1
1638: 1640 1641 1642 1643 1644 1645 1646 1647 1648 -1
1639: 1640 1641 1642 1643 1644 1645 1646 1647 1648 -1
1640: 1681 -1
1641: 1681 -1
1642: -1
1643: -1
1644: 1635 -1
1645: -1
1646: 1635 1642 -1
1647: -1
1648: -1
1649: -1
1650: -1
1651: -1
1652: 1782 1789 1794 1792 1783 1784 1786 -1
1653: 1655 -1
1654: 1655 -1
1655: 1653 1654 -1
1656: -1
1657: -1
1658: -1
1659: 1675 1676 1677 1678 1679 333 1680 1681 1685 -1
1660: 1675 1676 1677 1678 1679 333 1680 1681 1685 -1
1661: 1675 1676 1677 1678 1679 333 1680 1681 1685 -1
1662: 1675 1676 1677 1678 1679 333 1680 1681 1685 -1
1663: 1675 1676 1677 1678 1679 333 1680 1681 1685 -1
1664: 1675 1676 1677 1678 1679 333 1680 1681 1685 -1
1665: 1675 1676 1677 1678 1679 333 1680 1681 1685 -1
1666: 1675 1676 1677 1678 1679 333 1680 1681 1685 -1
1667: 1675 1676 1677 1678 1679 333 1680 1681 1685 -1
1668: 1675 1676 1677 1678 1679 333 1680 1681 1685 -1
1669: 1675 1676 1677 1678 1679 333 1680 1681 1685 -1
1670: 1675 1676 1677 1678 1679 333 1680 1681 1685 -1
1671: 1675 1676 1677 1678 1679 333 1680 1681 1685 -1
1672: 1675 1676 1677 1678 1679 333 1680 1681 1685 -1
1673: 1675 1676 1677 1678 1679 333 1680 1681 1685 -1
1674: 1675 1676 1677 1678 1679 333 1680 1681 1685 -1
1675: 333 1679 1677 1678 1683 25 1681 1648 -1
1676: -1
1677: -1
1678: 1679 1648 -1
1679: 333 -1
1680: 333 1678 1681 1679 1683 1458 1677 1648 -1
1681: 1458 333 1680 1679 1683 1678 -1
1682: 1675 1676 1677 1678 1679 333 1680 1681 1685 -1
1683: 1675 1676 1677 1678 1679 333 1680 1681 1685 -1
1684: 1675 1676 1677 1678 1679 333 1680 1681 1685 -1
1685: -1
1686: 1687 -1
1687: -1
1688: 1687 -1
1689: 1687 -1
1690: 1687 -1
1691: 1687 -1
1692: -1
1693: 222 -1
1694: -1
1695: -1
1696: 1699 -1
1697: 1648 1699 1642 -1
1698: 1699 -1
1699: -1
1700: 222 11 29 1678 1699 -1
1701: 1702 -1
1702: 1701 1735 -1
1703: 1701 1735 -1
1704: 1701 1735 -1
1705: 1701 1735 -1
1706: 1701 1735 -1
1707: 1701 1735 -1
1708: 1701 1715 1717 1718 1728 1735 -1
1709: 1701 1715 1717 1718 1728 1735 -1
1710: 1701 -1
1711: 1701 1715 1735 -1
1712: 1701 1715 1735 -1
1713: 1701 1715 1735 -1
1714: 1701 1715 1735 -1
1715: -1
1716: 1701 1717 1718 1728 1735 -1
1717: 1718 1606 -1
1718: -1
1719: 1701 1728 1735 -1
1720: 1701 1728 1735 -1
1721: 1701 1728 1735 -1
1722: 1701 1728 1735 -1
1723: 1701 1728 1735 -1
1724: 1701 1728 1735 -1
1725: 1701 1728 1735 -1
1726: 1701 1728 1735 -1
1727: 1701 1728 1735 -1
1728: -1
1729: 1701 1735 -1
1730: 1701 1735 -1
1731: 1701 1735 -1
1732: 1701 1735 -1
1733: 1701 1735 -1
1734: 1701 1735 -1
1735: -1
1736: 18 -1
1737: 18 -1
1738: 18 -1
1739: -1
1740: -1
1741: 120 -1
1742: 1743 1756 1757 1758 1770 1771 1772 1773 1774 1775 1776 1777 1778 1779 1780 1781 -1
1743: -1
1744: 1743 1770 1771 1772 1773 1774 1775 1776 1777 1778 1779 1780 1781 -1
1745: 1743 1772 1773 1774 1775 1776 1777 1778 1779 1780 1781 -1
1746: 1743 1756 1757 1758 1770 1771 1772 1773 1774 1775 1776 1777 1778 1779 1780 1781 -1
1747: 1743 1770 1771 1772 1773 1774 1775 1776 1777 1778 1779 1780 1781 -1
1748: 1743 1770 1771 1772 1773 1774 1775 1776 1777 1778 1779 1780 1781 -1
1749: 1743 1756 1757 1758 1772 1773 1774 1775 1776 1777 1778 1779 1780 1781 -1
1750: 1743 1770 1771 1772 1773 1774 1775 1776 1777 1778 1779 1780 1781 -1
1751: 1743 1772 1773 1774 1775 1776 1777 1778 1779 1780 1781 -1
1752: 1743 1756 1757 1758 1763 1764 1769 1765 1766 1767 1768 1770 1771 1772 1773 1774 1775 1776 1777 1778 1779 1780 1781 -1
1753: 1743 1772 1773 1774 1775 1776 1777 1778 1779 1780 1781 -1
1754: 1743 1756 1757 1758 1770 1771 1772 1773 1774 1775 1776 1777 1778 1779 1780 1781 -1
1755: 1743 1770 1771 1772 1773 1774 1775 1776 1777 1778 1779 1780 1781 -1
1756: -1
1757: -1
1758: -1
1759: 1743 1780 1781 -1
1760: 1743 1780 1781 -1
1761: 1743 1780 1781 -1
1762: 1743 1780 1781 -1
1763: 1779 -1
1764: -1
1765: -1
1766: -1
1767: -1
1768: -1
1769: -1
1770: -1
1771: -1
1772: -1
1773: 1777 1772 1779 1774 1742 1780 1778 1776 1775 -1
1774: 1772 1773 1742 1775 1777 1776 -1
1775: 1756 1757 1758 1770 1771 1773 1774 1742 1777 1778 1780 1776 -1
1776: 1758 1757 1756 1770 1771 -1
1777: -1
1778: -1
1779: -1
1780: -1
1781: -1
1782: -1
1783: -1
1784: -1
1785: -1
1786: -1
1787: -1
1788: -1
1789: -1
1790: -1
1791: -1
1792: -1
1793: -1
1794: -1
1795: -1
1796: -1
1797: -1
1798: -1
1799: -1
1800: -1
1801: -1
1802: -1
1803: -1
1804: -1
1805: -1
1806: -1
1807: -1
1808: 1235 -1
1809: 1235 -1
1810: -1
1811: -1
1812: -1
1813: -1
1814: -1
1815: 1235 -1
1816: 1235 1811 1812 1813 1814 -1
1817: -1
1818: -1
1819: -1
1820: -1
1821: -1
1822: -1
1823: -1
1824: -1
1825: -1
1826: -1
1827: -1
1828: -1
1829: -1
1830: -1
1831: -1
1832: -1
1833: -1
1834: -1
1835: -1
1836: -1
1837: -1
1838: -1
1839: -1
1840: -1
1841: -1
1842: -1
1843: -1
1844: -1
1845: -1
1846: -1
1847: -1
1848: -1
1849: -1
1850: -1
1851: -1
1852: -1
1853: -1
1854: -1
1855: -1
1856: -1
1857: -1
1858: -1
1859: -1
1860: -1
1861: -1
1862: -1
1863: -1
1864: -1
1865: -1
1866: -1
1867: -1
1868: -1
1869: -1
1870: -1
1871: -1
1872: -1
1873: -1
1874: -1
1875: -1
1876: -1
1877: -1
1878: -1
1879: -1
1880: -1
1881: -1
1882: -1
1883: -1
1884: -1
1885: -1
1886: -1
1887: 1235 1872 1873 1874 1875 1876 1877 1878 1879 1880 1883 1884 1885 1886 -1
1888: -1
1889: -1
1890: -1
1891: -1
1892: -1
1893: -1
1894: -1
1895: -1
1896: -1
1897: -1
1898: -1
1899: -1
1900: -1
1901: -1
1902: -1
1903: -1
1904: -1
1905: -1
1906: -1
1907: -1
1908: -1
1909: -1
1910: -1
1911: -1
1912: -1
1913: -1
1914: -1
1915: -1
1916: -1
1917: -1
1918: -1
1919: -1
1920: -1
1921: -1
1922: -1
1923: -1
1924: -1
1925: -1
1926: -1
1927: -1
1928: -1
1929: -1
1930: -1
1931: -1
1932: -1
1933: -1
1934: -1
1935: -1
1936: -1
1937: -1
1938: -1
1939: -1
1940: -1
1941: -1
1942: -1
1943: -1
1944: -1
1945: -1
1946: -1
1947: -1
1948: -1
1949: -1
1950: -1
1951: -1
1952: -1
1953: -1
1954: -1
1955: -1
1956: -1
1957: -1
1958: -1
1959: -1
1960: -1
1961: -1
1962: -1
1963: -1
1964: -1
1965: -1
1966: -1
1967: -1
1968: -1
1969: -1
1970: -1
1971: -1
1972: -1
1973: 1235 -1
1974: -1
1975: -1
1976: -1
1977: -1
1978: -1
1979: -1
1980: -1
1981: -1
1982: -1
1983: -1
1984: -1
1985: -1
1986: -1
1987: -1
1988: -1
1989: -1
1990: -1
1991: -1
1992: -1
1993: -1
1994: -1
1995: -1
1996: -1
1997: -1
1998: -1
1999: -1
2000: -1
2001: -1
2002: -1
2003: -1
2004: -1
2005: -1
2006: -1
2007: -1
2008: -1
2009: -1
2010: -1
2011: -1
2012: -1
2013: -1
2014: -1
2015: -1
2016: -1
2017: -1
2018: -1
2019: -1
2020: -1
2021: -1
2022: -1
2023: -1
2024: -1
2025: -1
2026: -1
2027: -1
2028: -1
2029: -1
2030: -1
2031: -1
2032: -1
2033: -1
2034: -1
2035: -1
2036: -1
2037: -1
2038: -1
2039: -1
2040: -1
2041: -1
2042: 1235 2029 2030 2031 2032 2033 -1
2043: -1
2044: -1
2045: -1
2046: -1
2047: -1
2048: -1
2049: -1
2050: -1
2051: -1
2052: -1
2053: -1
2054: -1
2055: -1
2056: -1
2057: -1
2058: -1
2059: -1
2060: -1
2061: -1
2062: -1
2063: -1
2064: -1
2065: -1
2066: -1
2067: -1
2068: -1
2069: -1
2070: -1
2071: -1
2072: -1
2073: 1235 2064 2067 2068 -1
2074: -1
2075: -1
2076: -1
2077: -1
2078: -1
2079: -1
2080: -1
2081: -1
2082: -1
2083: -1
2084: -1
2085: -1
2086: -1
2087: -1
2088: -1
2089: -1
2090: -1
2091: -1
2092: -1
2093: -1
2094: -1
2095: -1
2096: -1
2097: -1
2098: -1
2099: -1
2100: -1
2101: -1
2102: -1
2103: -1
2104: -1
2105: -1
2106: -1
2107: -1
2108: 1235 2086 2087 2088 -1
2109: -1
2110: -1
2111: -1
2112: -1
2113: -1
2114: -1
2115: -1
2116: -1
2117: -1
2118: -1
2119: -1
2120: 1235 -1
2121: -1
2122: -1
2123: -1
2124: -1
2125: -1
2126: -1
2127: -1
2128: -1
2129: -1
2130: -1
2131: -1
2132: -1
2133: -1
2134: -1
2135: -1
2136: -1
2137: -1
2138: -1
2139: -1
2140: -1
2141: -1
2142: -1
2143: -1
2144: -1
2145: -1
2146: -1
2147: -1
2148: -1
2149: -1
2150: -1
2151: -1
2152: -1
2153: -1
2154: -1
2155: -1
2156: -1
2157: -1
2158: -1
2159: -1
2160: -1
2161: -1
2162: -1
2163: -1
2164: -1
2165: -1
2166: -1
2167: -1
2168: -1
2169: -1
2170: -1
2171: -1
2172: -1
2173: -1
2174: -1
2175: 2178 2177 -1
2176: 2178 2177 -1
2177: -1
2178: -1
2179: -1
2180: 2181 -1
2181: 2180 -1
2182: 2181 -1
2183: -1
2184: -1
2185: -1
2186: 2180 -1
2187: 1642 -1
