0: -1
1: 227 -1
2: -1
3: -1
4: -1
5: -1
6: -1
7: -1
8: 35 -1
9: -1
10: 514 -1
11: 555 557 561 562 563 565 570 571 572 573 574 575 576 577 578 579 580 581 582 583 585 586 -1
12: -1
13: -1
14: 687 688 689 690 691 692 693 694 695 696 697 698 699 700 702 703 704 705 706 707 708 709 710 711 712 713 714 715 716 717 -1
15: -1
16: 764 765 -1
17: -1
18: 812 814 -1
19: 857 858 859 860 -1
20: 892 893 -1
21: -1
22: -1
23: -1
24: -1
25: 1016 -1
26: -1
27: -1
28: 6 1090 8 1091 1092 1093 -1
29: -1
30: -1
31: -1
32: 87 1155 1156 1157 1158 1159 1160 1161 1162 1163 -1
33: 1187 -1
34: 1218 -1
35: -1
36: -1
37: 1328 1329 -1
38: 1358 1359 1360 1361 1362 1363 -1
39: 8 -1
40: 1413 -1
41: 1436 1437 1438 1439 1440 1441 1442 1443 1444 1445 1446 1447 1448 1449 1450 1451 1452 1453 1454 1455 1456 1413 -1
42: -1
43: 1525 1526 -1
44: 1558 1559 1560 1561 1562 1563 -1
45: 1610 1611 -1
46: -1
47: 1661 1662 1663 1664 1665 1666 1667 1668 1669 1670 1671 1672 1673 1674 1675 1676 1677 1678 -1
48: -1
49: -1
50: 1765 1766 1767 1769 1770 1771 -1
51: -1
52: 1825 1826 1827 -1
53: 1847 1848 -1
54: 1856 1857 1858 1859 1860 -1
55: 1884 9 2 1885 1886 1887 1888 1889 8 1890 1891 -1
56: 1899 1900 1901 1903 1904 -1
57: 1952 1953 1954 -1
58: 1981 1982 1983 1984 1413 1985 1986 -1
59: 2021 2022 2023 35 2024 14 -1
60: -1
61: -1
62: -1
63: 2056 2057 2058 105 6 2059 2060 2061 2062 2063 22 39 2064 40 17 2065 45 8 2 2066 2067 2068 35 7 4 2069 140 2070 2071 2072 2073 943 295 2074 2075 135 43 2076 2077 2078 2079 115 2080 -1
64: 2091 2092 2093 -1
65: 2130 2131 2132 2133 2134 2135 2136 2137 2138 2139 2140 2141 2142 2143 2144 2145 2146 2147 2148 2149 2150 2151 2152 2153 2154 2155 2156 2157 2158 2159 2160 2161 2162 2163 2164 2165 2166 2167 2168 2169 2170 2171 2172 2173 2174 2175 -1
66: -1
67: 2199 -1
68: 2209 -1
69: 2219 2220 2221 2222 2223 2224 -1
70: -1
71: -1
72: -1
73: -1
74: 2296 2297 -1
75: 2328 2330 -1
76: -1
77: 2075 2384 175 2385 2386 118 2069 2387 1629 357 4 100 2388 68 2389 173 140 2390 163 2391 103 9 2392 2042 2393 2394 2079 2080 115 2395 2396 2397 2398 2399 2400 2401 105 2402 2403 2404 2405 2406 2407 93 2408 8 2409 6 28 23 2410 2411 2412 2413 2031 2414 60 2415 2416 2417 738 2418 2419 2420 2421 2422 2423 2424 2425 2426 2427 2428 2429 2430 2178 2431 29 2432 2433 2434 5 2435 2436 113 2437 2438 2439 2440 2441 2442 2443 2444 2073 2445 2446 2447 2070 2448 322 2449 3 416 39 2450 2451 2452 2071 2072 40 22 2063 2064 17 147 2 2062 2453 2068 2454 7 2455 98 2065 2456 2457 2458 169 26 2066 2067 2459 114 2460 14 2461 2462 90 2463 2464 2465 2466 2467 2468 2469 2470 2471 2472 2473 58 2474 79 2475 2476 2477 2478 2479 43 2480 135 2481 2482 2483 2484 2485 2486 2487 2488 2489 2490 2491 2492 2493 2494 1285 2495 1546 59 65 2496 75 2498 2499 -1
78: -1
79: -1
80: 2545 2552 -1
81: 2573 2574 2575 2576 2578 2579 -1
82: 2593 2594 2595 2596 2597 -1
83: 2635 -1
84: -1
85: -1
86: -1
87: 32 -1
88: 2710 -1
89: -1
90: 2759 2760 2761 2762 2763 2764 2765 -1
91: -1
92: -1
93: 4 507 59 2834 14 7 2 2835 98 1885 2836 2837 -1
94: 2838 -1
95: -1
96: -1
97: 2862 104 2863 2864 2865 2866 2867 2868 2869 -1
98: 2875 -1
99: -1
100: 2898 2899 -1
101: 2912 2913 2915 2916 2917 -1
102: 2946 2947 2948 2949 2950 2951 2952 2953 2978 2979 2980 2981 2982 2983 2984 -1
103: 714 14 2021 2834 3034 -1
104: -1
105: -1
106: -1
107: -1
108: -1
109: 3093 -1
110: -1
111: 3107 3108 3116 3117 -1
112: 3133 -1
113: 3173 -1
114: -1
115: 3192 3193 3194 -1
116: -1
117: 3206 3207 -1
118: -1
119: 3247 3263 3264 3265 3266 3267 3268 3269 -1
120: 3293 3294 3295 -1
121: 40 -1
122: 3345 -1
123: 3360 3429 -1
124: 6 2 2063 2402 -1
125: 3448 3449 3450 -1
126: -1
127: -1
128: -1
129: -1
130: 3530 3531 -1
131: -1
132: -1
133: -1
134: 3563 3564 3565 3566 -1
135: 3573 3583 2029 3584 -1
136: -1
137: -1
138: 3604 -1
139: -1
140: 3623 3624 3625 3626 3627 3628 3629 40 -1
141: -1
142: 3645 3646 3647 3648 -1
143: 3659 3660 3661 3662 1887 3663 3664 3665 3666 3667 3668 3669 3670 392 3671 3672 3673 3674 3675 3676 -1
144: -1
145: 14 -1
146: 3703 3704 3705 3706 3707 3708 3710 3711 -1
147: 3712 3713 105 -1
148: -1
149: 3720 3721 -1
150: -1
151: -1
152: -1
153: 808 3752 -1
154: -1
155: -1
156: 3797 3798 3799 3800 3801 3802 3803 3804 3806 3807 3808 -1
157: -1
158: -1
159: -1
160: 3855 -1
161: -1
162: -1
163: -1
164: -1
165: -1
166: 3879 3883 3884 3885 -1
167: 3893 -1
168: 2635 -1
169: -1
170: -1
171: -1
172: -1
173: -1
174: 3948 3954 -1
175: 3960 -1
176: -1
177: 3963 3964 3965 -1
178: -1
179: -1
180: 3999 4000 4001 -1
181: 0 -1
182: 3712 0 -1
183: 0 -1
184: 3712 0 -1
185: 1769 738 0 -1
186: 3712 178 0 3883 -1
187: 0 -1
188: 0 -1
189: 3712 0 2384 178 -1
190: 3712 0 -1
191: 3712 138 0 2147 -1
192: 3712 0 1 2954 -1
193: 0 -1
194: 0 -1
195: 3712 0 -1
196: 0 -1
197: 0 -1
198: 3712 0 -1
199: 0 138 -1
200: 3712 0 -1
201: 0 1769 -1
202: 0 -1
203: 3712 0 3713 -1
204: 0 -1
205: 0 -1
206: 0 -1
207: 0 -1
208: 1983 0 -1
209: 3712 0 -1
210: 0 -1
211: 3712 0 -1
212: 3712 0 -1
213: 0 -1
214: 1054 1668 1667 3712 0 -1
215: 2147 2130 3954 3548 467 0 -1
216: 0 -1
217: 178 2328 0 3712 -1
218: 3712 108 1233 3549 1440 467 0 -1
219: 3268 0 -1
220: 3712 138 0 -1
221: 0 3712 -1
222: 3712 0 -1
223: 0 -1
224: 0 -1
225: 3712 0 -1
226: 0 -1
227: -1
228: -1
229: 1 1668 228 -1
230: 1 -1
231: 2384 1983 738 3883 2529 1 138 3449 133 -1
232: 1 -1
233: 1 1183 -1
234: 1 -1
235: 1 -1
236: 1054 1 -1
237: 3954 2330 1 -1
238: 1 -1
239: 1668 2330 3883 3630 3345 3645 1676 1678 228 1 2221 -1
240: 1 -1
241: 1668 2330 3883 3630 3345 3645 1676 1678 178 228 1 2221 -1
242: 2130 3443 3033 178 1 108 -1
243: 1 -1
244: 1 -1
245: 1 -1
246: 1 3557 -1
247: 1 3712 2954 228 -1
248: 1 178 1440 -1
249: 1 -1
250: 1 -1
251: 228 1668 1 -1
252: 1 -1
253: 0 3712 1 -1
254: 1 2954 -1
255: -1
256: 228 2954 1 178 -1
257: 1 1983 -1
258: 1 -1
259: 1 -1
260: 8 2 2067 -1
261: 8 2 105 39 7 2067 21 -1
262: 4 63 2071 2 8 83 2443 2058 2064 2063 17 45 7 6 40 2061 2059 98 -1
263: 2 40 6 7 8 2443 -1
264: 2 -1
265: 2 -1
266: 2 6 45 40 98 -1
267: 2 -1
268: 107 700 8 2 738 -1
269: 2 -1
270: 8 2 -1
271: 2 -1
272: 2 -1
273: 35 2465 2466 2464 105 2443 2 -1
274: 2 -1
275: 2 178 -1
276: 8 2 -1
277: 178 2 -1
278: 2 -1
279: 43 4 2 3 2465 -1
280: 2 -1
281: 2 -1
282: 416 2 21 -1
283: 2 -1
284: 2399 2443 105 51 6 2409 28 22 40 98 2 39 3 776 3954 -1
285: 2 -1
286: 1899 1900 1901 -1
287: 2 -1
288: 7 2 1472 178 -1
289: 8 83 2 7 2465 -1
290: 7 21 2465 2 -1
291: 3033 3443 3752 3345 2082 3032 305 3244 1686 105 1679 2443 8 2 3 -1
292: 2 -1
293: 2 29 2428 5 2435 2432 2067 -1
294: 2 -1
295: -1
296: 2 -1
297: 3705 416 3883 21 7 2 105 2430 2465 3033 -1
298: 49 2 -1
299: 3244 2933 2 2410 3550 -1
300: 2063 2453 8 2456 3886 26 2 -1
301: 2 -1
302: 2 -1
303: 2760 2759 8 2635 6 22 98 105 2064 2 83 2465 2067 1676 1674 1672 39 322 -1
304: 6 2 2063 2402 -1
305: 3885 3884 -1
306: 3879 3884 3885 -1
307: 3879 3884 3885 -1
308: 3879 3884 3885 -1
309: 3884 3885 -1
310: 3884 3885 -1
311: 3884 3885 -1
312: 3884 3885 -1
313: 2449 1676 1677 -1
314: 2449 138 -1
315: 1672 3 -1
316: 2443 178 3967 21 3 39 2410 3244 2141 -1
317: 3648 -1
318: 7 9 3 -1
319: 138 -1
320: 1672 416 21 105 3 -1
321: 3 2465 -1
322: 3 2465 -1
323: 1899 1900 1901 -1
324: 21 2443 416 322 105 2449 3 -1
325: 2029 2021 3033 3032 707 3345 3443 3445 3 1676 -1
326: 322 2449 3 2443 21 -1
327: 3244 1895 2443 167 6 2031 -1
328: 1676 3 -1
329: 21 1676 3550 416 -1
330: 2130 138 1677 1674 416 1472 3 105 3883 49 1358 108 -1
331: 39 105 322 2449 3 -1
332: 3883 1672 1676 2449 1677 -1
333: 21 -1
334: 416 2443 1674 21 105 3 2449 2141 3037 3645 -1
335: 21 2443 1671 2837 305 105 167 416 2449 322 3 -1
336: 3 2465 -1
337: 322 105 2449 39 3 -1
338: 322 105 -1
339: 1982 1983 1984 1413 1986 -1
340: 3 2911 -1
341: 1677 1676 1672 138 -1
342: 105 3 322 -1
343: 1668 2954 178 1674 1672 1677 2911 138 1678 1675 167 -1
344: 4 -1
345: 4 -1
346: 4 -1
347: 1358 6 2399 4 8 2409 105 28 23 2426 -1
348: 4 -1
349: 157 118 52 115 9 4 8 -1
350: 4 3648 -1
351: 4 -1
352: 4 7 105 -1
353: 1679 1680 2443 1681 104 4 93 173 2352 75 9 47 124 113 1233 21 3244 305 -1
354: 710 709 3 416 4 696 -1
355: 4 -1
356: 4 -1
357: 6 9 4 -1
358: 4 -1
359: 3345 3752 1673 4001 7 17 2065 4 1472 3034 3033 3443 1678 1674 1672 1677 1676 3953 2029 2021 3645 1511 -1
360: 4 -1
361: 4 -1
362: 178 1679 1680 2443 1681 104 4 93 173 2352 75 9 47 124 113 1233 21 305 -1
363: 1983 3345 4 707 709 702 2029 105 -1
364: 8 4 2540 105 -1
365: 4 3345 -1
366: 2 8 4 2073 9 3192 1118 63 1361 -1
367: 4 -1
368: 40 105 4 8 305 -1
369: 4 -1
370: 5 -1
371: 2130 5 166 2390 -1
372: 4 2432 5 -1
373: 3244 2443 890 5 178 2208 21 -1
374: 5 -1
375: 5 -1
376: 894 5 -1
377: 2759 114 5 17 2067 2765 -1
378: 2430 5 21 -1
379: 8 5 -1
380: 5 90 -1
381: 5 2435 2428 2430 -1
382: 5 -1
383: 5 -1
384: 5 891 555 -1
385: 2428 2430 2433 5 2435 -1
386: 95 5 -1
387: 5 -1
388: 738 3314 3310 2064 2884 5 29 26 8 -1
389: 5 555 -1
390: 2090 2428 2429 8 2178 2432 2433 5 2435 894 -1
391: 305 3244 167 2208 1679 2217 890 3983 21 322 2449 2031 9 3 2430 1885 5 2435 2443 -1
392: 5 -1
393: 5 -1
394: 2458 5 2430 29 173 2 -1
395: 2430 5 21 -1
396: 5 2435 29 2067 2432 2428 2178 2430 2433 8 2431 2429 -1
397: 5 -1
398: 21 105 305 3244 1669 5 2759 1825 178 -1
399: 2 8 2410 2443 2058 2063 45 17 2064 26 6 105 22 322 39 98 2455 2428 2430 2432 2433 5 3664 2067 155 169 -1
400: 2428 2429 8 2430 2178 2431 5 29 2432 2433 2435 -1
401: 5 -1
402: 5 -1
403: 105 -1
404: 105 -1
405: 8 83 2443 7 2 2410 143 2475 126 2465 2466 322 3 2067 5 2428 98 2455 -1
406: 1358 26 8 2884 5 3879 -1
407: 8 83 2443 105 2 6 22 2066 40 2062 2059 2453 2065 45 2064 2063 2058 2060 17 26 98 51 139 153 2061 147 79 2476 2473 2409 28 23 126 2884 88 2421 39 143 2466 5 2426 2430 2429 2427 169 155 2434 2431 2635 2410 1092 2487 2482 2425 -1
408: 1899 1900 1901 -1
409: 5 2435 29 2067 2432 2428 2178 2430 2433 8 2431 2429 -1
410: 5 -1
411: 5 29 -1
412: 5 2431 29 -1
413: 5 2435 2067 29 2432 8 14 714 3591 35 2 43 135 2431 2430 2433 2429 105 416 2504 -1
414: 5 2435 2432 29 2429 2178 8 -1
415: 8 51 98 105 139 40 22 2455 808 45 2465 2466 2058 2064 2063 17 2060 6 2059 2 26 95 3742 2443 39 322 3 5 2428 2435 2433 2432 7 2454 -1
416: -1
417: 5 -1
418: 3320 -1
419: -1
420: 3320 -1
421: 416 2443 6 3443 2465 2466 3034 -1
422: 6 -1
423: 6 -1
424: 2443 3244 167 6 2031 -1
425: 6 -1
426: 3443 6 -1
427: 6 -1
428: 7 6 322 39 8 2409 23 -1
429: 6 -1
430: 6 3034 -1
431: 3443 6 -1
432: 3443 2821 3345 40 6 738 -1
433: 2443 8 6 23 -1
434: 6 -1
435: 28 105 23 8 6 2409 2426 -1
436: 3443 3034 6 -1
437: 6 -1
438: 2457 6 -1
439: 416 2504 738 2443 21 2063 40 6 98 22 93 -1
440: 3443 3954 -1
441: 6 -1
442: 3443 6 -1
443: 2409 6 105 28 23 -1
444: 6 -1
445: 6 3443 -1
446: 890 416 3990 3 2443 58 21 2 2426 2837 6 23 3443 3040 3244 3345 305 2217 2208 -1
447: 7 2443 2933 6 2 1664 3244 167 2081 1895 2208 510 -1
448: 714 -1
449: 1899 1900 1901 -1
450: 7 178 -1
451: 7 35 -1
452: 7 -1
453: 7 1472 -1
454: 416 -1
455: 8 1610 -1
456: 8 -1
457: 1698 3345 2029 3571 416 2759 61 3268 8 467 -1
458: 1899 1900 1901 -1
459: 45 8 -1
460: 8 -1
461: 8 -1
462: 8 2465 -1
463: 8 2473 2464 2465 2466 -1
464: 8 -1
465: 3883 8 467 -1
466: 8 2884 416 3345 2217 2208 1440 -1
467: 8 -1
468: 8 -1
469: 8 2465 -1
470: 8 2465 -1
471: 8 467 3883 -1
472: 8 2465 -1
473: 8 2465 -1
474: 8 2465 -1
475: 8 -1
476: 3883 8 467 -1
477: 8 -1
478: 8 -1
479: 8 -1
480: 1884 9 2328 -1
481: 9 -1
482: 2410 9 3549 -1
483: 3345 9 -1
484: 105 9 7 1885 -1
485: 9 -1
486: 2410 39 322 2449 3 21 9 58 45 8 -1
487: 1440 9 -1
488: 2071 4 9 -1
489: 7 9 3645 178 -1
490: 3549 2837 314 416 1669 1407 3244 1679 3040 21 2933 738 2443 167 2 2058 8 2060 2063 2064 17 45 105 40 322 2449 39 3 118 115 77 9 467 129 7 1358 3550 -1
491: 9 -1
492: 6 40 4 9 2 2449 322 416 39 105 3 -1
493: 696 9 -1
494: 9 1886 -1
495: 3 105 9 -1
496: 2058 2063 26 2 2064 17 45 40 4 9 -1
497: 322 105 3 40 2 7 8 2064 108 2409 418 98 28 23 168 4 93 9 2833 63 2428 2430 5 2486 2487 2464 2465 2466 -1
498: 1884 55 2396 2467 100 9 4 2208 -1
499: 108 -1
500: 8 2460 114 14 971 799 45 2410 9 1945 1920 -1
501: 9 -1
502: 2067 2443 2410 2465 6 22 98 8 93 29 2435 5 2432 2428 2431 2429 2430 2178 2433 2 169 9 2060 2063 2064 40 17 45 2453 2065 2062 2059 105 7 2061 95 3661 3664 2042 -1
503: 9 -1
504: 1431 2902 1895 340 3244 2208 1679 690 2866 9 2443 21 178 -1
505: 167 4 1890 9 943 135 -1
506: 400 7 21 700 416 2067 96 1514 3883 178 3244 738 2456 707 -1
507: 93 4 2408 9 -1
508: 3244 2208 7 2443 4 68 9 118 166 77 159 8 806 105 79 710 21 340 -1
509: 1899 1900 1901 -1
510: 3752 2029 1895 738 1676 1885 9 3244 2330 1668 3954 -1
511: 2 9 75 68 104 77 146 2866 -1
512: 9 -1
513: 2215 2208 9 2443 305 105 3244 710 690 21 167 -1
514: 10 -1
515: 10 -1
516: 3549 2255 738 2472 10 -1
517: 10 -1
518: 10 -1
519: 10 -1
520: 10 -1
521: 3549 10 -1
522: 10 -1
523: 10 -1
524: 10 -1
525: 10 -1
526: 10 -1
527: 1233 138 1472 3549 738 2472 3883 10 3268 2384 859 2255 793 1983 3879 1358 -1
528: 10 738 108 -1
529: 10 -1
530: 1233 1795 138 25 738 1983 2311 1358 108 2403 859 1472 3549 3289 2255 61 49 2472 2384 3883 10 1811 -1
531: 10 -1
532: 10 -1
533: 10 -1
534: 10 -1
535: 10 -1
536: 10 -1
537: 10 -1
538: 10 3883 1413 -1
539: 2311 2384 108 1472 1233 2472 3549 10 61 738 793 -1
540: 10 -1
541: 10 -1
542: 10 -1
543: 10 -1
544: 10 -1
545: 1358 738 2384 108 3549 1233 1795 1811 2472 10 793 -1
546: 178 108 25 10 -1
547: 10 1983 -1
548: 10 -1
549: 10 -1
550: 738 10 2328 -1
551: 10 -1
552: 10 -1
553: 738 3289 1233 1795 1983 2311 178 1358 108 3549 2255 61 10 138 1811 -1
554: 10 -1
555: -1
556: 555 -1
557: 555 -1
558: -1
559: 555 -1
560: 555 -1
561: 108 -1
562: -1
563: 555 11 -1
564: 555 -1
565: -1
566: 555 -1
567: -1
568: 555 -1
569: -1
570: -1
571: -1
572: 2056 -1
573: 1358 -1
574: -1
575: -1
576: 567 -1
577: -1
578: 1358 -1
579: -1
580: -1
581: -1
582: -1
583: -1
584: -1
585: -1
586: -1
587: 589 11 -1
588: 11 -1
589: -1
590: 11 -1
591: 11 -1
592: 11 -1
593: 11 589 -1
594: 11 108 -1
595: 576 11 -1
596: 1358 573 576 11 557 -1
597: 573 11 19 585 -1
598: 11 -1
599: 11 585 573 1233 -1
600: 555 -1
601: 11 -1
602: 11 -1
603: 555 -1
604: 11 -1
605: 558 11 584 -1
606: 11 -1
607: 11 -1
608: 573 11 2529 19 585 614 -1
609: 11 684 -1
610: 555 -1
611: 573 11 19 -1
612: 11 -1
613: 576 -1
614: 19 11 585 573 2529 -1
615: 589 569 11 -1
616: 11 -1
617: 11 -1
618: 11 -1
619: 11 589 -1
620: 11 -1
621: 11 -1
622: 138 11 178 4001 -1
623: 12 138 -1
624: 12 -1
625: 12 -1
626: 12 -1
627: 12 -1
628: 12 -1
629: 12 3883 1811 -1
630: 12 1233 108 -1
631: 12 -1
632: 12 -1
633: 12 -1
634: 12 -1
635: 12 -1
636: 12 -1
637: 12 -1
638: 12 -1
639: 12 -1
640: 12 -1
641: 2457 3883 3879 3549 1358 12 2311 108 -1
642: 12 -1
643: 12 138 -1
644: 684 13 -1
645: 13 4001 -1
646: 13 -1
647: 13 -1
648: 3268 13 684 178 -1
649: 13 2130 -1
650: 13 -1
651: 684 13 -1
652: 13 3720 -1
653: 13 -1
654: 13 -1
655: 13 -1
656: 3885 1233 13 178 -1
657: 13 -1
658: 13 684 -1
659: 13 -1
660: 3720 13 684 -1
661: 13 -1
662: 13 -1
663: 779 2141 2455 13 -1
664: 138 13 -1
665: 13 -1
666: 2130 1668 1218 13 -1
667: 13 -1
668: 13 -1
669: 13 -1
670: 13 -1
671: 13 2130 3954 -1
672: 738 13 -1
673: 684 13 -1
674: 13 -1
675: 13 684 -1
676: 13 -1
677: 684 13 2912 -1
678: 13 -1
679: 13 -1
680: 13 -1
681: 13 1233 -1
682: 13 -1
683: 13 -1
684: 13 -1
685: -1
686: 712 702 691 -1
687: 14 -1
688: -1
689: -1
690: 696 -1
691: -1
692: -1
693: -1
694: -1
695: -1
696: -1
697: -1
698: -1
699: -1
700: -1
701: 687 3033 8 -1
702: -1
703: -1
704: -1
705: -1
706: -1
707: -1
708: -1
709: 715 -1
710: -1
711: -1
712: -1
713: -1
714: -1
715: -1
716: -1
717: -1
718: 707 3033 3032 -1
719: 3032 -1
720: 178 3295 -1
721: 14 1440 -1
722: 1811 114 14 1440 -1
723: 3033 710 2029 14 -1
724: 687 8 51 -1
725: 702 712 -1
726: 14 685 1440 108 -1
727: 14 -1
728: 8 -1
729: 153 8 114 1092 2465 14 -1
730: 7 14 114 2460 2884 -1
731: 14 714 153 701 51 168 -1
732: 15 -1
733: 15 -1
734: 15 -1
735: 138 15 -1
736: 15 -1
737: 1668 15 2130 2141 2913 49 -1
738: -1
739: 15 -1
740: 738 3268 1983 15 -1
741: -1
742: 138 1668 15 741 -1
743: 3883 15 738 2545 138 -1
744: 15 -1
745: 1983 15 -1
746: 108 3548 15 138 1668 738 2545 -1
747: 15 -1
748: 1668 2330 3954 -1
749: 15 -1
750: 15 -1
751: 15 -1
752: 15 -1
753: 15 -1
754: 15 -1
755: 138 2421 15 1668 3549 -1
756: 15 -1
757: 15 -1
758: 15 -1
759: 1668 15 -1
760: 15 -1
761: 138 1983 41 1358 1054 15 1668 -1
762: 138 2421 15 1668 3549 -1
763: 1490 15 -1
764: -1
765: 776 -1
766: 779 16 -1
767: 16 -1
768: 16 -1
769: 765 -1
770: 16 -1
771: 16 -1
772: 16 -1
773: 16 -1
774: 1358 2414 16 2220 2141 -1
775: 2130 776 16 -1
776: -1
777: 16 -1
778: 891 16 776 -1
779: 3883 1983 1766 -1
780: 8 -1
781: 8 51 105 139 153 75 7 22 2455 6 2065 17 40 26 98 3033 3443 -1
782: 17 -1
783: 17 -1
784: 8 83 22 6 2 105 322 2058 17 -1
785: 178 17 2065 95 88 2410 8 2635 2 105 39 -1
786: 17 -1
787: 17 -1
788: 17 -1
789: 3752 159 105 17 -1
790: 2 4 128 1898 3838 17 -1
791: 17 -1
792: 2058 6 2059 105 8 147 17 2065 2060 107 2062 2063 2399 22 2455 139 98 39 2453 2064 40 45 2465 -1
793: 17 -1
794: 8 808 153 3752 51 17 7 -1
795: 17 809 -1
796: 17 809 -1
797: 17 -1
798: 17 2 2065 51 -1
799: 1899 1900 1901 -1
800: 3883 17 2065 -1
801: 17 738 -1
802: 17 -1
803: 8 105 83 2067 2 2063 21 26 45 2064 17 2435 2430 40 2428 6 2059 5 22 2432 29 139 2429 7 2449 2455 -1
804: 2065 17 95 -1
805: 17 -1
806: -1
807: 114 6 40 105 2453 8 2063 17 2 83 3 2465 5 2435 2430 2432 29 -1
808: 8 17 -1
809: 17 -1
810: 8 -1
811: 26 22 105 40 2064 17 8 2 39 416 5 29 6 51 98 2402 83 -1
812: 18 -1
813: 814 -1
814: -1
815: 814 -1
816: 814 -1
817: 814 -1
818: 814 -1
819: 814 -1
820: 814 -1
821: 18 -1
822: 814 -1
823: 814 -1
824: 814 -1
825: 814 -1
826: 814 -1
827: 814 -1
828: 18 849 -1
829: -1
830: 18 -1
831: -1
832: 814 -1
833: 18 815 818 -1
834: 18 853 -1
835: 18 -1
836: 843 18 818 -1
837: 829 815 -1
838: 18 -1
839: 831 818 18 815 -1
840: 814 -1
841: 814 -1
842: 814 -1
843: 814 -1
844: 814 -1
845: 18 -1
846: 844 18 824 -1
847: 18 854 -1
848: 814 -1
849: 814 -1
850: 833 814 -1
851: 814 -1
852: 814 -1
853: 814 -1
854: 814 -1
855: 814 -1
856: -1
857: -1
858: 19 856 857 -1
859: 858 -1
860: 871 19 -1
861: 857 -1
862: 858 857 -1
863: 19 -1
864: 19 -1
865: 19 1677 3883 2529 779 -1
866: 19 -1
867: 19 -1
868: 19 -1
869: 883 19 877 779 2290 -1
870: 2130 3645 857 3883 19 585 -1
871: 858 857 1413 -1
872: 779 19 883 -1
873: 858 -1
874: 19 -1
875: 19 -1
876: 1677 19 -1
877: -1
878: 858 857 -1
879: 19 -1
880: 858 857 -1
881: 858 856 19 -1
882: 858 -1
883: -1
884: 1677 4001 684 858 3530 61 -1
885: 877 108 3883 19 -1
886: 858 -1
887: 2130 3954 19 4001 1511 1450 -1
888: 1884 3646 -1
889: 1884 3646 -1
890: -1
891: -1
892: 894 -1
893: 894 -1
894: -1
895: 894 -1
896: 894 -1
897: 1899 1900 1901 -1
898: 1899 1900 1901 -1
899: 20 -1
900: 20 -1
901: 1983 1358 -1
902: 894 -1
903: 894 -1
904: 894 -1
905: 3646 -1
906: 20 894 -1
907: 228 1668 1 20 -1
908: 20 -1
909: 894 -1
910: 894 -1
911: 894 -1
912: 3531 894 20 -1
913: 894 20 -1
914: 894 20 -1
915: 894 -1
916: 894 -1
917: 3449 20 -1
918: 20 -1
919: 3645 20 -1
920: 894 -1
921: 894 -1
922: 894 -1
923: 20 -1
924: 20 -1
925: 20 -1
926: 894 -1
927: 894 -1
928: 894 -1
929: 894 20 -1
930: 20 -1
931: 894 -1
932: 20 894 -1
933: 21 -1
934: 21 178 -1
935: 3033 21 2 2410 3193 2443 -1
936: 2215 2443 21 -1
937: 105 7 2 8 21 2409 6 28 23 -1
938: 21 -1
939: 1054 7 178 21 2021 3571 1511 1440 -1
940: 21 -1
941: 2504 2215 3345 416 2443 21 8 7 2 105 738 -1
942: 8 2 105 39 7 2067 21 -1
943: 4 128 2070 21 -1
944: 21 -1
945: 21 147 75 3668 738 -1
946: 7 2 1891 21 2410 8 -1
947: 21 -1
948: 1895 305 3244 21 2443 -1
949: 305 2208 21 7 -1
950: 108 1646 1054 1119 178 8 2410 2635 322 105 2449 3 1886 39 21 2 2428 2430 29 2432 5 2435 2837 83 1795 -1
951: 2837 2504 2215 3345 416 2443 21 8 7 2 105 738 -1
952: 21 -1
953: 21 -1
954: 21 -1
955: 22 105 -1
956: 22 105 -1
957: 22 98 -1
958: 22 -1
959: 22 -1
960: 45 22 2465 2453 8 -1
961: 51 2 105 8 22 26 -1
962: 40 22 2061 2062 105 2455 2453 -1
963: 3033 3032 3443 153 40 22 98 139 51 2 39 2064 6 8 -1
964: 22 105 -1
965: 22 105 -1
966: 22 -1
967: 51 2 105 8 22 26 -1
968: 49 3033 3032 3752 1674 1677 305 22 2 467 7 -1
969: 51 22 98 6 40 -1
970: 22 105 -1
971: 1899 1900 1901 -1
972: 22 3645 -1
973: 2837 305 22 2 3 467 -1
974: 49 3033 3032 3752 1674 1677 305 22 2 467 7 -1
975: 22 -1
976: 22 -1
977: 22 3645 -1
978: 3345 2029 3244 178 22 1674 1676 21 -1
979: 8 83 105 2 6 22 2066 40 2064 98 139 2409 28 23 147 2458 2443 143 2465 2466 5 2426 2430 -1
980: 22 -1
981: 22 -1
982: 22 105 -1
983: 22 105 -1
984: 22 105 -1
985: 23 2426 -1
986: 3443 23 -1
987: 2409 8 23 28 -1
988: 8 2409 23 28 2255 3443 -1
989: 92 8 2409 28 23 -1
990: 23 -1
991: 178 1054 23 2255 3443 -1
992: 105 2409 28 8 23 -1
993: 2443 8 6 23 -1
994: 105 8 23 -1
995: 1440 -1
996: 105 23 -1
997: 105 23 -1
998: 2409 28 23 147 178 138 1358 -1
999: 2837 2443 6 23 3443 -1
1000: 23 -1
1001: 98 51 105 2455 8 95 6 22 40 139 28 2409 23 -1
1002: 2063 6 8 23 -1
1003: 23 3033 3752 3443 -1
1004: 24 -1
1005: 24 -1
1006: 24 -1
1007: 24 -1
1008: 24 -1
1009: 24 -1
1010: 24 -1
1011: 24 3954 2130 -1
1012: 24 -1
1013: 24 -1
1014: 24 -1
1015: 1233 -1
1016: -1
1017: 25 -1
1018: 25 1811 -1
1019: 2330 1668 1766 3764 -1
1020: 25 -1
1021: 1899 1900 1901 -1
1022: 25 -1
1023: 25 -1
1024: 25 -1
1025: 25 1811 -1
1026: 25 108 -1
1027: 25 -1
1028: 779 25 -1
1029: 25 -1
1030: 25 2130 -1
1031: 2421 1358 1983 25 -1
1032: 25 -1
1033: -1
1034: 3967 1038 1358 178 25 3883 2414 2255 -1
1035: 1038 3883 -1
1036: 1358 -1
1037: 25 -1
1038: 25 -1
1039: 25 -1
1040: 3548 126 25 -1
1041: 25 -1
1042: 829 -1
1043: 108 1358 2529 25 -1
1044: 1899 1900 1901 -1
1045: 26 -1
1046: 40 -1
1047: 40 -1
1048: 40 -1
1049: 26 -1
1050: 26 194 -1
1051: 26 -1
1052: 26 164 -1
1053: 26 -1
1054: 26 -1
1055: 26 -1
1056: 26 -1
1057: 1440 26 -1
1058: 26 -1
1059: 40 22 17 105 2064 26 2 8 416 39 5 29 6 98 2402 51 83 -1
1060: 26 -1
1061: 26 -1
1062: 26 -1
1063: 26 -1
1064: 467 1358 108 3883 49 1811 2255 27 3295 2433 3559 -1
1065: 1358 27 -1
1066: 27 -1
1067: 27 2255 3559 -1
1068: 27 -1
1069: 1358 2529 108 49 1811 738 27 -1
1070: 1899 1900 1901 -1
1071: 27 -1
1072: 3883 27 108 49 3559 -1
1073: 27 -1
1074: 27 -1
1075: 1664 1825 2130 138 27 -1
1076: 108 27 -1
1077: 1770 3630 27 -1
1078: 27 -1
1079: 1358 27 255 49 -1
1080: 49 2529 27 2255 3295 3883 3559 -1
1081: 27 -1
1082: 138 27 -1
1083: 467 108 138 27 2255 3549 738 3559 -1
1084: 27 -1
1085: 108 27 3883 -1
1086: 49 27 3883 3559 1358 -1
1087: 27 -1
1088: 27 -1
1089: 49 27 -1
1090: -1
1091: -1
1092: -1
1093: -1
1094: 8 105 28 2426 -1
1095: 2208 692 416 340 1090 2443 28 3244 1983 7 3032 -1
1096: 28 -1
1097: 28 -1
1098: 2443 8 2409 105 28 2426 -1
1099: 28 -1
1100: 29 -1
1101: 2178 2432 2428 29 2431 -1
1102: 29 -1
1103: 2067 2435 2430 2432 29 -1
1104: 29 -1
1105: 29 -1
1106: 29 2435 -1
1107: 29 -1
1108: 29 -1
1109: 5 2435 29 2429 2428 2432 2431 2430 2433 2178 -1
1110: 2178 29 5 -1
1111: 5 29 -1
1112: 2429 2431 29 5 -1
1113: 29 -1
1114: 90 5 29 -1
1115: 178 3954 1668 2330 305 2430 29 -1
1116: 8 83 2426 2427 2430 29 2432 5 2435 2 -1
1117: 29 -1
1118: 29 8 105 -1
1119: 1886 29 2421 -1
1120: 2428 2429 2430 2178 2431 29 2432 2433 5 2435 1109 -1
1121: 5 2435 29 2428 2432 2431 2429 2430 2426 -1
1122: 8 126 2067 2443 2410 467 2425 2465 6 22 98 93 29 2435 5 2432 2428 2431 2429 2430 2178 2433 2 169 9 4 2060 2063 2064 40 17 2453 2065 2062 2059 105 7 2061 95 3661 3664 2042 -1
1123: 2428 2429 8 2430 2178 2431 5 29 2432 2433 2435 -1
1124: 3630 29 -1
1125: 29 555 -1
1126: 3549 2062 26 29 8 -1
1127: 1132 -1
1128: -1
1129: 1138 -1
1130: 30 -1
1131: 30 -1
1132: 30 -1
1133: 30 -1
1134: 738 30 -1
1135: 1490 3447 3449 -1
1136: 30 -1
1137: 30 -1
1138: 30 -1
1139: 1358 -1
1140: 30 -1
1141: 1825 30 1128 -1
1142: 31 3954 -1
1143: 1668 178 31 -1
1144: 31 -1
1145: 31 -1
1146: 31 -1
1147: 3954 3720 1668 2330 31 -1
1148: 31 -1
1149: 31 -1
1150: -1
1151: 1 31 -1
1152: 31 -1
1153: 31 -1
1154: 31 -1
1155: -1
1156: -1
1157: -1
1158: -1
1159: -1
1160: -1
1161: -1
1162: -1
1163: -1
1164: -1
1165: 32 -1
1166: 32 -1
1167: 32 -1
1168: 32 -1
1169: 32 -1
1170: 32 -1
1171: 32 -1
1172: 1899 1900 1901 -1
1173: 32 1677 -1
1174: 32 -1
1175: -1
1176: 32 -1
1177: 32 -1
1178: 3954 32 41 -1
1179: 32 -1
1180: 32 891 3559 -1
1181: 32 -1
1182: 32 -1
1183: 87 32 -1
1184: 87 32 -1
1185: 32 1161 -1
1186: 87 32 -1
1187: -1
1188: 1187 -1
1189: 1187 -1
1190: 1899 1900 1901 -1
1191: 1899 1900 1901 -1
1192: 1668 2130 3954 3645 33 1490 -1
1193: 738 33 -1
1194: 33 -1
1195: 738 33 -1
1196: 416 738 33 1490 1054 -1
1197: 738 33 -1
1198: 33 -1
1199: 738 33 2917 -1
1200: 33 -1
1201: 33 -1
1202: 738 33 1490 1677 -1
1203: 1899 1900 1901 -1
1204: 738 33 -1
1205: 738 33 -1
1206: 33 -1
1207: 738 33 -1
1208: 738 33 1210 -1
1209: 2130 738 33 2911 1672 1677 -1
1210: 33 -1
1211: 738 33 -1
1212: 1899 1900 1901 -1
1213: 33 -1
1214: 33 -1
1215: 33 1490 -1
1216: 738 33 2330 2130 3954 -1
1217: 738 33 -1
1218: -1
1219: 34 -1
1220: 34 1983 738 138 1358 3883 178 -1
1221: 34 -1
1222: 178 34 108 -1
1223: 34 228 -1
1224: 34 -1
1225: 34 738 1983 138 -1
1226: 1899 1900 1901 -1
1227: 34 -1
1228: 61 738 2153 178 34 138 108 -1
1229: 34 1795 1811 -1
1230: 1983 34 -1
1231: 34 779 1795 -1
1232: 34 1358 -1
1233: 34 -1
1234: 3883 3879 3549 3532 34 -1
1235: 34 -1
1236: 34 -1
1237: 34 108 25 738 138 3883 -1
1238: 1358 1983 34 138 108 178 2472 -1
1239: 34 -1
1240: 34 -1
1241: 34 61 -1
1242: 3883 34 138 2529 2255 108 178 25 1038 3549 738 3658 1358 1054 -1
1243: 34 -1
1244: 3883 3879 3549 3532 34 -1
1245: 3658 34 -1
1246: 34 -1
1247: 34 2141 167 61 -1
1248: 1358 1983 34 138 108 178 2472 -1
1249: 34 -1
1250: 34 138 108 1811 -1
1251: 34 3658 108 49 -1
1252: 1358 2414 25 2141 1054 3883 138 34 178 2443 3545 1953 2255 -1
1253: 34 3883 1054 -1
1254: 167 138 34 2141 61 -1
1255: 738 108 34 3545 138 1811 178 -1
1256: 34 -1
1257: 34 -1
1258: 34 61 -1
1259: 3883 1358 34 108 2141 138 2529 738 178 -1
1260: 34 -1
1261: 34 61 3268 -1
1262: 138 34 108 3883 -1
1263: 34 -1
1264: 1899 1900 1901 -1
1265: 1899 1900 1901 -1
1266: 34 108 25 41 3883 738 138 1811 -1
1267: 25 779 34 138 1983 793 1233 3883 1811 -1
1268: 3549 138 738 1983 34 2449 1811 -1
1269: 2058 26 8 2063 45 17 2064 2060 -1
1270: 140 60 137 173 2465 79 35 1277 163 147 2395 8 59 -1
1271: 35 -1
1272: 35 -1
1273: 35 -1
1274: 35 -1
1275: 35 -1
1276: 35 -1
1277: 35 -1
1278: 35 -1
1279: 35 -1
1280: 35 -1
1281: 1440 3883 35 7 -1
1282: 416 1440 7 3883 35 1358 -1
1283: 35 -1
1284: 2029 1795 35 7 467 -1
1285: 2482 8 59 35 -1
1286: 7 3883 35 1472 -1
1287: 416 3883 35 178 467 1358 7 -1
1288: 2021 3345 2029 1668 3883 35 -1
1289: 105 35 2396 2 -1
1290: 35 -1
1291: 35 -1
1292: 8 808 51 153 -1
1293: 2 6 40 2063 35 45 8 2060 -1
1294: 35 -1
1295: 35 -1
1296: 2058 105 6 2059 2061 2062 2063 22 39 2064 40 17 2065 45 8 2 2066 2067 2068 35 7 -1
1297: 35 -1
1298: 35 -1
1299: 7 35 3883 -1
1300: 2884 8 83 2 45 114 90 9 59 35 2465 170 105 143 79 -1
1301: 35 178 3883 -1
1302: 62 -1
1303: 62 36 -1
1304: 62 -1
1305: 3885 49 36 62 -1
1306: 62 -1
1307: 36 -1
1308: 62 -1
1309: 62 -1
1310: 36 -1
1311: 36 -1
1312: 62 -1
1313: 36 -1
1314: 3449 62 36 -1
1315: 36 -1
1316: 62 -1
1317: 36 -1
1318: 3954 2330 1668 1677 776 3645 3345 4001 178 36 2328 3720 -1
1319: 62 -1
1320: 3648 -1
1321: 62 -1
1322: 36 -1
1323: 138 62 36 -1
1324: 62 -1
1325: 62 36 -1
1326: 36 -1
1327: 62 -1
1328: -1
1329: -1
1330: 37 -1
1331: 37 -1
1332: 37 -1
1333: 2130 37 1672 -1
1334: 37 -1
1335: 114 37 1884 1676 -1
1336: 37 -1
1337: 37 -1
1338: 37 -1
1339: 37 -1
1340: 1353 37 -1
1341: 37 -1
1342: 37 -1
1343: 37 -1
1344: 37 -1
1345: 37 -1
1346: 37 -1
1347: 37 1440 793 -1
1348: 37 -1
1349: 37 -1
1350: 37 -1
1351: 37 -1
1352: 37 -1
1353: 1673 37 178 -1
1354: 37 -1
1355: 37 -1
1356: 1362 1363 -1
1357: 2421 1233 3883 -1
1358: -1
1359: -1
1360: -1
1361: -1
1362: -1
1363: 38 -1
1364: 38 -1
1365: 38 -1
1366: 108 38 3883 -1
1367: 38 -1
1368: 2917 38 -1
1369: 38 -1
1370: 38 -1
1371: 38 -1
1372: 38 1983 -1
1373: 38 3295 -1
1374: 38 -1
1375: 38 1233 3883 2421 1358 3720 -1
1376: 38 1983 -1
1377: 2529 738 3883 38 2255 -1
1378: 38 -1
1379: 1983 38 3883 25 -1
1380: 38 -1
1381: 38 1983 3883 -1
1382: 38 -1
1383: 167 1983 2421 38 49 3883 3531 -1
1384: 38 -1
1385: 38 1825 -1
1386: 178 38 -1
1387: 3883 38 -1
1388: 38 -1
1389: 1472 1983 2545 138 178 38 -1
1390: 2414 3883 738 3511 1811 1983 1358 138 2421 38 3967 108 2529 1233 -1
1391: 1811 2421 1983 3883 38 3511 3295 2141 2311 49 3549 61 138 41 2483 2529 165 3819 178 -1
1392: 3883 738 1983 3295 38 -1
1393: 1811 38 2043 3295 178 49 167 -1
1394: 38 -1
1395: 3883 38 2421 -1
1396: 38 -1
1397: 39 105 416 2443 305 -1
1398: 39 21 -1
1399: 3803 416 305 21 39 3802 -1
1400: 39 105 416 2443 305 -1
1401: 39 105 416 2443 305 -1
1402: 416 1671 39 -1
1403: 21 39 3244 1678 1884 3345 2837 416 3443 2330 2130 1668 3954 -1
1404: 39 -1
1405: 21 39 -1
1406: 105 322 2449 3 39 -1
1407: 167 21 3550 305 -1
1408: 2450 39 -1
1409: 105 3 39 714 -1
1410: 39 2443 -1
1411: 39 3999 -1
1412: 776 1668 305 2410 39 2449 -1
1413: -1
1414: 3031 40 3345 -1
1415: 3034 3443 -1
1416: 40 -1
1417: -1
1418: 40 -1
1419: 40 -1
1420: 3443 149 40 3034 -1
1421: 105 40 98 -1
1422: 40 2406 -1
1423: 3443 40 -1
1424: 3443 -1
1425: 40 -1
1426: 40 -1
1427: 40 2 8 26 -1
1428: 40 3345 3443 -1
1429: 3034 2830 -1
1430: 6 2063 2 40 -1
1431: 2545 2 8 6 40 7 -1
1432: 40 -1
1433: 3443 40 -1
1434: 3443 3034 2830 -1
1435: 40 3443 -1
1436: -1
1437: -1
1438: -1
1439: -1
1440: -1
1441: -1
1442: -1
1443: -1
1444: -1
1445: -1
1446: -1
1447: -1
1448: 41 -1
1449: 2290 -1
1450: -1
1451: -1
1452: -1
1453: -1
1454: -1
1455: -1
1456: -1
1457: 41 -1
1458: 1480 1449 779 1468 41 -1
1459: 779 -1
1460: 41 -1
1461: 779 1474 1463 -1
1462: 1455 1456 1413 -1
1463: 1449 779 1468 41 1782 2290 1983 -1
1464: 1455 1456 1413 -1
1465: 1455 1456 1413 -1
1466: 1455 1456 1413 -1
1467: 1455 1456 1413 -1
1468: 779 1449 41 -1
1469: 1413 -1
1470: 1455 1456 1413 -1
1471: 1455 1456 1413 -1
1472: 1782 2290 1463 779 1468 1449 41 -1
1473: 1449 1488 41 -1
1474: 2130 779 41 -1
1475: 1455 1456 1413 -1
1476: 1455 1456 1413 -1
1477: 1455 1456 1413 -1
1478: 1455 1456 1413 -1
1479: 1455 1456 1413 -1
1480: -1
1481: 1472 1474 1463 2290 41 1449 1468 -1
1482: 41 1488 1472 1449 1468 779 -1
1483: 41 779 2130 -1
1484: 41 1449 49 3965 779 -1
1485: 684 1358 779 2290 41 2130 1983 -1
1486: 779 1449 41 1463 -1
1487: 1449 779 1468 41 1782 2290 -1
1488: 41 779 1474 -1
1489: 1455 1413 -1
1490: 3531 -1
1491: 42 -1
1492: 42 -1
1493: 2141 42 -1
1494: 3885 42 -1
1495: 2141 42 3648 -1
1496: 42 -1
1497: 42 738 2457 -1
1498: 2141 42 -1
1499: 2141 42 1493 -1
1500: 42 -1
1501: 42 -1
1502: 1358 2153 42 627 -1
1503: 108 42 2141 -1
1504: 42 -1
1505: 42 -1
1506: 1358 42 2141 627 -1
1507: 42 -1
1508: 42 -1
1509: 1358 555 2141 42 627 -1
1510: 42 2153 2141 -1
1511: -1
1512: -1
1513: -1
1514: -1
1515: 3032 2022 -1
1516: -1
1517: -1
1518: -1
1519: -1
1520: -1
1521: -1
1522: 2933 945 7 21 -1
1523: 3032 -1
1524: -1
1525: 1511 1512 1513 1514 1515 1516 1517 1518 1519 1520 1527 1528 1524 -1
1526: 1511 1514 1516 1517 1518 1519 -1
1527: -1
1528: -1
1529: 2029 -1
1530: -1
1531: 2496 43 -1
1532: 1521 3032 2029 43 -1
1533: 105 2435 -1
1534: 43 4 -1
1535: 1525 1526 -1
1536: 47 4 135 100 -1
1537: 1899 1900 1901 1902 -1
1538: -1
1539: 43 -1
1540: 43 4 -1
1541: 3244 2208 1895 2443 21 7 8 118 43 135 467 1909 3883 -1
1542: 1525 1526 -1
1543: 1525 1526 -1
1544: 1525 1526 -1
1545: 43 135 -1
1546: 3 43 59 3345 -1
1547: 43 -1
1548: 43 135 -1
1549: 1525 1526 -1
1550: 1525 1526 -1
1551: 1525 1526 -1
1552: 1525 1526 -1
1553: 1525 1526 -1
1554: 43 4 -1
1555: 7 21 700 416 9 105 2067 1530 5 43 8 77 113 96 3 2426 738 3244 1679 2456 2469 138 400 -1
1556: 4 2476 2475 2487 8 -1
1557: 2029 1530 43 -1
1558: 1603 2130 3954 2330 -1
1559: 44 -1
1560: -1
1561: -1
1562: -1
1563: -1
1564: 44 -1
1565: 1558 1559 1560 -1
1566: 1558 1559 1560 -1
1567: 1558 1559 1560 -1
1568: 1559 1560 1558 -1
1569: 1558 1559 1560 -1
1570: 1558 1559 1560 -1
1571: 44 -1
1572: 44 -1
1573: 1559 1560 1558 -1
1574: 1558 1559 1560 -1
1575: 1558 1559 1560 -1
1576: 1558 1559 1560 -1
1577: 1558 -1
1578: 1559 1560 1558 -1
1579: 44 178 -1
1580: 555 44 -1
1581: 738 1983 44 3646 -1
1582: 44 -1
1583: 178 44 1770 -1
1584: 1558 1559 1560 -1
1585: 1558 1559 1560 -1
1586: 1559 1560 1558 -1
1587: 1558 1559 1560 -1
1588: 1558 -1
1589: 44 -1
1590: 44 -1
1591: 44 -1
1592: 44 -1
1593: 1558 1559 1560 -1
1594: 1558 1559 1560 -1
1595: 1558 1559 1560 -1
1596: 1558 1559 1560 -1
1597: 1559 1560 1558 -1
1598: 1572 44 -1
1599: 1358 44 -1
1600: 44 -1
1601: 1558 1559 1560 -1
1602: 1558 1559 1560 -1
1603: 1558 -1
1604: 1558 1559 1560 -1
1605: 1558 1559 1560 -1
1606: 44 -1
1607: 44 -1
1608: 44 -1
1609: 44 -1
1610: -1
1611: -1
1612: 178 45 -1
1613: 8 45 -1
1614: 45 467 -1
1615: 45 467 -1
1616: 45 4 -1
1617: 45 -1
1618: 1511 7 45 178 3883 -1
1619: 322 105 3 39 -1
1620: 178 2058 45 467 -1
1621: 2540 21 2058 2063 45 2064 40 2 6 93 2449 467 2443 -1
1622: 8 45 2465 2884 -1
1623: 45 -1
1624: 1511 45 467 -1
1625: 45 467 3883 -1
1626: 8 83 2443 2 45 -1
1627: 45 467 -1
1628: 21 3443 6 22 40 98 2064 45 2 2330 1668 3954 -1
1629: 322 105 3 39 -1
1630: 3668 45 -1
1631: 45 178 467 -1
1632: 26 126 88 2428 2431 2432 8 5 2443 2060 45 79 -1
1633: 40 8 2060 2062 302 2884 6 45 -1
1634: 45 8 -1
1635: 2058 2059 6 105 8 17 2065 2060 107 2062 2063 22 2455 98 39 2453 2064 40 45 2465 -1
1636: 45 467 3883 -1
1637: 8 6 105 2063 22 2064 45 2 2067 7 88 -1
1638: 2255 167 -1
1639: 46 -1
1640: 46 -1
1641: 2255 46 1358 25 167 -1
1642: 1811 1358 46 3883 -1
1643: 46 -1
1644: 46 -1
1645: 3883 2255 108 46 2529 49 25 -1
1646: 46 -1
1647: 46 -1
1648: 2255 46 167 -1
1649: 2255 46 2529 49 25 167 -1
1650: 3883 46 -1
1651: 2255 46 1358 167 -1
1652: 46 -1
1653: 2255 46 49 167 -1
1654: 108 46 -1
1655: 46 25 -1
1656: 2255 46 2529 49 167 -1
1657: 46 -1
1658: 46 -1
1659: 46 -1
1660: 46 -1
1661: -1
1662: -1
1663: -1
1664: -1
1665: -1
1666: -1
1667: -1
1668: -1
1669: -1
1670: -1
1671: -1
1672: -1
1673: -1
1674: -1
1675: -1
1676: -1
1677: -1
1678: 1668 1672 703 -1
1679: -1
1680: 1661 1664 1665 1666 1667 1668 21 1669 1670 1671 1672 1673 1674 1675 1676 1677 1678 -1
1681: 1661 1664 1665 1666 1667 1668 1669 1670 1671 1672 1673 1674 1675 1676 1677 1678 -1
1682: 1661 1664 1665 1666 1667 1668 1669 1670 1671 1672 1673 1674 1675 1676 1677 1678 -1
1683: 1661 1664 1665 1666 1667 1668 1669 1671 1672 1673 1674 1675 1676 1677 1678 -1
1684: 1661 1664 1665 1666 1667 1668 1669 1671 1672 1673 1674 1675 1676 1677 1678 -1
1685: 1661 1664 1665 1666 1667 1668 1669 1671 1672 1673 1674 1675 1676 1677 1678 -1
1686: 1664 1665 1666 1667 1668 1669 1670 1671 1672 1673 1674 1675 1676 1677 1678 -1
1687: 1054 2456 178 3532 -1
1688: 3173 1886 8 -1
1689: 1661 1664 1665 1666 1667 1668 1669 1671 1672 1673 1674 1675 1676 1677 1678 -1
1690: 1661 1671 -1
1691: 138 178 1681 3939 2863 47 305 1679 3040 3938 -1
1692: 105 75 -1
1693: 1661 1671 -1
1694: 4 47 105 65 -1
1695: 1054 75 178 2837 -1
1696: 1661 1671 -1
1697: 104 47 -1
1698: 2414 3345 305 1686 1679 3566 178 1983 1680 1681 3883 3040 47 138 1685 2911 -1
1699: 1661 1671 -1
1700: 2871 1983 2130 3954 2330 3566 1679 1680 1681 47 1683 1684 1685 -1
1701: 48 -1
1702: 48 -1
1703: 3549 48 3646 -1
1704: 48 -1
1705: 48 -1
1706: 779 48 684 -1
1707: 48 -1
1708: 48 -1
1709: 48 -1
1710: 779 48 -1
1711: 48 -1
1712: 3450 48 -1
1713: 779 48 -1
1714: 48 -1
1715: 138 48 1514 -1
1716: 48 138 -1
1717: 2130 48 -1
1718: 48 -1
1719: 779 48 -1
1720: 2056 48 -1
1721: 48 738 684 -1
1722: 779 48 684 -1
1723: 779 48 684 -1
1724: 48 779 -1
1725: 48 1701 -1
1726: 48 -1
1727: 1701 48 -1
1728: 1677 1678 -1
1729: 3883 48 -1
1730: 2056 1677 48 -1
1731: 48 -1
1732: 48 -1
1733: 48 1468 -1
1734: 48 -1
1735: 48 -1
1736: 48 138 -1
1737: 2529 2255 49 2141 -1
1738: 2545 138 25 -1
1739: 2421 25 1811 2414 1358 3883 2456 2146 61 108 1472 3549 738 1953 2255 3295 -1
1740: 49 -1
1741: 108 2545 2529 138 49 1358 3883 738 3549 2311 3289 1983 -1
1742: 49 -1
1743: 49 108 -1
1744: 138 49 -1
1745: 49 -1
1746: 2545 138 49 -1
1747: 49 -1
1748: 49 -1
1749: 49 -1
1750: 49 -1
1751: 2545 49 2529 -1
1752: 1811 1758 1761 -1
1753: 3967 -1
1754: 2255 3879 2529 49 -1
1755: 49 3954 -1
1756: 1811 1758 1761 -1
1757: 49 -1
1758: 49 -1
1759: 49 -1
1760: 49 -1
1761: 49 -1
1762: 49 -1
1763: 49 -1
1764: 108 3883 49 -1
1765: -1
1766: -1
1767: 1766 -1
1768: 1771 -1
1769: -1
1770: -1
1771: -1
1772: 50 779 2290 -1
1773: 50 -1
1774: 50 1768 -1
1775: 50 1771 -1
1776: 684 1358 1766 50 3885 -1
1777: 684 -1
1778: 50 1358 -1
1779: 2130 178 3954 1668 2330 49 1675 1674 1677 3645 1511 1768 1329 1218 738 -1
1780: 50 -1
1781: 684 -1
1782: 50 1768 -1
1783: 2130 50 -1
1784: 50 -1
1785: 1899 1900 1901 -1
1786: 50 1358 -1
1787: 50 1768 -1
1788: 50 1358 -1
1789: 779 50 -1
1790: 1772 50 2130 -1
1791: 1782 50 -1
1792: 3954 -1
1793: 50 779 2290 -1
1794: 50 1767 -1
1795: -1
1796: 98 1811 51 -1
1797: 51 -1
1798: 6 2063 51 -1
1799: 139 51 -1
1800: 1817 51 -1
1801: 105 2 98 51 2064 40 139 -1
1802: 51 -1
1803: 51 -1
1804: 51 153 2063 6 2 -1
1805: 139 51 -1
1806: 51 -1
1807: 51 8 -1
1808: 8 51 -1
1809: 51 2399 8 108 -1
1810: 51 22 2465 2855 -1
1811: 51 -1
1812: 418 8 2071 4 7 128 2062 2058 40 2402 93 51 2079 1898 9 70 59 2029 3032 14 103 697 -1
1813: 51 3443 -1
1814: 8 51 -1
1815: 51 105 2 2884 2465 95 2425 -1
1816: 8 105 22 98 51 14 96 -1
1817: 51 -1
1818: 98 51 139 8 -1
1819: 8 2 2064 6 51 17 2063 105 139 40 22 2455 45 2465 2466 2060 2443 2410 39 322 3 5 2428 2435 2433 2432 7 -1
1820: 8 105 22 98 51 14 96 -1
1821: 2 45 51 2064 153 8 124 -1
1822: 2399 6 51 2063 2 40 -1
1823: 51 139 -1
1824: 51 808 8 7 -1
1825: -1
1826: -1
1827: -1
1828: 52 1895 -1
1829: 1668 1826 25 3345 52 1769 1678 1825 2220 2330 1770 2130 178 3295 3630 3938 2221 3645 1329 1677 228 2029 3443 3571 3531 3954 -1
1830: 52 -1
1831: 52 -1
1832: 52 -1
1833: 52 -1
1834: 52 -1
1835: 2130 52 -1
1836: 52 3720 1329 -1
1837: 52 108 7 -1
1838: 3345 52 1511 -1
1839: 1472 1825 3033 2221 -1
1840: 52 -1
1841: 52 108 -1
1842: 2911 52 -1
1843: 2130 -1
1844: 167 1358 52 3883 -1
1845: 52 -1
1846: 52 -1
1847: -1
1848: -1
1849: 53 85 -1
1850: 53 -1
1851: 85 1848 179 -1
1852: 85 1848 179 -1
1853: 1899 1900 1901 -1
1854: 179 53 -1
1855: 53 -1
1856: 2130 -1
1857: 54 -1
1858: -1
1859: -1
1860: 1413 -1
1861: 1857 1858 1859 1860 -1
1862: 1857 1858 1859 1860 -1
1863: 1857 1858 1859 1860 -1
1864: 54 -1
1865: 54 -1
1866: 54 -1
1867: 54 -1
1868: 178 54 3883 -1
1869: 54 3883 25 1811 1358 49 -1
1870: 54 -1
1871: 54 2255 178 2141 1859 -1
1872: 54 -1
1873: 54 -1
1874: 1857 1858 1859 1860 -1
1875: 54 -1
1876: 54 -1
1877: 54 -1
1878: 54 -1
1879: 54 -1
1880: 2217 54 2141 -1
1881: 54 131 -1
1882: 1857 1858 1859 1860 -1
1883: 1857 1858 1859 1860 -1
1884: -1
1885: -1
1886: -1
1887: -1
1888: -1
1889: -1
1890: -1
1891: -1
1892: 1895 3345 21 -1
1893: 3244 -1
1894: 1895 -1
1895: 55 498 -1
1896: 55 -1
1897: 3445 1895 -1
1898: 159 2 3838 296 103 2071 59 488 697 7 63 14 4 55 1885 -1
1899: 3954 -1
1900: -1
1901: -1
1902: -1
1903: 56 -1
1904: 3954 56 -1
1905: 1899 1900 1901 -1
1906: 1899 1900 1901 -1
1907: 1899 1900 1901 -1
1908: 1899 1900 1901 -1
1909: 1899 1900 1901 -1
1910: 1899 1900 1901 -1
1911: 1899 1900 1901 -1
1912: 3244 3345 1909 56 -1
1913: 1899 1900 1901 -1
1914: 1899 1900 1901 -1
1915: 1899 1900 1901 -1
1916: 1899 1900 1901 -1
1917: 1899 1900 1901 -1
1918: 1899 1900 1901 -1
1919: 1884 3971 936 1909 56 -1
1920: 1899 1900 1901 -1
1921: 1899 1900 1901 -1
1922: 1899 1900 1901 -1
1923: 1899 1900 1901 -1
1924: 1899 1900 1901 -1
1925: 1899 1900 1901 -1
1926: 1899 1900 1901 -1
1927: 1899 1900 1901 -1
1928: 1899 1900 1901 -1
1929: 1899 1900 1901 -1
1930: 1899 1900 1901 -1
1931: 1899 1900 1901 -1
1932: 1899 1900 1901 -1
1933: 1899 1900 1901 -1
1934: 1899 1900 1901 -1
1935: 56 -1
1936: 1899 1900 1901 -1
1937: 1899 1900 1901 -1
1938: 1899 1900 1901 -1
1939: 1899 1900 1901 -1
1940: 1899 1900 1901 -1
1941: 1899 1900 1901 -1
1942: 1899 1900 1901 -1
1943: 1899 1900 1901 -1
1944: 1899 1900 1901 -1
1945: 1899 1900 1901 -1
1946: 1899 1900 1901 -1
1947: 1899 1900 1901 -1
1948: 1899 1900 1901 -1
1949: 1899 1900 1901 -1
1950: 1899 1900 1901 -1
1951: 1899 1900 1901 -1
1952: -1
1953: -1
1954: -1
1955: 1953 57 86 3883 -1
1956: 57 -1
1957: 57 1954 1953 -1
1958: 57 1952 -1
1959: 57 1952 -1
1960: 1954 57 -1
1961: 1954 57 -1
1962: 1954 2255 1358 57 1953 -1
1963: 1954 57 -1
1964: 1952 1953 1954 -1
1965: 57 1954 -1
1966: 57 -1
1967: 1952 1953 1954 -1
1968: 2529 -1
1969: 57 -1
1970: 57 -1
1971: 1899 1900 1901 -1
1972: 57 -1
1973: 57 -1
1974: 57 -1
1975: 57 -1
1976: 57 86 49 -1
1977: 1440 178 3883 49 57 1054 -1
1978: 57 -1
1979: 1675 49 57 -1
1980: 57 1954 1440 -1
1981: -1
1982: 1984 -1
1983: -1
1984: 1982 -1
1985: -1
1986: -1
1987: 1982 1983 1984 1413 1985 1986 -1
1988: 1982 1983 1984 1413 1986 -1
1989: 1982 1983 1984 1413 1985 1986 -1
1990: 1982 1983 1984 1413 1985 1986 -1
1991: 1982 1983 1984 1413 1986 -1
1992: 1982 1983 1984 1413 1985 1986 -1
1993: 1982 1983 1984 1413 1985 1986 -1
1994: 1986 -1
1995: 1986 -1
1996: 1986 -1
1997: 1986 -1
1998: 1982 1983 1984 1413 1986 -1
1999: 1986 -1
2000: 1982 1983 1984 1413 1985 1986 -1
2001: 1982 1983 1984 1413 1985 1986 -1
2002: 2443 58 2 2426 -1
2003: 1986 -1
2004: 1982 1983 1984 1413 1986 -1
2005: 1986 -1
2006: 1982 1983 1984 1413 1986 -1
2007: 1982 1983 1984 1413 1985 1986 -1
2008: 1986 -1
2009: 1982 1983 1984 1413 1985 1986 -1
2010: 1982 1983 1984 1413 1986 -1
2011: 1982 1983 1984 1413 1985 1986 -1
2012: 1986 -1
2013: 1982 1983 1984 1413 1986 -1
2014: 1982 1983 1984 1413 1985 1986 -1
2015: 1982 7 1983 1984 1413 1985 1986 -1
2016: 1982 1983 1984 1413 1986 -1
2017: 58 -1
2018: 1986 -1
2019: 58 167 8 35 79 147 163 1538 2020 -1
2020: 35 8 167 163 1538 147 58 79 -1
2021: 3032 -1
2022: -1
2023: -1
2024: -1
2025: 14 -1
2026: 14 59 3032 -1
2027: 2029 59 -1
2028: 3345 59 -1
2029: 3345 -1
2030: 59 2029 2025 -1
2031: 59 8 305 -1
2032: 416 63 9 75 8 2465 59 135 3645 -1
2033: 52 8 2079 2406 93 103 59 170 68 4 100 96 2071 714 159 105 3 -1
2034: 2465 59 14 -1
2035: 4 59 -1
2036: 59 4 116 2884 -1
2037: 1890 59 -1
2038: 140 60 137 173 2465 79 35 1277 163 147 2395 8 59 -1
2039: 4 9 357 1890 2 65 59 8 2395 322 2449 128 2072 2446 1889 3443 93 92 1888 7 416 2450 39 -1
2040: 59 -1
2041: 96 153 2 51 105 45 59 14 -1
2042: -1
2043: -1
2044: 1884 -1
2045: 157 60 -1
2046: 60 160 137 162 148 176 2395 -1
2047: 148 160 162 176 137 2395 60 2046 -1
2048: -1
2049: 2048 -1
2050: 228 -1
2051: 1 133 -1
2052: 1 -1
2053: 1899 1900 1901 -1
2054: 62 -1
2055: 62 -1
2056: -1
2057: 2529 -1
2058: -1
2059: -1
2060: -1
2061: -1
2062: 1413 -1
2063: -1
2064: -1
2065: -1
2066: 2443 -1
2067: -1
2068: -1
2069: -1
2070: 4 943 63 -1
2071: -1
2072: -1
2073: 2395 128 -1
2074: 8 -1
2075: -1
2076: -1
2077: -1
2078: -1
2079: -1
2080: -1
2081: 2056 2057 -1
2082: 2056 2057 -1
2083: 3178 63 -1
2084: 2082 3178 2081 63 -1
2085: 3178 63 -1
2086: 416 63 75 9 8 2465 3032 3571 3645 -1
2087: 3244 63 -1
2088: 3178 3443 2081 63 -1
2089: 63 -1
2090: 3443 3244 63 -1
2091: -1
2092: -1
2093: 64 167 -1
2094: 108 1811 2433 -1
2095: 64 -1
2096: 64 -1
2097: 64 -1
2098: 64 -1
2099: 2093 -1
2100: 2093 -1
2101: 3883 3967 2093 108 64 -1
2102: 64 -1
2103: 2093 -1
2104: 2093 -1
2105: 1899 1900 1901 -1
2106: 3883 2093 2933 108 1358 167 1811 2311 138 49 1983 64 -1
2107: 3967 108 64 3883 -1
2108: 64 -1
2109: 64 -1
2110: 64 -1
2111: 64 -1
2112: 64 -1
2113: 64 -1
2114: 3883 108 1811 2311 1358 2917 2093 64 138 -1
2115: 178 738 138 2093 3883 1983 167 2472 2414 1811 3967 3879 108 2311 1358 49 64 2529 25 -1
2116: 3883 2093 64 1811 108 -1
2117: 138 738 2093 3883 108 2917 1358 2529 1811 -1
2118: 2093 -1
2119: 2122 2093 -1
2120: 1899 1900 1901 -1
2121: 3883 2311 2093 108 2529 -1
2122: -1
2123: 2093 -1
2124: 2093 -1
2125: 64 -1
2126: 64 -1
2127: 2917 3967 108 1358 -1
2128: 2130 2131 2132 2133 2134 2135 2136 2137 2138 2139 2140 2141 2142 2143 2144 2145 2146 2147 2148 2149 2150 2151 2152 2153 2154 2155 2156 2157 2158 2159 2160 2161 2162 2163 2164 2165 2166 2167 2168 2169 2170 2171 2172 2173 2174 2175 -1
2129: 2130 2131 2132 2133 2134 2135 2136 2137 2138 2139 2140 2141 2142 2143 2144 2145 2146 2147 2148 2149 2150 2151 2152 2153 2154 2155 2156 2157 2158 2159 2160 2161 2162 2163 2164 2165 2166 2167 2168 2169 2170 2171 2172 2173 -1
2130: -1
2131: -1
2132: -1
2133: 2130 -1
2134: 2130 -1
2135: -1
2136: -1
2137: -1
2138: 2139 2140 -1
2139: 2138 2140 -1
2140: 2138 2139 -1
2141: -1
2142: -1
2143: -1
2144: 2145 -1
2145: -1
2146: -1
2147: -1
2148: -1
2149: -1
2150: -1
2151: -1
2152: -1
2153: -1
2154: -1
2155: -1
2156: -1
2157: -1
2158: -1
2159: -1
2160: 2162 -1
2161: -1
2162: 2158 -1
2163: -1
2164: -1
2165: -1
2166: -1
2167: -1
2168: -1
2169: -1
2170: -1
2171: -1
2172: -1
2173: 2170 2171 2172 -1
2174: -1
2175: -1
2176: 2130 2131 2132 2133 2134 2135 2136 2137 2138 2139 2140 2141 2142 2143 2144 2145 2146 2147 2148 2149 2150 2151 2152 2153 2154 2155 2156 2157 2158 2159 2160 2161 2162 2163 2164 2165 2166 2167 2168 2169 2170 2171 2172 2173 2174 2175 -1
2177: 65 -1
2178: 65 -1
2179: 65 -1
2180: 65 -1
2181: 2496 65 -1
2182: 3345 65 -1
2183: 65 -1
2184: 65 2179 -1
2185: 108 65 -1
2186: 65 105 35 2396 2 4 -1
2187: 416 65 2496 -1
2188: 66 -1
2189: 1677 2130 -1
2190: 66 2328 -1
2191: 66 -1
2192: 66 -1
2193: 66 1669 -1
2194: 138 66 1668 1413 3645 -1
2195: 2410 2187 66 105 39 -1
2196: 66 2197 -1
2197: 66 -1
2198: 3954 2220 138 66 4001 1664 3549 1766 684 -1
2199: -1
2200: 67 -1
2201: 67 -1
2202: 67 -1
2203: 3559 1983 2529 67 3883 -1
2204: 67 -1
2205: 67 -1
2206: 1358 1668 178 3883 67 2138 -1
2207: 67 -1
2208: -1
2209: 2208 -1
2210: 2209 -1
2211: 2209 -1
2212: 2209 -1
2213: 2209 -1
2214: 2209 -1
2215: -1
2216: 1358 83 8 167 3244 305 2443 21 2 3040 -1
2217: -1
2218: 68 -1
2219: -1
2220: -1
2221: -1
2222: -1
2223: 69 -1
2224: -1
2225: 3883 49 1983 1358 -1
2226: 1899 1900 1901 -1
2227: 69 -1
2228: 69 49 1983 2933 3883 -1
2229: 69 -1
2230: 69 -1
2231: 69 -1
2232: 69 738 -1
2233: 1899 1900 1901 -1
2234: 69 -1
2235: 69 2384 -1
2236: 69 -1
2237: 69 738 -1
2238: 69 -1
2239: 69 2141 -1
2240: 25 69 2529 -1
2241: 49 69 -1
2242: 1899 1900 1901 -1
2243: 1899 1900 1901 -1
2244: 69 178 -1
2245: 69 -1
2246: 69 738 -1
2247: 2255 2643 738 138 69 -1
2248: 71 1766 -1
2249: 71 -1
2250: 71 -1
2251: 71 3883 1983 2255 1358 -1
2252: 71 -1
2253: 71 -1
2254: 3965 71 -1
2255: 71 -1
2256: 71 -1
2257: 1358 71 133 -1
2258: 71 76 25 2146 -1
2259: 71 -1
2260: 1358 71 -1
2261: 71 -1
2262: 1358 71 3883 -1
2263: 738 1983 1358 178 72 -1
2264: 1899 1900 1901 -1
2265: 72 1983 -1
2266: 72 1983 2265 -1
2267: 72 -1
2268: 72 -1
2269: 738 1983 1358 178 72 -1
2270: 738 1358 178 72 -1
2271: 2290 -1
2272: 2292 779 73 1795 2287 -1
2273: 3999 2271 73 2290 2130 2292 -1
2274: 73 -1
2275: 2290 1782 779 3883 2286 73 -1
2276: 73 779 -1
2277: 2292 73 1054 2290 -1
2278: 1449 73 -1
2279: 1463 73 2290 1449 -1
2280: 73 1449 -1
2281: 1472 73 2290 178 138 -1
2282: 73 -1
2283: 73 2290 1449 -1
2284: 3999 2292 2290 2271 73 1449 -1
2285: 1983 779 167 73 -1
2286: 779 138 2139 2290 2285 2276 73 2130 -1
2287: 2272 73 -1
2288: 2286 73 1668 -1
2289: 73 -1
2290: -1
2291: 120 891 73 -1
2292: 2272 779 73 1795 -1
2293: 73 2290 -1
2294: 779 3883 2286 73 -1
2295: 2290 73 -1
2296: -1
2297: 2296 -1
2298: 74 -1
2299: 2296 2297 -1
2300: 74 -1
2301: 74 2297 -1
2302: 74 3883 2529 -1
2303: 74 -1
2304: 74 -1
2305: 3883 74 -1
2306: 74 -1
2307: 74 -1
2308: 74 -1
2309: 74 -1
2310: 74 -1
2311: 74 -1
2312: 74 -1
2313: 3883 74 1358 -1
2314: 3883 2529 74 108 2311 -1
2315: 74 -1
2316: 74 2313 -1
2317: 74 -1
2318: 74 -1
2319: 74 -1
2320: 2326 3883 2529 74 -1
2321: 74 -1
2322: 74 -1
2323: 2830 74 -1
2324: 74 -1
2325: 74 -1
2326: 2529 3883 74 -1
2327: 105 -1
2328: -1
2329: -1
2330: -1
2331: 8 -1
2332: 105 -1
2333: 2428 2430 29 2432 5 2435 -1
2334: 105 -1
2335: 8 83 -1
2336: 8 -1
2337: 8 83 -1
2338: 8 2410 -1
2339: 2443 -1
2340: 2449 -1
2341: 79 -1
2342: 2465 2466 -1
2343: 2484 2455 8 -1
2344: 2837 75 -1
2345: 75 118 2837 -1
2346: 2455 8 88 -1
2347: 3040 1679 21 3550 75 178 2426 -1
2348: 75 118 2837 -1
2349: 105 8 83 2443 2 2455 2067 467 305 3040 3244 1679 2837 2421 2466 75 2475 2476 126 5 2435 2426 21 98 322 -1
2350: 75 178 -1
2351: 167 178 75 -1
2352: 75 118 2837 -1
2353: 75 -1
2354: 167 75 -1
2355: 98 75 2837 -1
2356: 98 75 2837 -1
2357: 75 178 -1
2358: 76 178 2146 -1
2359: 108 76 3883 49 -1
2360: 76 2146 -1
2361: 76 3549 49 178 1358 2146 -1
2362: 76 108 178 1054 2529 2146 -1
2363: 108 76 1358 -1
2364: 3879 76 178 -1
2365: 178 1054 76 1358 3879 2374 -1
2366: 76 -1
2367: 178 76 2141 49 1668 -1
2368: 76 108 178 2374 -1
2369: 76 178 2146 -1
2370: 178 1358 76 2917 738 -1
2371: 76 2917 178 2374 1054 -1
2372: 76 -1
2373: 76 108 1358 2363 -1
2374: 76 2917 178 1054 -1
2375: 76 49 2917 178 1054 -1
2376: 178 1358 76 49 108 2141 1811 -1
2377: 178 76 1358 1054 636 49 2146 -1
2378: 76 49 108 1054 2529 2146 2374 1358 2917 178 -1
2379: 1358 3879 2146 76 178 -1
2380: 76 178 1811 -1
2381: 76 2146 -1
2382: 76 49 -1
2383: 76 61 1054 108 178 -1
2384: 1329 -1
2385: -1
2386: -1
2387: -1
2388: 2 8 1 -1
2389: -1
2390: -1
2391: -1
2392: -1
2393: -1
2394: -1
2395: -1
2396: -1
2397: -1
2398: -1
2399: -1
2400: -1
2401: -1
2402: 6 2063 -1
2403: 77 -1
2404: -1
2405: -1
2406: -1
2407: 2467 -1
2408: -1
2409: 8 2635 -1
2410: 2399 105 -1
2411: -1
2412: -1
2413: -1
2414: -1
2415: -1
2416: -1
2417: -1
2418: -1
2419: -1
2420: -1
2421: 1413 1119 -1
2422: 3345 118 2 8 -1
2423: -1
2424: 2414 -1
2425: -1
2426: -1
2427: -1
2428: -1
2429: -1
2430: -1
2431: -1
2432: -1
2433: -1
2434: -1
2435: -1
2436: -1
2437: -1
2438: -1
2439: -1
2440: -1
2441: -1
2442: -1
2443: -1
2444: -1
2445: -1
2446: -1
2447: 2042 77 2465 -1
2448: -1
2449: -1
2450: -1
2451: -1
2452: -1
2453: -1
2454: -1
2455: -1
2456: -1
2457: -1
2458: -1
2459: -1
2460: 2635 -1
2461: -1
2462: -1
2463: -1
2464: 2635 -1
2465: -1
2466: -1
2467: -1
2468: -1
2469: -1
2470: -1
2471: -1
2472: -1
2473: 1092 -1
2474: -1
2475: 1092 -1
2476: -1
2477: -1
2478: 2635 -1
2479: -1
2480: -1
2481: -1
2482: -1
2483: -1
2484: -1
2485: -1
2486: -1
2487: -1
2488: -1
2489: -1
2490: -1
2491: -1
2492: -1
2493: -1
2494: -1
2495: -1
2496: -1
2497: 2403 738 1811 8 2425 2866 58 -1
2498: -1
2499: 2500 -1
2500: 2499 -1
2501: 2499 -1
2502: 77 2501 2504 2499 -1
2503: 1899 1900 1901 -1
2504: 2208 3879 2837 416 2411 2443 8 3244 108 314 3990 21 3550 3960 738 690 2465 2466 3040 3883 2498 2499 -1
2505: 2911 178 1983 1358 -1
2506: 78 3883 -1
2507: 178 78 -1
2508: 1358 -1
2509: 78 3883 2506 -1
2510: 78 -1
2511: 78 -1
2512: 1899 1900 1901 -1
2513: 78 -1
2514: 1358 1 -1
2515: 2141 1440 178 78 -1
2516: 1358 -1
2517: 138 1668 78 1358 178 -1
2518: 78 -1
2519: 178 1668 78 -1
2520: 1 1150 78 -1
2521: 78 2221 -1
2522: 78 -1
2523: 138 1668 78 1358 178 -1
2524: 78 -1
2525: 78 -1
2526: 1899 1900 1901 -1
2527: 78 -1
2528: 1358 -1
2529: 1358 3921 1770 78 -1
2530: 78 -1
2531: 1358 -1
2532: 78 -1
2533: 8 -1
2534: 108 738 79 138 -1
2535: 738 79 2136 -1
2536: 3032 79 -1
2537: 79 -1
2538: -1
2539: -1
2540: 7 2065 8 79 113 105 3 2 -1
2541: 738 79 1983 -1
2542: 2482 -1
2543: 79 138 2169 2170 123 -1
2544: 79 -1
2545: 2552 -1
2546: 2545 -1
2547: 2545 -1
2548: 2545 -1
2549: 2545 -1
2550: 2545 -1
2551: 2545 -1
2552: -1
2553: 178 80 -1
2554: 80 -1
2555: 2545 -1
2556: 2545 -1
2557: 2545 -1
2558: 2545 -1
2559: 2545 -1
2560: 2545 -1
2561: 80 -1
2562: 2545 -1
2563: 2545 -1
2564: 2545 -1
2565: 2545 -1
2566: 2545 -1
2567: 2545 -1
2568: 2545 -1
2569: 2545 -1
2570: 80 -1
2571: 2545 -1
2572: 80 -1
2573: -1
2574: -1
2575: -1
2576: -1
2577: -1
2578: -1
2579: -1
2580: 81 -1
2581: 81 2573 2577 -1
2582: 81 2587 779 -1
2583: 2328 -1
2584: 81 1674 1677 3645 684 3879 178 -1
2585: 81 1358 738 -1
2586: 2579 -1
2587: 2579 -1
2588: 81 3883 -1
2589: 81 -1
2590: 81 -1
2591: 178 1253 81 738 -1
2592: 81 1358 -1
2593: -1
2594: -1
2595: -1
2596: -1
2597: -1
2598: 1673 -1
2599: 1899 1900 1901 1902 -1
2600: 82 -1
2601: 82 -1
2602: 1673 1675 82 2913 84 178 -1
2603: 2593 -1
2604: 3646 82 -1
2605: 82 3885 -1
2606: 2593 -1
2607: 2593 -1
2608: 2593 -1
2609: 1899 1900 1901 -1
2610: 1673 -1
2611: 82 -1
2612: 1675 2255 82 3645 1329 2913 2328 3967 -1
2613: 82 -1
2614: 3646 82 -1
2615: 82 -1
2616: 2593 -1
2617: 2593 -1
2618: 2593 -1
2619: 2593 -1
2620: 2593 -1
2621: 1673 2631 82 -1
2622: 3885 82 -1
2623: 82 -1
2624: 1673 82 -1
2625: 82 -1
2626: 2593 2594 2596 2597 -1
2627: 82 -1
2628: 82 -1
2629: 2199 178 1673 167 1358 82 3720 2141 -1
2630: 2913 82 -1
2631: 1673 82 -1
2632: 1673 -1
2633: 82 -1
2634: 2593 -1
2635: -1
2636: 83 3345 -1
2637: 8 83 -1
2638: 8 3193 83 2443 -1
2639: 83 -1
2640: 8 83 -1
2641: 8 3193 83 2443 -1
2642: 83 -1
2643: 167 1677 1675 1672 1674 305 1329 738 2465 2466 105 -1
2644: 83 -1
2645: 83 -1
2646: 83 -1
2647: 8 83 2 7 2465 -1
2648: 8 2 83 -1
2649: 83 -1
2650: 8 83 -1
2651: 83 -1
2652: 83 -1
2653: 147 8 83 3864 1811 2539 -1
2654: 8 159 83 -1
2655: 2884 -1
2656: 83 -1
2657: 2255 49 3885 84 1668 3449 -1
2658: 84 -1
2659: 84 -1
2660: 84 -1
2661: 84 2141 416 -1
2662: 84 -1
2663: 84 -1
2664: 84 2204 -1
2665: 138 84 -1
2666: 84 -1
2667: 84 -1
2668: 84 -1
2669: 84 -1
2670: 84 -1
2671: 84 3883 891 -1
2672: 84 -1
2673: 178 138 2204 84 25 3883 -1
2674: 84 -1
2675: 2204 84 2664 -1
2676: 1899 1900 1901 -1
2677: 84 7 -1
2678: 2255 84 -1
2679: 85 -1
2680: 85 -1
2681: 85 -1
2682: 108 85 3295 3549 1811 2433 3559 -1
2683: 85 -1
2684: 3549 779 2130 1358 85 2290 2529 -1
2685: 85 779 -1
2686: 85 -1
2687: 85 3883 -1
2688: 85 -1
2689: 85 -1
2690: 738 85 1038 -1
2691: 85 -1
2692: 85 -1
2693: 1983 2141 1358 1766 3449 1953 178 108 738 636 3883 25 3885 2255 138 86 1440 2911 3720 1054 2913 2529 -1
2694: 86 -1
2695: 86 -1
2696: 86 -1
2697: 86 -1
2698: 86 -1
2699: 87 -1
2700: 1175 87 -1
2701: 87 -1
2702: 87 -1
2703: 87 -1
2704: 87 1183 -1
2705: 87 -1
2706: 87 -1
2707: 138 87 178 2456 738 3549 1054 -1
2708: 87 -1
2709: 87 -1
2710: -1
2711: 1899 1900 1901 -1
2712: 88 -1
2713: 88 738 -1
2714: 3883 88 -1
2715: 3879 61 2090 1795 88 -1
2716: 88 -1
2717: 3879 3883 88 -1
2718: 98 139 153 105 8 88 168 26 -1
2719: 88 -1
2720: 1899 1900 1901 -1
2721: 3885 89 -1
2722: 1668 3954 1054 89 -1
2723: 2130 -1
2724: 1767 89 3720 -1
2725: 89 -1
2726: 89 -1
2727: 2130 3954 89 -1
2728: 2130 3954 3885 89 -1
2729: 89 -1
2730: 3954 2130 89 -1
2731: 89 -1
2732: 2130 89 -1
2733: 89 -1
2734: 2130 89 -1
2735: 89 -1
2736: 89 -1
2737: 89 -1
2738: 2130 3954 89 3883 -1
2739: 89 -1
2740: 89 -1
2741: 89 -1
2742: 172 89 -1
2743: 89 -1
2744: 89 -1
2745: 178 3954 1668 89 -1
2746: 89 -1
2747: 89 -1
2748: 89 2130 -1
2749: 89 -1
2750: 89 -1
2751: 2130 -1
2752: 4001 1825 89 3954 2330 -1
2753: 89 -1
2754: 89 -1
2755: 89 -1
2756: 89 -1
2757: 89 -1
2758: 89 -1
2759: 2760 -1
2760: -1
2761: -1
2762: -1
2763: -1
2764: -1
2765: -1
2766: 2759 2765 -1
2767: 2759 2765 -1
2768: 2759 2765 -1
2769: 2759 2765 -1
2770: 2759 2765 -1
2771: 2759 2765 -1
2772: 90 -1
2773: 2759 2765 -1
2774: 2759 2765 -1
2775: 2759 2765 -1
2776: 2759 2765 -1
2777: 814 2760 2765 -1
2778: 2759 2765 -1
2779: 2759 2765 -1
2780: 2759 2765 -1
2781: 90 -1
2782: 2759 2765 -1
2783: 2759 2765 -1
2784: 2759 2760 2765 -1
2785: 2759 808 2765 -1
2786: 2759 2765 -1
2787: 2760 2765 -1
2788: 2759 2765 -1
2789: 2759 2765 -1
2790: 2759 2765 -1
2791: 2759 114 2765 -1
2792: 2759 2765 -1
2793: 2765 -1
2794: 2759 2765 -1
2795: 2759 2765 -1
2796: 2759 2765 -1
2797: 90 -1
2798: 2759 2765 -1
2799: 2759 2765 -1
2800: 2759 2765 -1
2801: 2759 2765 -1
2802: 2759 2765 -1
2803: 90 -1
2804: 2774 90 -1
2805: 90 -1
2806: 2130 2812 108 91 -1
2807: 2130 555 108 91 -1
2808: 91 -1
2809: 1811 108 -1
2810: 1899 1900 1901 -1
2811: 2806 91 3545 108 -1
2812: 91 -1
2813: 91 -1
2814: 91 -1
2815: 92 -1
2816: 92 -1
2817: 6 -1
2818: 92 1672 1674 -1
2819: 138 105 92 2443 2029 -1
2820: 3443 92 -1
2821: -1
2822: 3443 92 -1
2823: 3443 92 -1
2824: 92 -1
2825: 92 -1
2826: 92 -1
2827: 2398 92 2 -1
2828: 92 -1
2829: 92 -1
2830: -1
2831: 4 507 59 2834 14 7 2 2835 98 1885 2836 2837 -1
2832: 4 507 59 2834 14 7 2 2835 98 1885 2836 2837 -1
2833: -1
2834: -1
2835: -1
2836: -1
2837: 3960 -1
2838: -1
2839: -1
2840: 94 738 2839 -1
2841: 779 94 1811 1983 1795 -1
2842: 1795 -1
2843: 94 -1
2844: 94 2845 -1
2845: 94 -1
2846: 94 -1
2847: 1795 -1
2848: 94 -1
2849: 95 3883 -1
2850: 95 88 -1
2851: 95 8 2635 88 2410 2465 2178 -1
2852: 95 -1
2853: 95 -1
2854: 95 8 2635 88 2410 2465 2178 -1
2855: -1
2856: 95 -1
2857: 95 -1
2858: 8 95 2465 -1
2859: 95 8 17 -1
2860: 692 697 702 704 703 708 710 687 712 700 714 715 717 -1
2861: 96 -1
2862: -1
2863: -1
2864: -1
2865: -1
2866: -1
2867: -1
2868: -1
2869: -1
2870: 2872 97 2873 -1
2871: -1
2872: 2862 2130 2867 2868 2869 -1
2873: 2862 2867 2868 2869 -1
2874: 2872 97 2873 -1
2875: 98 -1
2876: 1664 98 2837 -1
2877: 98 -1
2878: 2330 3954 1668 178 98 -1
2879: 98 -1
2880: 687 -1
2881: 178 98 3549 2217 -1
2882: 714 98 419 105 26 2 -1
2883: 178 98 3549 2217 -1
2884: 98 -1
2885: 98 -1
2886: 98 -1
2887: 99 -1
2888: 99 7 -1
2889: 99 -1
2890: 99 2895 -1
2891: 2141 99 -1
2892: 99 2529 -1
2893: 99 2529 -1
2894: 99 -1
2895: 99 -1
2896: 99 2529 -1
2897: 99 -1
2898: -1
2899: -1
2900: 2909 100 2907 2901 -1
2901: 2899 -1
2902: -1
2903: 2908 2906 100 2901 -1
2904: 2908 2907 2909 100 2901 2906 -1
2905: 105 2908 2906 100 2901 -1
2906: 2899 -1
2907: 2898 2899 -1
2908: 2898 2899 -1
2909: 2899 -1
2910: 2908 2906 100 2901 -1
2911: 2914 -1
2912: -1
2913: -1
2914: -1
2915: -1
2916: -1
2917: -1
2918: 101 -1
2919: 3646 -1
2920: 101 1033 684 1668 1677 3954 2130 -1
2921: 101 -1
2922: 101 -1
2923: 684 101 -1
2924: 101 -1
2925: 101 -1
2926: 2913 101 -1
2927: 101 2913 -1
2928: 101 -1
2929: 101 -1
2930: 101 -1
2931: 2913 101 -1
2932: 101 -1
2933: 2913 101 684 3883 2912 1033 132 4001 -1
2934: 101 -1
2935: 101 684 -1
2936: 101 -1
2937: 684 101 -1
2938: 2913 101 -1
2939: 684 178 101 2912 -1
2940: 3646 2328 101 738 -1
2941: 101 -1
2942: 101 -1
2943: 101 -1
2944: 101 3883 -1
2945: 101 1033 1768 -1
2946: -1
2947: -1
2948: -1
2949: -1
2950: -1
2951: -1
2952: -1
2953: -1
2954: -1
2955: 2946 2947 2948 2949 2950 2951 2952 2953 1668 -1
2956: 2946 2947 2948 2949 2950 2951 2952 2953 1668 -1
2957: 2946 2947 2948 2949 2950 2951 2952 2953 2978 2979 2980 2981 2982 2983 2984 -1
2958: 2946 2947 2948 2949 2950 2951 2952 2953 2978 2979 2980 2981 2982 2983 2984 -1
2959: 2946 2947 2948 2949 2950 2951 2952 2953 2978 2979 2980 2981 2982 2983 2984 -1
2960: 2946 2947 2948 2949 2950 2951 2952 2953 1668 2978 2979 2980 2981 2982 2983 2984 -1
2961: 2946 2947 2948 2949 2950 2951 2952 2953 1668 2978 2979 2980 2981 2982 2983 2984 -1
2962: 2946 2947 2948 2949 2950 2951 2952 2953 1668 2978 2979 2980 2981 2982 2983 2984 -1
2963: 2946 2947 2948 2949 2950 2951 2952 2953 1668 2978 2979 2980 2981 2982 2983 2984 -1
2964: 2946 2947 2948 2949 2950 2951 2952 2953 1668 2978 2979 2980 2981 2982 2983 2984 -1
2965: 2946 2947 2948 2949 2950 2951 2952 2953 1668 2978 2979 2980 2981 2982 2983 2984 -1
2966: 2946 2947 2948 2949 2950 2951 2952 2953 1668 2978 2979 2980 2981 2982 2983 2984 -1
2967: 2946 2947 2948 2949 2950 2951 2952 2953 1668 2978 2979 2980 2981 2982 2983 2984 -1
2968: 2946 2947 2948 2949 2950 2951 2952 2953 1668 2978 2979 2980 2981 2982 2983 2984 -1
2969: 2946 2947 2948 2949 2950 2951 2952 2953 1668 2978 2979 2980 2981 2982 2983 2984 -1
2970: 2946 2947 2948 2949 2950 2951 2952 2953 1668 2978 2979 2980 2981 2982 2983 2984 -1
2971: 2946 2947 2948 2949 2950 2951 2952 2953 -1
2972: 2946 2947 2948 2949 2950 2951 2952 2953 1668 2978 2979 2980 2981 2982 2983 2984 -1
2973: 2946 2947 2948 2949 2950 2951 2952 2953 1668 2978 2979 2980 2981 2982 2983 2984 -1
2974: 2946 2947 2948 2949 2950 2951 2952 2953 1668 2978 2979 2980 2981 2982 2983 2984 -1
2975: 2946 2947 2948 2949 2950 2951 2952 2953 1668 2978 2979 2980 2981 2982 2983 2984 -1
2976: 2946 2947 2948 2949 2950 2951 2952 2953 1668 2978 2979 2980 2981 2982 2983 2984 -1
2977: -1
2978: -1
2979: -1
2980: -1
2981: -1
2982: -1
2983: -1
2984: -1
2985: 2946 2947 2948 2949 2950 2951 2952 2953 1668 2978 2979 2980 2981 2982 2983 2984 -1
2986: 2946 2947 2948 2949 2950 2951 2952 2953 2978 2979 2980 2981 2982 2983 2984 -1
2987: 2946 2947 2948 2949 2950 2951 2952 2953 1668 2978 2979 2980 2981 2982 2983 2984 -1
2988: 2946 2947 2948 2949 2950 2951 2952 2953 1668 2978 2979 2980 2981 2982 2983 2984 -1
2989: 2946 2947 2948 2949 2950 2951 2952 2953 2978 2979 2980 2981 2982 2983 2984 -1
2990: 2946 2947 2948 2949 2950 2951 2952 2953 1668 2978 2979 2980 2981 2982 2983 2984 -1
2991: 2946 2947 2948 2949 2950 2951 2952 2953 1668 2978 2979 2980 2981 2982 2983 2984 -1
2992: 2946 2947 2948 2949 2950 2951 2952 2953 2978 2979 2980 2981 2982 2983 2984 -1
2993: 2946 2947 2948 2949 2950 2951 2952 2953 1668 2978 2979 2980 2981 2982 2983 2984 -1
2994: 2946 2947 2948 2949 2950 2951 2952 2953 1668 2978 2979 2980 2981 2982 2983 2984 -1
2995: 2946 2947 2948 2949 2950 2951 2952 2953 2978 2979 2980 2981 2982 2983 2984 -1
2996: 2946 2947 2948 2949 2950 2951 2952 2953 1668 2978 2979 2980 2981 2982 2983 2984 -1
2997: 2946 2947 2948 2949 2950 2951 2952 2953 2978 2979 2980 2981 2982 2983 2984 -1
2998: 2946 2947 2948 2949 2950 2951 2952 2953 1668 2978 2979 2980 2981 2982 2983 2984 -1
2999: 2946 2947 2948 2949 2950 2951 2952 2953 2978 2979 2980 2981 2982 2983 2984 -1
3000: 2946 2947 2948 2949 2950 2951 2952 2953 1668 2978 2979 2980 2981 2982 2983 2984 -1
3001: 2946 2947 2948 2949 2950 2951 2952 2953 1668 2978 2979 2980 2981 2982 2983 2984 -1
3002: 2946 2947 2948 2949 2950 2951 2952 2953 2978 2979 2980 2981 2982 2983 2984 -1
3003: 2946 2947 2948 2949 2950 2951 2952 2953 2978 2979 2980 2981 2982 2983 2984 -1
3004: 2977 2954 -1
3005: 2946 2947 2948 2949 2950 2951 2952 2953 1668 2978 2979 2980 2981 2982 2983 2984 -1
3006: 2946 2947 2948 2949 2950 2951 2952 2953 2978 2979 2980 2981 2982 2983 2984 -1
3007: 2946 2947 2948 2949 2950 2951 2952 2953 1668 2978 2979 2980 2981 2982 2983 2984 -1
3008: 2946 2947 2948 2949 2950 2951 2952 2953 2978 2979 2980 2981 2982 2983 2984 -1
3009: 2946 2947 2948 2949 2950 2951 2952 2953 1668 2978 2979 2980 2981 2982 2983 2984 -1
3010: 2946 2947 2948 2949 2950 2951 2952 2953 1668 2978 2979 2980 2981 2982 2983 2984 -1
3011: 2946 2947 2948 2949 2950 2951 2952 2953 2978 2979 2980 2981 2982 2983 2984 -1
3012: 2946 2947 2948 2949 2950 2951 2952 2953 1668 2978 2979 2980 2981 2982 2983 2984 -1
3013: 109 738 102 133 3095 -1
3014: 2946 2947 2948 2949 2950 2951 2952 2953 2978 2979 2980 2981 2982 2983 2984 -1
3015: 2946 2947 2948 2949 2950 2951 2952 2953 2978 2979 2980 2981 2982 2983 2984 -1
3016: 2946 2947 2948 2949 2950 2951 2952 2953 1668 2978 2979 2980 2981 2982 2983 2984 -1
3017: 2946 2947 2948 2949 2950 2951 2952 2953 2978 2979 2980 2981 2982 2983 2984 -1
3018: 2946 2947 2948 2949 2950 2951 2952 2953 2978 2979 2980 2981 2982 2983 2984 -1
3019: 2946 2947 2948 2949 2950 2951 2952 2953 2978 2979 2980 2981 2982 2983 2984 -1
3020: 2946 2947 2948 2949 2950 2951 2952 2953 1668 2978 2979 2980 2981 2982 2983 2984 -1
3021: 2946 2947 2948 2949 2950 2951 2952 2953 2978 2979 2980 2981 2982 2983 2984 -1
3022: 2946 2947 2948 2949 2950 2951 2952 2953 2978 2979 2980 2981 2982 2983 2984 -1
3023: 2946 2947 2948 2949 2950 2951 2952 2953 2978 2979 2980 2981 2982 2983 2984 -1
3024: 2946 2947 2948 2949 2950 2951 2952 2953 1668 2978 2979 2980 2981 2982 2983 2984 -1
3025: 2946 2947 2948 2949 2950 2951 2952 2953 1668 2978 2979 2980 2981 2982 2983 2984 -1
3026: 2946 2947 2948 2949 2950 2951 2952 2953 1668 2978 2979 2980 2981 2982 2983 2984 -1
3027: 2946 2947 2948 2949 2950 2951 2952 2953 1668 2978 2979 2980 2981 2982 2983 2984 -1
3028: 2946 2947 2948 2949 2950 2951 2952 2953 2978 2979 2980 2981 2982 2983 2984 -1
3029: 2946 2947 2948 2949 2950 2951 2952 2953 2978 2979 2980 2981 2982 2983 2984 -1
3030: 2954 -1
3031: -1
3032: 715 2021 -1
3033: 703 715 -1
3034: -1
3035: 7 103 -1
3036: 4 103 -1
3037: 2208 508 3971 447 2081 490 3852 709 4 9 103 -1
3038: 103 -1
3039: 3548 2443 -1
3040: -1
3041: 105 24 -1
3042: 3712 105 -1
3043: 105 -1
3044: 105 -1
3045: 105 -1
3046: 2425 8 105 3048 -1
3047: 3712 105 -1
3048: 8 2425 105 -1
3049: 105 -1
3050: 105 -1
3051: 3712 105 -1
3052: 165 105 3549 738 108 -1
3053: 105 -1
3054: 1358 106 -1
3055: 106 -1
3056: 106 -1
3057: 106 2311 -1
3058: 106 -1
3059: 106 -1
3060: 106 -1
3061: 106 -1
3062: 106 -1
3063: 106 -1
3064: 106 2311 -1
3065: 1953 106 -1
3066: 106 -1
3067: 106 -1
3068: 106 -1
3069: 106 -1
3070: 106 -1
3071: 106 -1
3072: 107 -1
3073: 107 3075 -1
3074: 107 -1
3075: 107 -1
3076: 1983 738 108 3082 -1
3077: 3967 108 738 2573 1811 1983 138 178 49 1358 -1
3078: 108 3082 3087 3083 -1
3079: 167 108 -1
3080: 1983 108 -1
3081: 3967 1358 1983 738 108 3545 1038 -1
3082: 108 -1
3083: 108 -1
3084: 108 3082 3083 3087 -1
3085: 3087 3082 3083 108 -1
3086: 3883 138 2093 108 -1
3087: 3084 108 -1
3088: 1668 3083 108 -1
3089: 3883 108 -1
3090: 178 138 108 738 3883 49 -1
3091: 738 108 3527 2217 -1
3092: 1811 738 3545 2456 108 138 1983 3883 1358 3967 49 3879 1038 -1
3093: -1
3094: 3630 109 1770 -1
3095: 102 133 109 738 -1
3096: 3630 109 1770 -1
3097: -1
3098: 1899 1900 1901 1902 -1
3099: 3097 110 -1
3100: 3097 110 -1
3101: 110 1033 3097 -1
3102: 1983 110 3097 3646 -1
3103: 3097 110 -1
3104: 3097 110 -1
3105: 3097 110 -1
3106: 110 -1
3107: -1
3108: -1
3109: 3108 3107 3117 -1
3110: 3108 3107 3117 -1
3111: 3108 3107 3117 -1
3112: 3108 3107 3117 -1
3113: 3108 3107 3117 -1
3114: 3108 3107 3117 -1
3115: 3108 3107 3117 -1
3116: -1
3117: -1
3118: 111 1664 178 3883 25 -1
3119: 3108 3107 3116 3117 -1
3120: 111 -1
3121: 111 -1
3122: 3108 3107 3116 3117 -1
3123: 111 3116 -1
3124: 3116 111 -1
3125: 3108 3107 3116 3117 -1
3126: 3108 3107 3116 3117 -1
3127: 3108 3107 3116 3117 -1
3128: 111 -1
3129: 3108 3107 3116 3117 -1
3130: 3108 3107 3116 3117 -1
3131: 111 -1
3132: -1
3133: 3132 3165 178 -1
3134: 3135 -1
3135: 112 -1
3136: 112 -1
3137: 112 -1
3138: 1899 1900 1901 -1
3139: 112 2455 1983 3545 3883 -1
3140: 112 -1
3141: 2141 178 1054 -1
3142: 112 -1
3143: 138 112 3883 1054 167 -1
3144: 738 1361 112 1440 178 4001 -1
3145: 112 1054 178 138 3967 1358 108 -1
3146: 167 112 -1
3147: 167 112 1358 108 -1
3148: -1
3149: 112 1038 -1
3150: 1983 -1
3151: 167 1054 3883 112 738 -1
3152: 1899 1900 1901 1902 -1
3153: 112 138 178 1054 3954 -1
3154: 112 1983 -1
3155: 112 738 1054 178 -1
3156: 167 112 2147 1358 108 -1
3157: 112 -1
3158: 3148 178 112 -1
3159: 3172 -1
3160: 112 2220 -1
3161: 112 178 -1
3162: 112 -1
3163: 1983 3172 112 178 2330 3161 -1
3164: 2933 1472 2417 3883 112 108 178 2130 3954 2330 1668 -1
3165: -1
3166: 3132 -1
3167: 3132 -1
3168: 3132 -1
3169: 112 138 3148 -1
3170: 1675 178 112 2141 138 1770 1674 -1
3171: 738 -1
3172: 108 112 2147 -1
3173: -1
3174: 8 113 2434 -1
3175: 1899 1900 1901 -1
3176: 114 -1
3177: 114 -1
3178: 2056 2057 1440 2759 114 2456 1983 1233 2146 -1
3179: 3032 7 2573 114 3527 -1
3180: 114 2461 2413 2460 14 -1
3181: 45 8 114 7 35 14 -1
3182: 114 1440 7 -1
3183: 2461 8 2460 114 14 -1
3184: 114 -1
3185: 45 8 114 7 35 14 -1
3186: 114 -1
3187: 2759 114 2765 -1
3188: 114 -1
3189: 1899 1900 1901 -1
3190: 45 8 114 7 35 14 -1
3191: 114 -1
3192: -1
3193: -1
3194: -1
3195: -1
3196: 3195 115 -1
3197: 3195 115 -1
3198: 1899 1900 1901 -1
3199: 2029 2021 1511 1983 116 -1
3200: 3879 -1
3201: 3879 -1
3202: 116 3879 -1
3203: 116 -1
3204: 116 2170 2172 2171 2169 -1
3205: 3879 1440 116 3954 -1
3206: 3207 -1
3207: -1
3208: 1795 117 61 2902 -1
3209: 117 -1
3210: 117 -1
3211: 117 -1
3212: 1054 117 -1
3213: 3220 117 -1
3214: 3220 117 -1
3215: 178 117 1668 3549 -1
3216: 117 2902 2329 -1
3217: 117 -1
3218: 117 -1
3219: 117 1795 -1
3220: 3236 117 3239 -1
3221: 738 -1
3222: 3220 1233 3239 2328 -1
3223: 1795 117 3236 1233 -1
3224: 117 178 -1
3225: 3883 117 738 2902 -1
3226: 738 117 -1
3227: 117 -1
3228: 108 -1
3229: 117 -1
3230: 178 -1
3231: 117 1766 2221 -1
3232: 117 -1
3233: 117 -1
3234: 117 -1
3235: 117 -1
3236: 117 -1
3237: 117 -1
3238: 3883 117 738 -1
3239: 117 -1
3240: 117 -1
3241: 117 -1
3242: 117 -1
3243: 3244 118 -1
3244: -1
3245: 75 118 2837 -1
3246: 3345 118 -1
3247: 119 -1
3248: 3247 3268 3269 -1
3249: 3247 3268 3269 -1
3250: 3247 3268 3269 -1
3251: -1
3252: 3247 3268 3269 -1
3253: 3247 3268 3269 -1
3254: 3247 3268 3269 -1
3255: 3247 3268 3269 -1
3256: 3247 3268 3269 -1
3257: 3247 3268 3269 -1
3258: 3247 3268 3269 -1
3259: 3247 3268 3269 -1
3260: 3247 -1
3261: 3247 3288 1472 3268 3269 -1
3262: 3247 3268 3269 -1
3263: -1
3264: -1
3265: -1
3266: -1
3267: -1
3268: 3289 -1
3269: -1
3270: 1899 1900 1901 -1
3271: 119 3251 -1
3272: 119 -1
3273: 119 -1
3274: 1983 119 3281 -1
3275: 49 119 3879 3270 138 -1
3276: 119 3281 1983 738 3967 108 -1
3277: 119 2384 108 2414 -1
3278: 119 -1
3279: 738 138 119 -1
3280: 738 3879 138 1358 -1
3281: -1
3282: 3218 3289 119 3549 3285 -1
3283: 138 738 119 -1
3284: 3879 738 119 -1
3285: 119 -1
3286: 3879 738 119 -1
3287: 738 119 138 -1
3288: 119 -1
3289: -1
3290: 119 -1
3291: 119 1983 1358 1472 3268 138 -1
3292: 738 119 3287 -1
3293: -1
3294: -1
3295: -1
3296: 120 -1
3297: 120 -1
3298: 3295 3545 3293 1983 -1
3299: 25 120 3295 3883 49 -1
3300: 120 -1
3301: 120 -1
3302: 120 -1
3303: 738 1983 138 3883 120 -1
3304: 2063 302 -1
3305: 2063 -1
3306: 2063 2060 -1
3307: 2063 6 -1
3308: 2063 -1
3309: 2063 -1
3310: 2063 -1
3311: 2063 -1
3312: 2063 -1
3313: 2063 -1
3314: 2063 -1
3315: 2063 -1
3316: 2063 -1
3317: 2063 -1
3318: 2063 1417 -1
3319: 2063 -1
3320: -1
3321: 2063 -1
3322: 40 -1
3323: 322 105 2449 2410 416 39 3 -1
3324: 121 -1
3325: 121 -1
3326: 690 121 8 3960 3550 416 21 3 2022 779 -1
3327: 3960 121 -1
3328: 2759 8 121 -1
3329: 1358 121 -1
3330: 8 121 3033 707 3342 -1
3331: 3443 121 178 -1
3332: 2933 121 4 -1
3333: 3960 121 -1
3334: 178 2759 8 121 -1
3335: 2208 121 -1
3336: 2208 121 -1
3337: 1358 121 -1
3338: 121 2064 -1
3339: 121 -1
3340: 121 -1
3341: 121 3443 -1
3342: 7 8 121 2545 1440 2759 178 -1
3343: 121 -1
3344: 3443 121 178 -1
3345: -1
3346: 1677 2830 -1
3347: 3033 -1
3348: -1
3349: 3033 -1
3350: 1677 -1
3351: 2830 -1
3352: 1677 -1
3353: 3348 -1
3354: 122 3356 3358 -1
3355: 122 -1
3356: -1
3357: 1677 -1
3358: -1
3359: 3559 122 -1
3360: -1
3361: 3429 -1
3362: 3429 -1
3363: 3429 -1
3364: 3429 -1
3365: 3429 -1
3366: 3429 -1
3367: 3429 -1
3368: 3954 3429 -1
3369: 3429 -1
3370: 3429 -1
3371: 3429 -1
3372: 3429 -1
3373: 3429 -1
3374: 3429 -1
3375: 3429 -1
3376: 3429 -1
3377: 3429 -1
3378: 3429 -1
3379: 3429 -1
3380: 3429 -1
3381: 3429 -1
3382: 3429 -1
3383: 3429 -1
3384: 3429 -1
3385: 3429 -1
3386: 3429 -1
3387: 3429 -1
3388: 3429 -1
3389: 3429 -1
3390: 3429 -1
3391: 3429 -1
3392: 3429 -1
3393: 3429 -1
3394: 3429 -1
3395: 3429 -1
3396: 3429 -1
3397: 3429 -1
3398: 3429 -1
3399: 3429 -1
3400: 3429 -1
3401: 3429 -1
3402: 3429 -1
3403: 3429 -1
3404: 3429 -1
3405: 3429 -1
3406: 3429 -1
3407: 3429 -1
3408: 3429 -1
3409: 3429 -1
3410: 3429 -1
3411: 3429 -1
3412: 3429 -1
3413: 3429 -1
3414: 3429 -1
3415: 3429 -1
3416: 3429 -1
3417: 3429 -1
3418: 3429 -1
3419: 3429 -1
3420: 3429 -1
3421: 3429 -1
3422: 3429 -1
3423: 3429 -1
3424: 3429 -1
3425: 3429 -1
3426: 3429 -1
3427: 3429 -1
3428: -1
3429: -1
3430: 3658 2132 1983 123 416 1811 3550 1233 2545 -1
3431: 123 -1
3432: 123 -1
3433: 2164 123 3658 2165 2163 2545 3550 -1
3434: 108 1983 123 -1
3435: 123 -1
3436: 2132 2131 123 -1
3437: 2132 123 1983 -1
3438: 123 3371 3366 3370 3442 3363 3369 3361 3368 3367 3362 3428 -1
3439: 123 1983 -1
3440: 2414 123 1983 -1
3441: 123 1983 -1
3442: 3429 -1
3443: -1
3444: 2063 3443 2402 -1
3445: -1
3446: 6 419 40 3445 9 2 2063 2064 4 -1
3447: 3449 3450 -1
3448: -1
3449: 3447 3448 125 3450 -1
3450: -1
3451: 3448 3449 -1
3452: 3448 3449 -1
3453: 3448 3449 3450 -1
3454: 3448 3449 3450 -1
3455: 3448 3449 3450 -1
3456: 3448 3449 3450 -1
3457: 3447 3448 125 3450 -1
3458: 3447 3448 125 3450 -1
3459: 3448 3449 3450 -1
3460: 3448 3449 3450 -1
3461: 3448 3449 3450 -1
3462: 3448 3449 3450 -1
3463: 3448 3449 3450 -1
3464: 3448 3449 3450 -1
3465: 3448 3449 3450 -1
3466: 3448 3449 3450 -1
3467: 3448 3449 3450 -1
3468: 125 -1
3469: 3448 3449 3450 -1
3470: 3448 3449 3450 -1
3471: 3448 3449 3450 -1
3472: 3448 3449 3450 -1
3473: 3448 3449 3450 -1
3474: 3448 3449 3450 -1
3475: 3448 3449 3450 -1
3476: 3448 3449 3450 -1
3477: 3448 3449 3450 -1
3478: 3447 3448 125 3450 -1
3479: 3447 3449 125 3450 -1
3480: 3447 3449 125 3450 -1
3481: 3447 3448 125 3450 -1
3482: 3447 3448 125 3450 -1
3483: 3448 3449 3450 -1
3484: 3448 3449 3450 -1
3485: 3448 3449 3450 -1
3486: 3448 3449 3450 -1
3487: 3448 3449 3450 -1
3488: 3448 3449 3450 -1
3489: 3448 3449 3450 -1
3490: 3448 3449 3450 -1
3491: 3448 3449 3450 -1
3492: 3447 3448 125 3450 -1
3493: 3447 3448 125 3450 -1
3494: 3447 3448 125 3450 -1
3495: 3447 3448 125 3450 -1
3496: 125 -1
3497: 3448 3449 3450 -1
3498: 3448 3449 -1
3499: 126 -1
3500: 126 -1
3501: 8 2443 88 126 2456 -1
3502: 127 -1
3503: 127 2204 -1
3504: 127 -1
3505: 127 -1
3506: 127 -1
3507: 127 -1
3508: 127 -1
3509: 127 -1
3510: 127 -1
3511: 108 127 -1
3512: 128 -1
3513: 128 -1
3514: 128 -1
3515: 128 -1
3516: 128 -1
3517: 128 -1
3518: 1983 1233 1033 159 8 2443 128 738 -1
3519: 128 -1
3520: 128 -1
3521: 128 -1
3522: 128 -1
3523: 416 128 -1
3524: 129 1440 -1
3525: 129 -1
3526: 129 -1
3527: 129 -1
3528: 3645 -1
3529: 129 -1
3530: -1
3531: 2130 2131 2132 2133 2134 2135 2136 2137 2138 2139 2140 2141 2142 2143 2144 2145 2146 2147 2148 2149 2150 2151 2152 2153 2154 2155 2156 2157 2158 2159 2160 2161 2162 2163 2164 2165 2166 2167 2168 2169 2170 2171 2172 2173 2174 2175 -1
3532: 1329 -1
3533: 130 3883 1983 -1
3534: 108 3683 130 -1
3535: 1899 1900 1901 -1
3536: 1899 1900 1901 -1
3537: 130 3883 1983 -1
3538: 130 3883 1983 -1
3539: 3683 130 -1
3540: 130 3683 -1
3541: 131 -1
3542: 131 -1
3543: 131 -1
3544: 131 1440 1233 -1
3545: 131 -1
3546: 131 -1
3547: 108 131 178 57 1983 138 738 3883 -1
3548: 1358 3549 132 -1
3549: -1
3550: 132 -1
3551: 132 3549 -1
3552: 3527 132 -1
3553: 132 -1
3554: 132 -1
3555: 1 133 -1
3556: 1 133 -1
3557: 133 -1
3558: 133 -1
3559: 133 -1
3560: 133 -1
3561: 1 31 133 -1
3562: 133 -1
3563: -1
3564: 134 -1
3565: -1
3566: -1
3567: 134 -1
3568: 134 1795 138 -1
3569: 134 3712 1795 228 776 -1
3570: 134 -1
3571: -1
3572: 3573 -1
3573: -1
3574: 3573 -1
3575: 3573 -1
3576: 3573 -1
3577: 3573 -1
3578: 3573 -1
3579: 3573 -1
3580: 3573 -1
3581: 3573 -1
3582: 3573 3583 2029 -1
3583: -1
3584: -1
3585: 3573 -1
3586: 3573 -1
3587: 2465 -1
3588: 135 8 -1
3589: 135 -1
3590: 4 135 -1
3591: 2069 2396 2395 135 -1
3592: 1983 3883 -1
3593: 136 -1
3594: 3599 -1
3595: 3602 -1
3596: 779 3870 138 2130 2330 3954 1413 -1
3597: 3872 -1
3598: -1
3599: -1
3600: 178 -1
3601: 1164 1811 -1
3602: -1
3603: 1233 3602 -1
3604: -1
3605: 138 -1
3606: 138 -1
3607: 138 49 108 -1
3608: 138 108 2217 -1
3609: 138 -1
3610: 138 49 1358 2421 178 3549 3883 2255 108 3614 -1
3611: 138 1358 -1
3612: 138 3033 -1
3613: 138 -1
3614: 138 108 1358 25 3883 3549 2255 3610 -1
3615: 138 1795 -1
3616: 139 -1
3617: 2455 139 -1
3618: 139 -1
3619: 8 139 51 7 -1
3620: 2058 6 2059 105 8 17 2065 2060 2062 2063 2399 22 2455 139 98 39 2453 2064 40 45 2465 147 -1
3621: 105 139 98 -1
3622: 51 40 22 139 2455 168 6 2064 105 -1
3623: -1
3624: -1
3625: 3629 -1
3626: -1
3627: -1
3628: -1
3629: -1
3630: -1
3631: 3624 3625 3626 3628 3629 -1
3632: 3624 3625 3626 3628 3629 -1
3633: 3624 3625 3626 3628 3629 -1
3634: 3624 3625 3626 3628 3629 -1
3635: 140 -1
3636: 3345 3630 3954 4 140 9 56 3632 -1
3637: 141 -1
3638: 1358 141 -1
3639: 141 -1
3640: 141 1358 138 1440 3883 -1
3641: 141 -1
3642: 2869 2255 61 178 141 108 -1
3643: 738 141 138 -1
3644: 108 738 141 -1
3645: -1
3646: -1
3647: -1
3648: -1
3649: 3879 108 49 1811 142 -1
3650: 142 49 -1
3651: 142 -1
3652: 3883 142 108 1358 3815 -1
3653: 142 49 3650 -1
3654: 1677 2911 178 3954 3646 -1
3655: 142 -1
3656: 1668 3645 142 3630 -1
3657: 1664 142 178 -1
3658: 142 -1
3659: -1
3660: -1
3661: -1
3662: -1
3663: -1
3664: -1
3665: -1
3666: 1766 -1
3667: 1766 -1
3668: -1
3669: -1
3670: -1
3671: -1
3672: 1766 -1
3673: -1
3674: -1
3675: -1
3676: -1
3677: 143 -1
3678: 143 392 3670 3674 2438 3661 2435 -1
3679: 143 3661 3666 3668 -1
3680: 143 -1
3681: 3883 144 -1
3682: 2255 144 -1
3683: 144 -1
3684: 2414 144 49 3883 -1
3685: 144 -1
3686: 144 -1
3687: 144 -1
3688: 2255 2529 49 1953 144 138 1038 -1
3689: 144 -1
3690: 144 -1
3691: 144 -1
3692: 144 -1
3693: 144 -1
3694: 138 144 -1
3695: 144 1358 3883 2529 -1
3696: 108 144 3883 -1
3697: 2029 145 -1
3698: 3032 145 -1
3699: 3032 145 -1
3700: -1
3701: 145 3700 3033 3032 -1
3702: 145 -1
3703: 3707 3706 3704 3705 3711 3951 3710 -1
3704: -1
3705: -1
3706: -1
3707: 3703 -1
3708: 3703 -1
3709: 3710 3951 -1
3710: -1
3711: 3703 -1
3712: -1
3713: -1
3714: 2465 2466 2464 2456 147 105 -1
3715: 105 2464 147 2465 2466 2456 3714 -1
3716: 148 -1
3717: 148 3668 -1
3718: 148 714 8 -1
3719: 159 2538 148 -1
3720: -1
3721: -1
3722: 3723 -1
3723: -1
3724: 150 -1
3725: 150 -1
3726: 150 -1
3727: 150 3345 -1
3728: 150 -1
3729: 150 -1
3730: 150 -1
3731: 150 3443 3732 3733 3739 -1
3732: -1
3733: -1
3734: 150 -1
3735: 150 -1
3736: 150 -1
3737: 150 -1
3738: 150 -1
3739: -1
3740: 150 -1
3741: 150 1884 -1
3742: -1
3743: -1
3744: 167 641 416 2443 3040 305 3244 2643 151 3883 1679 2208 -1
3745: 305 151 -1
3746: 3883 416 151 105 322 2410 39 3 2643 -1
3747: 8 2060 105 2421 2443 2 3244 -1
3748: 152 3954 2130 -1
3749: 152 -1
3750: 152 -1
3751: 152 -1
3752: -1
3753: 153 3443 -1
3754: 808 -1
3755: 808 -1
3756: 808 -1
3757: 808 -1
3758: 808 -1
3759: 808 -1
3760: 808 -1
3761: 808 -1
3762: 808 -1
3763: 153 -1
3764: 153 -1
3765: 808 153 3752 -1
3766: 153 -1
3767: 808 -1
3768: 808 -1
3769: 153 -1
3770: 808 153 -1
3771: 153 3752 -1
3772: 153 168 -1
3773: 808 -1
3774: 808 -1
3775: 808 -1
3776: 808 -1
3777: 808 -1
3778: 808 -1
3779: 154 -1
3780: 154 -1
3781: 154 -1
3782: 154 -1
3783: 154 641 -1
3784: 155 169 -1
3785: 155 -1
3786: 738 155 138 -1
3787: 155 169 -1
3788: 155 -1
3789: 155 169 -1
3790: 169 155 8 3752 3443 -1
3791: 155 -1
3792: 155 -1
3793: 155 -1
3794: 155 1358 890 -1
3795: 155 -1
3796: 155 -1
3797: 156 -1
3798: 3799 -1
3799: -1
3800: -1
3801: -1
3802: -1
3803: -1
3804: -1
3805: 3883 -1
3806: 156 -1
3807: -1
3808: -1
3809: 156 3822 -1
3810: 3800 3822 -1
3811: 156 -1
3812: 3803 3808 156 -1
3813: 3803 156 3550 2409 167 439 -1
3814: 3808 156 3559 -1
3815: -1
3816: 3803 108 3802 -1
3817: 3803 416 305 21 39 3802 -1
3818: 108 -1
3819: -1
3820: 156 3821 -1
3821: 156 -1
3822: 3808 3648 -1
3823: 157 -1
3824: 25 -1
3825: 157 -1
3826: 157 -1
3827: 3268 738 158 -1
3828: 158 -1
3829: 1811 158 -1
3830: 138 158 -1
3831: 158 -1
3832: 158 -1
3833: 3832 3836 -1
3834: 158 -1
3835: 158 -1
3836: 158 -1
3837: 159 8 -1
3838: -1
3839: 159 -1
3840: 105 2208 159 -1
3841: 159 -1
3842: 159 -1
3843: 159 -1
3844: 159 -1
3845: 159 3345 105 3549 1233 -1
3846: 159 -1
3847: 555 159 -1
3848: 159 -1
3849: 159 -1
3850: 159 -1
3851: 8 159 83 2443 -1
3852: 2443 159 7 2 416 -1
3853: 105 322 3 2449 39 159 2058 -1
3854: 159 -1
3855: -1
3856: 3855 -1
3857: 161 -1
3858: 2421 161 -1
3859: 138 178 49 1795 161 -1
3860: 161 -1
3861: 161 -1
3862: 161 -1
3863: 161 2421 -1
3864: -1
3865: 555 3873 -1
3866: 1899 1900 1901 -1
3867: 3345 3033 3600 2529 -1
3868: 178 -1
3869: 3648 3598 1811 -1
3870: 138 -1
3871: 108 -1
3872: 2330 1668 3954 -1
3873: 2330 1668 3954 -1
3874: 163 -1
3875: 165 3877 -1
3876: 165 -1
3877: 165 -1
3878: 165 -1
3879: -1
3880: 3879 3884 3885 -1
3881: 3879 3884 3885 -1
3882: 3884 3885 -1
3883: -1
3884: -1
3885: -1
3886: 3879 3883 3885 3884 -1
3887: 3879 3884 3885 -1
3888: 416 166 3 2443 138 -1
3889: 3884 3885 -1
3890: 4 2 167 3244 3883 166 2445 2866 1679 -1
3891: 3879 3884 3885 -1
3892: 3879 3884 3885 -1
3893: -1
3894: 3032 3571 1511 7 167 -1
3895: 3244 167 -1
3896: 108 168 -1
3897: 305 105 168 8 7 14 -1
3898: 168 -1
3899: 168 -1
3900: 2421 2067 8 169 2414 -1
3901: 169 -1
3902: 169 -1
3903: 169 -1
3904: 169 -1
3905: 169 8 2421 2414 2067 3900 -1
3906: 169 3960 -1
3907: 2130 2330 1674 1672 1676 3645 3630 2837 3244 2443 1671 305 3550 3345 169 416 3443 1825 1511 2021 -1
3908: 169 -1
3909: 169 -1
3910: 169 -1
3911: 169 -1
3912: 169 -1
3913: 169 -1
3914: 169 -1
3915: 169 155 -1
3916: 2443 169 -1
3917: 8 126 2067 2443 2410 467 2425 2465 6 22 98 93 29 2435 5 2432 2428 2431 2429 2430 2178 2433 2 169 9 4 2060 2063 2064 40 17 45 2453 2065 2062 2059 105 7 2061 95 3661 3664 2042 -1
3918: 169 155 2067 3742 -1
3919: 169 155 -1
3920: 3244 155 21 416 7 -1
3921: -1
3922: 170 -1
3923: 170 -1
3924: 170 -1
3925: 1361 170 -1
3926: 171 -1
3927: 171 -1
3928: 171 -1
3929: 171 -1
3930: 172 -1
3931: 2839 2130 1677 3645 4001 -1
3932: 172 -1
3933: 172 -1
3934: 172 556 -1
3935: 172 -1
3936: 8 173 3743 806 -1
3937: 173 -1
3938: -1
3939: 3954 -1
3940: 3954 -1
3941: 3954 -1
3942: 3954 -1
3943: 3954 -1
3944: 3954 -1
3945: 3954 -1
3946: -1
3947: 3703 -1
3948: -1
3949: -1
3950: 3703 -1
3951: 3703 -1
3952: -1
3953: -1
3954: -1
3955: 4 1890 174 -1
3956: -1
3957: 3949 3938 3951 3946 3956 174 3710 3952 3711 3950 -1
3958: 3949 3938 3951 3946 3956 174 3710 3952 3711 3950 -1
3959: 174 -1
3960: -1
3961: 3960 -1
3962: 3960 -1
3963: 3967 -1
3964: 108 3954 3967 -1
3965: -1
3966: 1511 2029 3345 3645 167 -1
3967: 3963 3964 3965 -1
3968: 1511 3345 2029 3645 167 -1
3969: 1511 2029 3345 3645 -1
3970: 3963 3964 3965 -1
3971: 7 322 305 2042 2933 -1
3972: 2449 3921 2443 -1
3973: 138 -1
3974: 305 2502 -1
3975: 3244 305 -1
3976: 178 -1
3977: 1677 1674 -1
3978: 1669 1670 -1
3979: 3549 -1
3980: 1769 1895 3954 2917 -1
3981: 2136 2917 178 -1
3982: 2449 105 -1
3983: -1
3984: 2449 305 3244 -1
3985: 8 83 105 5 2 7 2465 2067 2443 322 3 39 98 -1
3986: 305 -1
3987: 2136 2917 178 -1
3988: 138 -1
3989: 305 -1
3990: 1671 2837 305 105 167 416 2443 21 2449 322 3 -1
3991: 179 3345 -1
3992: 3997 179 -1
3993: 179 -1
3994: 179 -1
3995: 179 -1
3996: 1358 179 -1
3997: 179 -1
3998: 179 -1
3999: 4001 684 -1
4000: -1
4001: -1
4002: 180 -1
4003: 180 -1
4004: 180 -1
4005: 4000 -1
4006: 180 -1
4007: 1233 180 1983 -1
4008: 1358 3532 1983 108 180 1811 738 2141 -1
