0: 173 174 175 176 -1
1: 204 -1
2: -1
3: 277 278 279 -1
4: 297 302 310 313 -1
5: -1
6: 355 -1
7: -1
8: -1
9: 427 -1
10: -1
11: 474 433 475 476 477 478 479 480 481 482 483 484 486 487 488 489 490 491 492 493 494 495 496 497 498 499 500 501 502 503 504 505 506 507 508 509 510 511 512 513 514 515 516 517 518 458 141 519 520 521 0 522 523 524 525 526 -1
12: -1
13: 1 554 555 230 52 556 557 558 559 560 561 562 563 564 565 279 566 567 568 -1
14: 586 587 588 590 591 -1
15: 609 610 611 612 -1
16: 519 613 1 614 518 615 616 617 -1
17: 635 -1
18: -1
19: -1
20: 694 695 696 697 698 699 25 -1
21: -1
22: -1
23: 715 716 -1
24: 738 -1
25: 758 759 760 761 762 763 764 765 46 87 21 766 767 22 10 768 769 770 771 50 772 3 773 774 9 62 775 776 777 778 779 780 110 781 4 782 783 784 785 786 787 788 789 790 791 792 793 794 795 526 1 8 11 0 796 797 616 614 798 799 615 800 -1
26: -1
27: 820 -1
28: 834 1 0 2 835 7 6 35 836 837 838 738 -1
29: 843 844 845 -1
30: 857 695 696 858 699 -1
31: 863 864 865 -1
32: -1
33: 870 -1
34: 885 886 -1
35: 901 -1
36: 917 924 925 926 927 928 929 930 -1
37: 936 20 43 937 146 938 30 59 939 940 941 942 943 944 44 17 122 36 945 946 5 0 799 947 834 948 949 950 795 951 614 952 953 954 955 956 957 958 959 613 960 -1
38: 963 965 966 967 820 -1
39: -1
40: 738 1021 -1
41: 1064 1065 1066 820 -1
42: -1
43: 947 -1
44: 1098 -1
45: -1
46: 1123 1124 1130 1131 1132 -1
47: 1140 -1
48: -1
49: 1167 1017 -1
50: -1
51: 1176 -1
52: -1
53: 738 -1
54: -1
55: 1235 1236 1237 1238 1239 1240 1241 1242 1243 -1
56: 1246 1247 28 1248 29 21 45 -1
57: -1
58: -1
59: 1257 516 -1
60: 1264 1269 1273 -1
61: -1
62: -1
63: 1317 1318 -1
64: -1
65: 1323 -1
66: -1
67: -1
68: -1
69: -1
70: 1347 512 1348 1350 1351 -1
71: 1356 -1
72: -1
73: 1415 -1
74: -1
75: -1
76: 1438 -1
77: -1
78: -1
79: 1493 -1
80: -1
81: 1511 1512 1513 1514 1515 69 1516 1517 1518 1519 1520 1521 1522 1523 1524 1525 1526 1527 1528 1529 1530 1531 1532 1533 1534 1535 1536 1537 1538 1539 1540 614 613 1541 1542 1543 1544 1545 1546 1547 1548 1549 1550 1551 1552 1553 1554 1555 1556 1557 1168 1558 1559 1560 1561 1562 1563 1564 1565 0 1566 1567 1568 1569 1570 1571 1572 1573 1574 958 1 1575 106 834 1576 17 1577 1578 1579 1580 1581 1582 1510 1583 11 -1
82: 1590 1592 1593 -1
83: 0 230 1600 1601 4 42 14 -1
84: 1604 1605 -1
85: 1624 1625 614 1632 1633 1634 -1
86: -1
87: -1
88: 1651 1652 1296 1295 -1
89: 24 1678 1679 1680 1681 567 1682 -1
90: 1690 1691 59 20 1509 1692 1693 1694 -1
91: -1
92: 615 1700 -1
93: -1
94: 1 1738 -1
95: 1740 -1
96: -1
97: -1
98: 1795 1796 1797 -1
99: -1
100: 1825 1826 1827 1828 1829 1830 1836 -1
101: 1845 -1
102: -1
103: -1
104: -1
105: -1
106: -1
107: -1
108: 1922 1923 1924 1925 1926 -1
109: 738 -1
110: -1
111: -1
112: 1995 -1
113: 2017 738 2018 2019 2020 2021 2022 2023 -1
114: 2025 -1
115: -1
116: 2086 2088 2089 2090 2091 -1
117: 2099 2100 -1
118: 2134 2135 -1
119: -1
120: -1
121: 2161 1578 2162 2163 -1
122: -1
123: -1
124: 2172 2173 2174 2175 2176 2177 2178 2179 -1
125: 2214 2215 2088 -1
126: -1
127: 2262 2263 8 315 950 610 -1
128: -1
129: -1
130: 2270 0 2271 1 2272 2273 903 2274 2275 2276 2277 2278 -1
131: -1
132: 1632 1633 1634 -1
133: 1578 2162 2163 -1
134: 2290 2291 2292 -1
135: 2297 -1
136: -1
137: 2344 2345 2346 2347 2348 2349 2350 7 388 2351 2352 2353 2354 2356 2357 2358 2359 2380 2381 2382 -1
138: 2417 -1
139: -1
140: 2422 -1
141: -1
142: 613 952 148 20 1692 1693 1694 -1
143: 2452 2453 2454 2463 2464 2465 2466 2467 -1
144: -1
145: 2469 -1
146: -1
147: 2475 2476 738 -1
148: 2479 2480 -1
149: 1295 1296 -1
150: 2489 -1
151: 2507 -1
152: -1
153: 2518 -1
154: -1
155: -1
156: 561 1700 -1
157: 561 279 -1
158: 765 -1
159: -1
160: 518 -1
161: 614 512 -1
162: 4 518 -1
163: 512 864 -1
164: 1623 -1
165: 610 -1
166: 1545 1544 512 -1
167: -1
168: 2420 1702 7 20 864 28 12 52 132 1623 5 91 -1
169: -1
170: -1
171: -1
172: -1
173: -1
174: -1
175: -1
176: -1
177: 0 43 -1
178: 0 -1
179: 0 -1
180: 0 834 -1
181: 0 -1
182: 0 -1
183: 1 2 0 19 -1
184: 279 903 2273 1 0 -1
185: 0 834 279 519 38 71 2277 -1
186: 0 -1
187: 0 1 863 279 903 522 -1
188: 0 2277 473 -1
189: 611 0 -1
190: 0 1 612 -1
191: 0 -1
192: 518 2277 0 729 1698 19 2276 315 279 902 1 795 885 1680 -1
193: 0 -1
194: 793 290 -1
195: 0 799 1 795 616 526 614 7 17 -1
196: 31 0 279 -1
197: 0 -1
198: 0 947 834 948 524 795 611 1582 842 -1
199: 0 169 1700 -1
200: 1582 0 1624 1168 -1
201: 64 0 -1
202: 1352 522 2089 0 1093 700 458 -1
203: 0 -1
204: -1
205: 903 558 1 -1
206: 1698 1 -1
207: 886 1 -1
208: 204 -1
209: 204 -1
210: 1 1700 -1
211: 1 885 886 279 2273 405 611 1092 903 -1
212: 1 -1
213: 565 1 -1
214: 1 -1
215: 204 -1
216: 1 2089 -1
217: 1 519 -1
218: 279 -1
219: 1 2277 -1
220: 1 1700 -1
221: 1 -1
222: 204 -1
223: 204 -1
224: 1582 1578 1 834 614 315 1687 -1
225: 1 315 279 -1
226: 1 -1
227: 1 -1
228: 1 903 279 -1
229: 204 -1
230: 48 279 559 1624 518 13 0 470 615 2277 315 886 204 -1
231: 1 834 -1
232: 1 1246 1700 315 -1
233: 1 315 -1
234: 0 1 2273 -1
235: 1 885 886 -1
236: 2273 2 -1
237: 2 -1
238: 2 -1
239: 2 -1
240: 2 1886 -1
241: 2 961 -1
242: 2 -1
243: 2 -1
244: 2 -1
245: 700 2 903 961 -1
246: 2 -1
247: 2 -1
248: 2 1886 -1
249: 2 -1
250: 2 1700 279 -1
251: 2132 1886 2 -1
252: 2 -1
253: 1176 1092 2 558 -1
254: 2 2273 -1
255: 2 961 919 -1
256: 2 845 2273 -1
257: 2 -1
258: 2 -1
259: 886 903 2422 2 919 -1
260: 2 -1
261: 2 -1
262: 2 -1
263: 2 -1
264: 886 834 611 2 -1
265: 2 -1
266: 2 -1
267: 2 -1
268: 611 2 2273 903 961 -1
269: 2 -1
270: 2 1352 886 -1
271: 2 -1
272: 558 10 0 2 519 903 279 886 -1
273: 1268 903 795 1093 2 -1
274: 903 795 1093 2 2470 -1
275: 2 -1
276: 2 -1
277: -1
278: -1
279: -1
280: -1
281: 279 565 561 559 315 864 -1
282: 3 -1
283: 864 560 -1
284: 864 -1
285: 1513 864 560 -1
286: 3 -1
287: 864 -1
288: 3 5 0 -1
289: 864 12 795 1347 -1
290: 8 3 -1
291: 279 3 315 332 558 -1
292: 2261 283 864 560 -1
293: 1570 864 -1
294: 555 30 28 42 10 50 799 795 3 -1
295: 3 332 338 325 -1
296: 864 -1
297: 315 -1
298: 297 302 -1
299: 297 302 -1
300: 297 302 -1
301: 297 302 -1
302: 315 -1
303: 302 -1
304: -1
305: -1
306: -1
307: -1
308: 297 302 -1
309: -1
310: -1
311: -1
312: 302 -1
313: 315 -1
314: 1347 -1
315: 297 302 -1
316: 43 87 -1
317: 302 -1
318: 310 313 -1
319: 279 -1
320: 565 2275 -1
321: 1700 -1
322: 614 613 7 -1
323: 315 4 300 340 332 -1
324: 315 -1
325: -1
326: 297 302 -1
327: 919 8 834 4 -1
328: 1700 -1
329: 315 318 4 340 279 280 302 -1
330: 315 4 -1
331: 315 318 4 340 279 302 -1
332: 297 302 279 -1
333: 297 302 313 -1
334: 315 318 4 340 -1
335: 318 4 315 -1
336: 4 340 302 300 315 -1
337: 791 -1
338: 302 1624 611 565 -1
339: 302 279 903 -1
340: 297 302 -1
341: 41 760 0 616 -1
342: 2422 0 560 279 4 886 -1
343: 302 -1
344: 919 8 834 4 -1
345: 1624 738 795 561 5 -1
346: 886 885 279 615 738 561 5 -1
347: 1347 795 950 -1
348: 5 -1
349: 2089 -1
350: 522 5 834 -1
351: 18 609 610 5 -1
352: -1
353: 795 5 1347 -1
354: 5 1092 2089 919 -1
355: -1
356: 355 -1
357: 708 6 -1
358: 6 -1
359: 6 1981 -1
360: 6 156 -1
361: 6 615 -1
362: 6 -1
363: 6 -1
364: 6 -1
365: 6 2089 700 -1
366: 6 297 1093 -1
367: 6 26 -1
368: 7 738 -1
369: 1700 42 7 6 1 795 279 1093 561 405 -1
370: 6 -1
371: 405 6 1123 -1
372: 6 -1
373: 2263 6 26 -1
374: 1314 6 615 1092 -1
375: 6 -1
376: 795 315 6 -1
377: 6 615 -1
378: 6 834 -1
379: 521 0 1700 6 518 2276 315 10 2277 -1
380: 6 -1
381: 6 -1
382: 519 6 2261 524 -1
383: 6 -1
384: 6 -1
385: 611 1 1698 6 615 1238 315 1246 -1
386: 586 587 588 -1
387: 6 -1
388: -1
389: 355 -1
390: 6 -1
391: 6 -1
392: 6 -1
393: 6 -1
394: 6 -1
395: 947 6 -1
396: 6 -1
397: -1
398: 1318 -1
399: 7 -1
400: 315 7 -1
401: 7 -1
402: -1
403: 7 -1
404: 7 -1
405: -1
406: 8 -1
407: 8 1168 -1
408: 2277 615 1083 1314 315 1700 10 834 32 8 1417 -1
409: 1700 8 315 903 1417 -1
410: 919 8 315 -1
411: 1700 8 -1
412: 8 1 834 -1
413: 8 -1
414: 8 -1
415: 8 -1
416: 14 9 36 519 834 8 615 951 55 455 934 -1
417: 2263 2262 8 2264 -1
418: 458 405 834 32 8 795 -1
419: 8 315 -1
420: 518 8 1 -1
421: 8 -1
422: 522 0 8 -1
423: 8 -1
424: 1093 1700 315 8 -1
425: 1314 315 1700 2277 518 0 32 8 405 1417 -1
426: 1700 8 -1
427: -1
428: 9 -1
429: -1
430: 427 -1
431: 427 -1
432: 427 -1
433: -1
434: 1600 710 -1
435: 9 1637 -1
436: -1
437: 427 -1
438: 427 -1
439: 427 -1
440: 427 -1
441: 9 -1
442: 9 -1
443: 738 0 9 31 42 1347 1601 799 615 560 315 -1
444: 791 2277 11 436 456 429 1600 476 -1
445: 0 1 9 -1
446: 676 352 5 405 9 1 834 279 1700 -1
447: 427 -1
448: 427 -1
449: 427 -1
450: 759 9 5 799 795 -1
451: 1637 1092 1600 -1
452: 586 587 588 -1
453: 1600 -1
454: 919 2089 283 1600 0 558 526 561 1538 2273 903 522 -1
455: -1
456: -1
457: 87 489 433 674 46 9 -1
458: -1
459: 1168 965 1426 1981 2172 1254 569 1456 1017 2146 1008 1697 819 120 1249 1992 2266 1917 -1
460: 1254 1426 1008 1295 1697 1917 2146 1846 965 1992 1168 819 1249 1456 1981 2266 569 1017 -1
461: 10 -1
462: 279 567 10 0 676 558 -1
463: 738 0 31 10 1347 799 560 315 -1
464: 458 1700 10 -1
465: 919 -1
466: 10 -1
467: 50 110 62 7 10 33 -1
468: 2518 -1
469: 50 110 62 7 10 33 -1
470: 279 1 6 793 7 64 17 4 311 886 0 518 177 613 20 12 10 -1
471: 614 799 10 0 -1
472: 0 1514 10 -1
473: 28 168 10 768 -1
474: 427 -1
475: -1
476: -1
477: -1
478: -1
479: -1
480: -1
481: -1
482: -1
483: 2518 -1
484: -1
485: 1508 488 80 152 518 1706 866 -1
486: 2518 -1
487: -1
488: -1
489: -1
490: -1
491: -1
492: -1
493: -1
494: -1
495: -1
496: -1
497: -1
498: -1
499: -1
500: -1
501: -1
502: -1
503: -1
504: -1
505: -1
506: -1
507: -1
508: -1
509: -1
510: -1
511: -1
512: 513 -1
513: -1
514: -1
515: -1
516: -1
517: -1
518: -1
519: -1
520: 2089 -1
521: -1
522: -1
523: -1
524: -1
525: -1
526: -1
527: -1
528: 11 -1
529: 518 -1
530: 801 -1
531: 315 -1
532: 621 -1
533: 11 -1
534: 11 2277 458 -1
535: 458 11 -1
536: 11 -1
537: 458 11 -1
538: 11 -1
539: 522 559 676 1103 1417 845 -1
540: 2277 -1
541: 1168 522 801 -1
542: 522 621 -1
543: 1526 1527 1528 1529 1530 1531 1532 1533 1534 1341 1525 1522 1523 1537 1550 1557 69 1516 1517 1574 1579 11 0 1582 -1
544: 621 522 11 -1
545: 11 2273 299 1700 315 801 -1
546: 433 475 11 -1
547: 820 0 -1
548: 444 458 -1
549: 2089 -1
550: 947 -1
551: 834 12 2273 903 961 -1
552: 2089 919 -1
553: 2419 -1
554: -1
555: 173 174 175 176 -1
556: -1
557: -1
558: -1
559: -1
560: -1
561: 903 -1
562: -1
563: 1538 -1
564: -1
565: -1
566: -1
567: -1
568: 519 558 903 -1
569: -1
570: 13 565 -1
571: 13 -1
572: 2273 13 615 903 566 -1
573: 230 279 13 -1
574: 13 1314 615 -1
575: 13 0 518 2277 2261 -1
576: 1624 13 -1
577: 436 519 13 -1
578: 13 -1
579: 615 13 -1
580: 519 13 -1
581: 1624 559 563 13 -1
582: 13 0 734 795 2261 518 -1
583: 988 38 966 559 279 1 315 518 13 0 614 615 2277 886 -1
584: 13 -1
585: 1567 519 13 -1
586: 919 -1
587: -1
588: -1
589: -1
590: 14 933 -1
591: 916 918 919 920 14 -1
592: 154 155 156 157 158 159 160 161 162 163 164 165 166 167 168 169 170 171 172 31 173 174 175 176 -1
593: 559 903 279 -1
594: 204 -1
595: 355 -1
596: 622 623 624 625 626 627 628 629 630 631 632 633 634 636 637 638 639 640 641 642 643 644 645 646 647 648 649 650 651 652 653 -1
597: 1317 1318 -1
598: 297 298 299 300 301 302 303 304 305 306 307 308 309 310 311 312 313 314 315 -1
599: 586 587 588 -1
600: 586 587 588 -1
601: 14 -1
602: 1347 14 1981 -1
603: 14 -1
604: 452 1637 14 518 -1
605: 315 565 14 708 795 558 -1
606: 586 587 588 -1
607: 1624 507 924 919 14 -1
608: 611 -1
609: -1
610: -1
611: -1
612: -1
613: -1
614: -1
615: -1
616: -1
617: -1
618: 527 617 1123 -1
619: 144 -1
620: 617 -1
621: -1
622: -1
623: -1
624: -1
625: -1
626: -1
627: -1
628: 7 -1
629: -1
630: -1
631: -1
632: -1
633: -1
634: -1
635: -1
636: -1
637: -1
638: -1
639: -1
640: -1
641: -1
642: -1
643: 635 -1
644: -1
645: -1
646: -1
647: -1
648: -1
649: -1
650: -1
651: -1
652: -1
653: -1
654: 1 17 -1
655: 17 279 903 1 -1
656: 19 1698 92 0 614 1538 1509 139 17 613 25 1624 5 -1
657: 1687 2273 903 1417 1698 315 17 526 614 519 5 961 1589 2089 919 -1
658: 18 -1
659: 279 -1
660: 18 -1
661: 18 -1
662: 18 -1
663: 18 -1
664: 18 -1
665: 18 -1
666: 18 -1
667: 18 -1
668: 18 -1
669: 18 -1
670: 18 -1
671: 18 -1
672: 18 -1
673: 18 611 -1
674: -1
675: -1
676: -1
677: 279 -1
678: 795 801 19 -1
679: 1698 -1
680: 1509 19 107 -1
681: 19 1268 2089 -1
682: 19 -1
683: 19 518 -1
684: 279 138 0 20 25 230 1347 19 561 -1
685: 2277 19 315 -1
686: 19 -1
687: 518 19 -1
688: 2277 19 315 -1
689: 686 679 19 -1
690: 615 1705 19 0 1644 951 554 -1
691: 676 19 679 -1
692: 19 1 -1
693: 19 518 1509 0 1584 613 -1
694: -1
695: -1
696: -1
697: -1
698: -1
699: 696 -1
700: -1
701: 695 696 697 699 -1
702: 37 945 20 30 -1
703: 695 696 697 698 699 -1
704: 69 613 59 20 1692 1693 1694 -1
705: 613 952 20 1692 1693 1694 -1
706: 20 -1
707: 20 -1
708: 696 699 -1
709: 20 1558 -1
710: 22 -1
711: 1 609 -1
712: -1
713: -1
714: -1
715: 712 713 714 -1
716: 712 713 714 -1
717: 518 -1
718: 23 2271 1314 -1
719: 2277 2089 -1
720: 23 1314 -1
721: 1577 518 2277 -1
722: 1039 41 -1
723: 834 2277 919 -1
724: 2277 518 1123 -1
725: 834 524 611 2277 -1
726: 1886 -1
727: 2277 738 -1
728: 2277 -1
729: -1
730: 2277 -1
731: 2277 -1
732: 1246 2277 518 -1
733: 2277 -1
734: 2277 518 -1
735: 2277 -1
736: 2277 -1
737: 2277 -1
738: -1
739: 1264 1269 738 -1
740: 1273 -1
741: 1290 1282 1285 24 1268 -1
742: 1290 1282 1285 24 1268 -1
743: 24 -1
744: 1290 24 1285 1284 -1
745: 24 -1
746: 24 1347 512 63 -1
747: 24 1268 1700 315 279 -1
748: 1282 24 1284 1274 -1
749: 24 -1
750: 24 1282 1290 1285 1268 -1
751: 1268 1269 1263 24 -1
752: 24 -1
753: 24 -1
754: 24 1268 -1
755: 24 -1
756: 24 -1
757: 24 1268 -1
758: -1
759: -1
760: -1
761: -1
762: -1
763: 526 -1
764: 526 -1
765: -1
766: 2214 2215 2088 -1
767: -1
768: 611 -1
769: -1
770: -1
771: -1
772: -1
773: -1
774: -1
775: -1
776: -1
777: -1
778: -1
779: -1
780: -1
781: -1
782: -1
783: -1
784: -1
785: -1
786: -1
787: -1
788: -1
789: -1
790: -1
791: 513 -1
792: 919 920 -1
793: -1
794: 799 -1
795: -1
796: 1632 1633 1634 -1
797: 1098 -1
798: -1
799: -1
800: -1
801: 1578 -1
802: 613 0 25 912 -1
803: 315 279 558 25 1538 -1
804: 26 405 -1
805: 919 26 -1
806: 795 26 6 -1
807: 26 -1
808: 886 26 -1
809: 26 -1
810: 26 -1
811: 26 -1
812: 26 -1
813: 2261 26 -1
814: 26 -1
815: 6 26 -1
816: 26 -1
817: 1981 26 -1
818: 6 26 -1
819: -1
820: -1
821: 1591 -1
822: 279 2089 -1
823: 27 -1
824: 0 2277 -1
825: 27 -1
826: 819 -1
827: 819 27 -1
828: 0 2277 518 1591 -1
829: 136 2085 2330 -1
830: 1700 801 -1
831: 27 819 -1
832: 819 -1
833: 1 903 279 218 558 -1
834: -1
835: 947 -1
836: -1
837: 918 919 920 916 -1
838: 589 -1
839: 837 838 738 -1
840: 837 838 738 -1
841: 28 45 29 1246 21 1247 1248 56 -1
842: 843 -1
843: -1
844: -1
845: -1
846: 843 -1
847: 843 -1
848: 843 -1
849: 843 845 2419 -1
850: 29 -1
851: 29 1123 1568 -1
852: 843 -1
853: 843 -1
854: 843 -1
855: 843 -1
856: 29 -1
857: -1
858: -1
859: 695 696 699 -1
860: 30 613 -1
861: 30 516 59 -1
862: 30 -1
863: -1
864: 277 278 279 -1
865: -1
866: -1
867: 615 31 -1
868: 567 32 -1
869: 32 2277 -1
870: -1
871: 96 33 -1
872: 96 33 -1
873: 522 96 33 -1
874: 96 33 -1
875: 96 33 -1
876: 870 -1
877: 33 -1
878: 33 -1
879: 870 -1
880: 33 -1
881: 33 -1
882: 33 -1
883: 33 -1
884: 33 882 -1
885: -1
886: -1
887: 34 2100 -1
888: 1922 795 34 1246 801 -1
889: 34 -1
890: 34 -1
891: 34 -1
892: 34 -1
893: 897 -1
894: 2273 34 886 -1
895: 34 886 -1
896: 34 801 2215 -1
897: -1
898: 34 -1
899: 34 -1
900: 885 2215 34 886 -1
901: 903 902 914 904 -1
902: -1
903: 2273 -1
904: -1
905: 901 -1
906: 279 35 561 555 -1
907: 279 35 1 886 218 2275 -1
908: 35 2422 -1
909: 919 35 -1
910: 35 -1
911: 279 35 519 565 -1
912: 0 518 615 2277 1 -1
913: 1 885 886 35 2273 903 279 -1
914: -1
915: 35 -1
916: 917 -1
917: 919 -1
918: 917 -1
919: -1
920: -1
921: -1
922: -1
923: -1
924: 916 917 918 919 920 921 922 923 931 932 933 -1
925: 916 917 918 919 920 921 922 923 931 932 933 -1
926: 916 917 918 919 920 921 922 923 931 932 933 -1
927: 916 917 918 919 920 921 922 923 128 73 69 931 932 933 -1
928: 918 919 920 921 922 923 916 931 -1
929: 916 917 918 919 920 921 922 923 931 932 933 -1
930: 916 917 918 919 920 921 922 923 90 2003 931 932 933 -1
931: -1
932: -1
933: -1
934: 1095 416 36 429 615 0 -1
935: 1246 0 25 951 834 616 526 7 4 36 519 558 279 315 -1
936: -1
937: -1
938: -1
939: -1
940: -1
941: -1
942: -1
943: -1
944: -1
945: -1
946: -1
947: -1
948: -1
949: -1
950: -1
951: 2161 1581 69 -1
952: -1
953: 2287 -1
954: 141 526 799 798 795 -1
955: -1
956: -1
957: -1
958: -1
959: -1
960: -1
961: -1
962: 965 -1
963: -1
964: 965 -1
965: -1
966: 1682 -1
967: 988 38 966 -1
968: 965 -1
969: 965 38 -1
970: 38 964 -1
971: 962 38 965 -1
972: 965 2518 -1
973: 38 965 -1
974: 38 986 965 -1
975: 965 997 38 -1
976: 38 999 965 -1
977: 965 518 1558 -1
978: 965 820 -1
979: 615 -1
980: -1
981: 965 38 738 -1
982: 738 -1
983: 738 -1
984: 558 820 38 -1
985: 988 38 966 -1
986: 965 38 -1
987: 965 2518 -1
988: 966 38 -1
989: 965 -1
990: 919 965 1891 903 886 -1
991: 965 -1
992: 965 38 -1
993: 988 38 966 -1
994: 988 38 966 -1
995: 988 38 966 -1
996: 965 997 38 -1
997: 2089 978 999 38 962 980 986 -1
998: 965 986 -1
999: 738 -1
1000: 986 965 -1
1001: 965 -1
1002: 965 -1
1003: 988 38 966 -1
1004: 965 38 738 -1
1005: 966 38 -1
1006: 38 -1
1007: 965 -1
1008: -1
1009: 1123 -1
1010: 1008 2089 -1
1011: 279 -1
1012: 279 -1
1013: 1008 -1
1014: 1 -1
1015: 2 676 1700 -1
1016: 39 -1
1017: -1
1018: 2 -1
1019: 1167 -1
1020: 820 -1
1021: 1017 40 -1
1022: 558 1167 820 -1
1023: 1017 40 -1
1024: 2025 40 -1
1025: 1017 2025 40 -1
1026: 1017 2025 40 -1
1027: 1017 40 2025 -1
1028: 1017 2025 40 -1
1029: 2025 40 -1
1030: 2025 40 -1
1031: 2025 40 -1
1032: 1017 2025 40 -1
1033: 1017 2025 40 -1
1034: 1017 2025 40 -1
1035: 1017 2025 40 -1
1036: 1017 2025 40 -1
1037: 1017 2025 40 -1
1038: 2025 40 -1
1039: 1167 -1
1040: 2025 40 -1
1041: 1017 2025 40 -1
1042: 1017 2025 40 -1
1043: 1017 40 2025 -1
1044: 1017 2025 40 -1
1045: 1017 2025 40 -1
1046: 2025 40 -1
1047: 1017 2025 40 -1
1048: 1017 40 -1
1049: 2025 40 -1
1050: 2025 40 -1
1051: 1017 2025 40 -1
1052: 1017 2025 40 -1
1053: 2025 40 -1
1054: 1017 2025 40 -1
1055: 1017 2025 40 -1
1056: 2025 40 -1
1057: 1017 2025 40 -1
1058: 1017 2025 40 -1
1059: 2025 40 -1
1060: 2025 40 -1
1061: 2025 40 -1
1062: 1017 2025 40 -1
1063: 1017 40 2025 -1
1064: -1
1065: -1
1066: -1
1067: 820 -1
1068: 820 -1
1069: 820 -1
1070: 820 -1
1071: 820 -1
1072: 586 587 588 -1
1073: 820 2518 -1
1074: 820 279 -1
1075: 0 834 41 -1
1076: 41 -1
1077: 41 -1
1078: 820 -1
1079: 820 -1
1080: 2518 -1
1081: 820 -1
1082: 41 -1
1083: -1
1084: 42 -1
1085: 405 458 42 -1
1086: 0 518 42 -1
1087: 0 42 2277 -1
1088: 834 948 2264 -1
1089: 834 948 2264 -1
1090: 59 43 -1
1091: 43 -1
1092: -1
1093: -1
1094: -1
1095: 1098 -1
1096: -1
1097: 1098 -1
1098: 1092 1093 1094 1095 1096 1097 1099 1100 -1
1099: -1
1100: -1
1101: 0 -1
1102: 760 -1
1103: -1
1104: 1123 1124 -1
1105: 1123 1124 -1
1106: 1123 1124 -1
1107: 1123 1124 -1
1108: 1123 1124 -1
1109: 1123 1124 -1
1110: 1123 1124 -1
1111: 1123 1124 -1
1112: 1123 1124 -1
1113: 1123 1124 -1
1114: 1123 1124 -1
1115: 1123 1124 -1
1116: 1123 1124 -1
1117: 1123 1124 -1
1118: 1123 1124 -1
1119: 1123 1124 -1
1120: 1123 1124 -1
1121: 1123 1124 -1
1122: 1123 1124 -1
1123: -1
1124: -1
1125: 1124 1123 -1
1126: 1123 1124 -1
1127: 1123 1124 -1
1128: 1123 1124 -1
1129: 1123 1124 -1
1130: -1
1131: -1
1132: -1
1133: 1123 1124 -1
1134: 1123 1124 -1
1135: 46 -1
1136: 59 767 46 0 92 1509 -1
1137: 1140 -1
1138: 2100 1140 -1
1139: 2100 1318 -1
1140: -1
1141: 1140 -1
1142: 1140 -1
1143: 1140 -1
1144: 1140 -1
1145: 1140 -1
1146: 1140 -1
1147: 1140 -1
1148: 1140 -1
1149: 1140 -1
1150: 1140 -1
1151: 1140 -1
1152: 1140 -1
1153: 1140 -1
1154: 1140 -1
1155: 1140 -1
1156: 1140 -1
1157: 1140 -1
1158: 1140 -1
1159: 1140 -1
1160: 1140 -1
1161: 1140 -1
1162: 1140 -1
1163: 1140 -1
1164: 1140 -1
1165: 1140 -1
1166: 1098 2279 888 -1
1167: 1017 -1
1168: 2488 -1
1169: 2488 1625 -1
1170: 1625 2488 -1
1171: 2518 -1
1172: 1176 -1
1173: 1176 -1
1174: 1176 -1
1175: 1176 -1
1176: -1
1177: 1176 -1
1178: 1176 -1
1179: 1176 -1
1180: 1176 -1
1181: 1176 -1
1182: 1176 -1
1183: 1176 -1
1184: 2085 1176 -1
1185: 1176 -1
1186: 1176 2518 -1
1187: 1176 -1
1188: 1176 -1
1189: 1176 -1
1190: 1176 -1
1191: 1176 -1
1192: 2085 1176 -1
1193: 1176 -1
1194: 1176 -1
1195: 1176 -1
1196: 1176 -1
1197: 1176 -1
1198: 1176 -1
1199: 1176 -1
1200: 1176 -1
1201: 1176 -1
1202: 1176 -1
1203: 1176 -1
1204: 1176 -1
1205: 1176 -1
1206: 1176 -1
1207: 1176 -1
1208: -1
1209: 1208 53 -1
1210: -1
1211: 1210 2283 54 -1
1212: 1210 54 -1
1213: 1210 54 -1
1214: 1210 54 -1
1215: 1210 54 -1
1216: 1210 54 -1
1217: 2518 1210 54 -1
1218: 886 -1
1219: 559 1578 1210 54 -1
1220: 1210 54 -1
1221: 1210 54 -1
1222: 1092 1210 54 -1
1223: 1210 54 -1
1224: 1210 54 -1
1225: 1210 54 -1
1226: 1352 1210 54 -1
1227: 886 -1
1228: 1210 54 -1
1229: 2089 -1
1230: 1210 54 -1
1231: 1210 54 -1
1232: 1231 -1
1233: 1210 54 -1
1234: 1210 54 -1
1235: -1
1236: -1
1237: -1
1238: -1
1239: -1
1240: -1
1241: -1
1242: -1
1243: -1
1244: 55 -1
1245: 903 2273 521 279 0 157 1 1244 55 4 -1
1246: -1
1247: -1
1248: -1
1249: -1
1250: 315 -1
1251: 1700 -1
1252: 1249 57 -1
1253: 57 1249 -1
1254: 2089 919 -1
1255: 2275 279 565 58 561 559 315 -1
1256: 558 -1
1257: -1
1258: 518 -1
1259: 1637 59 -1
1260: 59 1698 767 -1
1261: 1699 59 -1
1262: 59 -1
1263: -1
1264: 1263 1268 -1
1265: 1981 2470 1269 -1
1266: 1269 -1
1267: 1269 -1
1268: -1
1269: 1267 -1
1270: 1273 -1
1271: 1981 -1
1272: 738 -1
1273: 1981 -1
1274: -1
1275: 1264 1269 -1
1276: 2470 60 -1
1277: -1
1278: 1269 -1
1279: 60 1981 1268 2089 919 -1
1280: 1981 1269 60 2470 1274 -1
1281: 1264 1269 748 750 2076 -1
1282: -1
1283: 60 -1
1284: -1
1285: -1
1286: 145 -1
1287: 1264 1269 741 -1
1288: 60 1274 -1
1289: 60 -1
1290: 1264 1269 738 -1
1291: 1264 1269 -1
1292: 60 -1
1293: 60 -1
1294: 1269 60 -1
1295: -1
1296: -1
1297: 61 2508 2509 -1
1298: 61 2508 2509 -1
1299: 61 2508 2509 -1
1300: 2215 2214 -1
1301: 61 2508 2509 -1
1302: 61 2508 2509 -1
1303: 61 2508 -1
1304: 61 2508 2509 -1
1305: 61 2508 2509 -1
1306: 61 2508 2509 -1
1307: 61 2508 2509 -1
1308: 820 -1
1309: 820 -1
1310: 61 2508 2509 -1
1311: 61 2508 2509 -1
1312: 61 2508 2509 -1
1313: 61 2508 2509 -1
1314: -1
1315: 1 62 -1
1316: 62 -1
1317: -1
1318: -1
1319: 1317 -1
1320: 1509 0 64 -1
1321: 64 0 -1
1322: -1
1323: -1
1324: 65 -1
1325: -1
1326: 66 -1
1327: 66 -1
1328: 1325 66 -1
1329: 820 -1
1330: 2417 -1
1331: 2417 -1
1332: 68 525 -1
1333: 68 -1
1334: 68 -1
1335: 738 -1
1336: 69 -1
1337: 69 1624 1516 -1
1338: 69 1123 1341 -1
1339: 69 -1
1340: 69 -1
1341: -1
1342: 69 -1
1343: 69 -1
1344: 1510 69 1515 -1
1345: 69 785 -1
1346: 1416 405 2339 1338 69 1548 -1
1347: -1
1348: -1
1349: 1350 -1
1350: -1
1351: -1
1352: -1
1353: 1352 -1
1354: 70 -1
1355: 1811 70 -1
1356: 71 -1
1357: 71 -1
1358: 71 -1
1359: 71 -1
1360: 71 -1
1361: 71 -1
1362: 71 -1
1363: 71 -1
1364: 71 -1
1365: 71 -1
1366: 71 -1
1367: 71 -1
1368: 71 -1
1369: 71 -1
1370: 71 -1
1371: 71 -1
1372: 71 -1
1373: 1356 1393 -1
1374: 71 -1
1375: 71 -1
1376: 71 -1
1377: 71 -1
1378: 558 71 -1
1379: 71 -1
1380: 71 -1
1381: 71 -1
1382: 71 -1
1383: 71 -1
1384: 279 -1
1385: 71 -1
1386: 71 -1
1387: 71 -1
1388: 71 -1
1389: 71 -1
1390: 71 -1
1391: 71 -1
1392: 71 -1
1393: 71 -1
1394: 71 -1
1395: 71 -1
1396: 71 -1
1397: 71 -1
1398: 71 -1
1399: 71 -1
1400: 71 -1
1401: 71 -1
1402: 71 -1
1403: 72 175 -1
1404: -1
1405: -1
1406: -1
1407: 72 -1
1408: 72 -1
1409: 72 -1
1410: 1413 1405 1406 72 1404 1414 -1
1411: 1413 72 1404 1414 -1
1412: 1405 72 1404 1413 -1
1413: -1
1414: -1
1415: -1
1416: 1341 2339 -1
1417: -1
1418: -1
1419: 738 -1
1420: 738 -1
1421: 903 218 -1
1422: 74 -1
1423: 74 -1
1424: 74 -1
1425: 34 74 -1
1426: -1
1427: -1
1428: 1426 75 -1
1429: 75 1426 -1
1430: 75 -1
1431: 75 -1
1432: 1426 75 2085 -1
1433: 75 -1
1434: 75 -1
1435: 75 -1
1436: 1438 -1
1437: 1438 -1
1438: 1436 -1
1439: 1438 -1
1440: 1438 -1
1441: 1438 -1
1442: 1438 -1
1443: 76 -1
1444: 1438 -1
1445: 1438 -1
1446: 1438 -1
1447: 76 -1
1448: 2518 -1
1449: 1438 -1
1450: 76 -1
1451: 1438 -1
1452: 1438 -1
1453: 1438 -1
1454: 820 1438 -1
1455: 77 -1
1456: 1469 -1
1457: -1
1458: -1
1459: 1469 -1
1460: 1634 1616 -1
1461: 2100 -1
1462: 1456 1457 1458 -1
1463: 1456 1457 1458 -1
1464: 1456 1457 1458 78 -1
1465: 1456 1457 1458 78 -1
1466: 1456 1457 1458 78 -1
1467: 1456 78 -1
1468: 1456 1457 1458 -1
1469: 1456 1457 1458 -1
1470: 1456 1457 1458 -1
1471: 1456 1457 1458 78 -1
1472: 1456 1457 1458 -1
1473: 1456 1457 1458 -1
1474: 1456 1457 1458 -1
1475: 1456 1457 1458 78 -1
1476: 1456 1457 1458 78 -1
1477: 1456 1457 1458 78 -1
1478: 1456 1457 1458 78 -1
1479: 1493 -1
1480: 1493 -1
1481: 1493 -1
1482: 1493 -1
1483: 1493 -1
1484: 1493 -1
1485: 1493 -1
1486: 1493 -1
1487: 1493 -1
1488: 1493 -1
1489: 1493 -1
1490: 1493 -1
1491: 1493 -1
1492: 1493 -1
1493: -1
1494: 1493 -1
1495: 1493 -1
1496: 1493 -1
1497: 1493 -1
1498: 1493 -1
1499: 1493 -1
1500: 1493 -1
1501: 1493 -1
1502: 1493 -1
1503: 1493 -1
1504: 79 -1
1505: 1493 -1
1506: 1493 -1
1507: 79 -1
1508: -1
1509: -1
1510: 1508 488 80 152 518 1706 866 -1
1511: -1
1512: 1515 -1
1513: -1
1514: -1
1515: -1
1516: 2488 -1
1517: -1
1518: -1
1519: -1
1520: -1
1521: -1
1522: -1
1523: -1
1524: -1
1525: -1
1526: -1
1527: -1
1528: -1
1529: -1
1530: -1
1531: -1
1532: -1
1533: -1
1534: -1
1535: 2518 -1
1536: 2100 -1
1537: -1
1538: -1
1539: -1
1540: -1
1541: -1
1542: -1
1543: -1
1544: -1
1545: 1625 -1
1546: -1
1547: -1
1548: -1
1549: -1
1550: -1
1551: 1168 -1
1552: -1
1553: -1
1554: -1
1555: -1
1556: -1
1557: -1
1558: -1
1559: -1
1560: -1
1561: -1
1562: -1
1563: -1
1564: -1
1565: 2518 -1
1566: -1
1567: -1
1568: -1
1569: -1
1570: -1
1571: -1
1572: -1
1573: -1
1574: -1
1575: -1
1576: -1
1577: -1
1578: -1
1579: -1
1580: -1
1581: -1
1582: -1
1583: -1
1584: 1564 -1
1585: 1564 -1
1586: 1564 -1
1587: 81 -1
1588: 81 -1
1589: 1168 -1
1590: -1
1591: -1
1592: -1
1593: -1
1594: 1590 1592 1593 -1
1595: 1590 1592 1593 -1
1596: 738 2085 -1
1597: 82 -1
1598: 2089 82 1592 1593 1591 -1
1599: 2089 82 1592 1593 1591 -1
1600: 427 -1
1601: -1
1602: 83 -1
1603: 1605 -1
1604: -1
1605: -1
1606: 1605 -1
1607: 1605 -1
1608: 1605 -1
1609: 1605 -1
1610: 1605 -1
1611: 903 1605 -1
1612: 84 -1
1613: 1605 -1
1614: 1605 -1
1615: 84 -1
1616: -1
1617: 2100 1632 1633 1634 -1
1618: 1624 1632 1633 1634 -1
1619: 1624 1632 1633 1634 -1
1620: 1624 1632 1633 1634 -1
1621: 1624 1632 1633 1634 -1
1622: 1632 -1
1623: -1
1624: -1
1625: 1168 -1
1626: 1632 1633 1634 -1
1627: 1632 1633 1634 -1
1628: 1632 1633 1634 -1
1629: 1632 1633 1634 -1
1630: 1632 1633 1634 -1
1631: 1632 1633 1634 -1
1632: -1
1633: -1
1634: -1
1635: 1624 1625 614 1632 1633 1634 -1
1636: 1632 1633 1634 -1
1637: -1
1638: 2100 1632 1633 1634 -1
1639: 85 -1
1640: 85 -1
1641: 519 -1
1642: 2518 -1
1643: 4 2148 86 39 58 1427 -1
1644: -1
1645: 1296 -1
1646: 2 218 1296 -1
1647: 1296 -1
1648: 1296 -1
1649: 519 565 279 1296 -1
1650: 1296 -1
1651: 1296 1295 -1
1652: -1
1653: 1295 1456 1296 -1
1654: 1296 -1
1655: 1296 -1
1656: 1295 -1
1657: 2486 2506 -1
1658: 1295 -1
1659: 1296 -1
1660: 1296 -1
1661: 1296 -1
1662: 1296 -1
1663: 1296 -1
1664: 1296 -1
1665: 2486 2506 -1
1666: 1296 -1
1667: 2089 1295 1456 1296 -1
1668: 1296 -1
1669: 1 615 315 1296 -1
1670: 1296 -1
1671: 1296 -1
1672: 1296 1295 -1
1673: 88 -1
1674: 2100 -1
1675: 1296 820 -1
1676: 1296 -1
1677: -1
1678: -1
1679: -1
1680: -1
1681: -1
1682: 901 -1
1683: 89 -1
1684: 1268 739 -1
1685: 1285 739 1277 -1
1686: 0 -1
1687: 1692 1693 1694 -1
1688: 1692 1693 1694 -1
1689: 1692 1693 1694 -1
1690: 2100 1168 1509 1322 67 -1
1691: 958 -1
1692: 1687 1689 1693 -1
1693: 1687 -1
1694: 1687 -1
1695: 90 -1
1696: 2100 90 -1
1697: -1
1698: -1
1699: -1
1700: -1
1701: 615 1700 -1
1702: -1
1703: 1168 -1
1704: 92 -1
1705: -1
1706: -1
1707: 675 555 92 -1
1708: -1
1709: -1
1710: 93 -1
1711: 93 -1
1712: 93 -1
1713: 93 -1
1714: 93 -1
1715: 93 -1
1716: 93 -1
1717: 93 -1
1718: 93 -1
1719: 93 -1
1720: 93 -1
1721: 1709 -1
1722: 93 -1
1723: 93 -1
1724: 93 -1
1725: 93 -1
1726: 93 -1
1727: 93 -1
1728: 93 -1
1729: 93 -1
1730: 93 -1
1731: 738 -1
1732: 93 -1
1733: 93 -1
1734: 93 -1
1735: 93 -1
1736: 738 93 -1
1737: 738 -1
1738: -1
1739: 1740 -1
1740: -1
1741: 1740 -1
1742: 1740 -1
1743: 1740 -1
1744: 1740 -1
1745: 1740 -1
1746: 1740 -1
1747: 1740 -1
1748: 1740 -1
1749: 1740 -1
1750: 1740 -1
1751: 1740 -1
1752: 1740 -1
1753: 1740 -1
1754: 1740 -1
1755: 1740 -1
1756: 1740 -1
1757: 1740 -1
1758: 1740 -1
1759: 1740 -1
1760: 1740 -1
1761: 1740 -1
1762: 1740 -1
1763: 1740 -1
1764: 1740 -1
1765: 1740 -1
1766: 1740 -1
1767: 1740 -1
1768: 1740 -1
1769: 1740 -1
1770: 1740 -1
1771: 1740 -1
1772: 1740 -1
1773: 1740 -1
1774: 1740 -1
1775: 1740 -1
1776: 1740 -1
1777: 1740 2089 -1
1778: 1740 -1
1779: 1740 -1
1780: 1740 -1
1781: 96 -1
1782: 2085 -1
1783: 2085 -1
1784: 97 -1
1785: 97 -1
1786: 97 1782 -1
1787: 97 -1
1788: 738 -1
1789: 2085 -1
1790: 2085 -1
1791: 2085 -1
1792: 97 1790 1782 -1
1793: 2518 97 -1
1794: 97 2085 -1
1795: -1
1796: 738 -1
1797: -1
1798: 98 -1
1799: 98 -1
1800: 98 -1
1801: 98 -1
1802: 98 -1
1803: 1268 1269 98 738 -1
1804: 98 -1
1805: 98 -1
1806: 98 -1
1807: 98 738 -1
1808: 98 -1
1809: 98 -1
1810: 98 -1
1811: 98 -1
1812: 98 -1
1813: 98 -1
1814: 98 -1
1815: 1268 1267 1263 98 -1
1816: 98 -1
1817: 98 -1
1818: 98 -1
1819: 1290 1284 1282 -1
1820: 98 1796 -1
1821: 111 115 2075 1677 98 0 145 -1
1822: 1823 99 -1
1823: -1
1824: 99 -1
1825: 1835 1831 1832 1840 -1
1826: 1835 -1
1827: 1835 -1
1828: 1831 1832 1835 -1
1829: 1835 -1
1830: 1840 1835 -1
1831: 1825 1836 -1
1832: 1825 1836 -1
1833: 1836 -1
1834: 1836 -1
1835: 1825 1836 -1
1836: -1
1837: 1825 1826 1827 1828 1829 1830 1836 -1
1838: 1825 1826 1827 1828 1829 1830 738 1836 -1
1839: 1825 1836 -1
1840: 1836 -1
1841: 1825 1826 1827 1828 1829 1830 1836 -1
1842: 1836 -1
1843: 1825 1826 1827 1828 1829 1830 1836 -1
1844: 820 100 -1
1845: 1846 1847 101 -1
1846: -1
1847: -1
1848: 1845 -1
1849: 1845 -1
1850: -1
1851: -1
1852: -1
1853: 1845 -1
1854: 1845 -1
1855: 1845 -1
1856: 1846 101 -1
1857: 1846 1848 1851 1852 -1
1858: 1846 101 1851 -1
1859: 1846 101 -1
1860: 1846 1850 101 1851 1852 -1
1861: 1846 101 1849 1851 1852 -1
1862: 1846 101 -1
1863: 1846 101 1851 -1
1864: 1846 101 1851 -1
1865: 1846 101 1851 1852 -1
1866: 1846 101 -1
1867: 1846 -1
1868: 1846 101 -1
1869: 101 1846 -1
1870: 1846 101 -1
1871: 1846 101 -1
1872: 1845 -1
1873: 1845 -1
1874: 1845 -1
1875: 1846 1847 101 -1
1876: 1846 1847 518 1616 101 -1
1877: 700 2085 1846 101 -1
1878: 1846 101 -1
1879: 1846 1851 1852 101 -1
1880: 1846 101 1851 1852 -1
1881: 101 -1
1882: 1846 101 1851 -1
1883: 101 -1
1884: 1846 1847 101 -1
1885: 102 -1
1886: 102 -1
1887: 102 -1
1888: 916 -1
1889: 2339 -1
1890: -1
1891: -1
1892: 738 -1
1893: 1700 -1
1894: 2275 -1
1895: 886 -1
1896: 1700 315 -1
1897: 2 -1
1898: 738 -1
1899: 1891 103 1890 -1
1900: 104 -1
1901: 104 -1
1902: 104 -1
1903: 104 -1
1904: 104 -1
1905: 104 -1
1906: 2518 -1
1907: 104 -1
1908: 2518 -1
1909: 104 -1
1910: 104 -1
1911: 104 -1
1912: 104 -1
1913: 104 -1
1914: 104 -1
1915: 104 -1
1916: 2089 919 -1
1917: -1
1918: 105 -1
1919: 7 105 -1
1920: 738 -1
1921: 1008 1168 148 106 -1
1922: -1
1923: -1
1924: -1
1925: -1
1926: -1
1927: 108 -1
1928: 108 16 -1
1929: 738 -1
1930: 820 -1
1931: 738 -1
1932: 738 -1
1933: 738 -1
1934: 738 -1
1935: 738 -1
1936: 738 -1
1937: 109 -1
1938: 109 -1
1939: 109 -1
1940: 109 -1
1941: 109 -1
1942: 109 -1
1943: 109 -1
1944: 109 -1
1945: 109 -1
1946: 109 -1
1947: 738 -1
1948: 738 -1
1949: 738 -1
1950: 738 -1
1951: 738 -1
1952: 738 -1
1953: 738 -1
1954: 738 -1
1955: 738 -1
1956: 738 -1
1957: 738 -1
1958: 738 -1
1959: 738 -1
1960: 109 -1
1961: 109 -1
1962: 109 -1
1963: 738 -1
1964: 738 -1
1965: 738 -1
1966: 738 -1
1967: 738 -1
1968: 738 -1
1969: 109 -1
1970: 109 -1
1971: 109 -1
1972: 738 -1
1973: 738 -1
1974: 738 -1
1975: 738 -1
1976: 738 -1
1977: 738 -1
1978: 738 -1
1979: 109 -1
1980: 109 -1
1981: -1
1982: 558 1269 -1
1983: 1680 -1
1984: 558 1269 -1
1985: 1981 111 -1
1986: 1981 2518 111 -1
1987: 111 -1
1988: 1 111 -1
1989: 1290 1679 -1
1990: 111 -1
1991: 111 1290 1981 -1
1992: -1
1993: 1995 -1
1994: 1995 -1
1995: -1
1996: 1995 -1
1997: 1995 -1
1998: 1995 -1
1999: 1995 -1
2000: 1995 -1
2001: 1995 -1
2002: 1995 -1
2003: 1995 -1
2004: 1995 -1
2005: 1995 -1
2006: 1995 -1
2007: 1995 -1
2008: 1995 -1
2009: 1995 -1
2010: 916 112 -1
2011: 1995 -1
2012: 1995 -1
2013: 1995 -1
2014: 1995 -1
2015: 1995 -1
2016: 112 1318 2089 -1
2017: -1
2018: -1
2019: -1
2020: 1692 1693 1694 -1
2021: -1
2022: -1
2023: -1
2024: 2018 2019 2021 2022 2023 -1
2025: -1
2026: 2025 -1
2027: 2025 -1
2028: 2025 -1
2029: 2025 -1
2030: 2025 -1
2031: 2025 -1
2032: 2025 -1
2033: 2025 -1
2034: 2025 -1
2035: 2025 -1
2036: 2025 -1
2037: 2025 -1
2038: 2025 -1
2039: 2025 -1
2040: 2025 -1
2041: 2025 -1
2042: 2025 -1
2043: 2025 -1
2044: 2025 -1
2045: 2025 -1
2046: 2025 -1
2047: 2025 -1
2048: 2025 -1
2049: 2025 -1
2050: 2025 -1
2051: 2025 -1
2052: 2025 -1
2053: 2025 -1
2054: 2025 -1
2055: 1017 2025 -1
2056: 2025 -1
2057: 2025 -1
2058: 2025 -1
2059: 2025 -1
2060: 2025 -1
2061: 2025 -1
2062: 2025 -1
2063: 2025 -1
2064: 2025 -1
2065: 2025 -1
2066: 2025 -1
2067: 2025 -1
2068: 2025 -1
2069: 2025 -1
2070: 2025 -1
2071: 2025 -1
2072: 2025 -1
2073: 2025 -1
2074: 2025 -1
2075: -1
2076: 1268 -1
2077: 2518 -1
2078: 1268 -1
2079: 1285 -1
2080: 903 -1
2081: 1269 2518 -1
2082: 1680 -1
2083: 1268 -1
2084: 2277 -1
2085: 2088 -1
2086: 2092 2093 2088 -1
2087: 2085 2086 2216 2218 2088 -1
2088: -1
2089: -1
2090: -1
2091: -1
2092: 2086 2088 2089 2090 2091 -1
2093: 2086 2088 2089 2090 2091 -1
2094: 2085 -1
2095: 2085 -1
2096: 2088 -1
2097: 2088 -1
2098: 2088 -1
2099: -1
2100: -1
2101: 2099 -1
2102: 2099 -1
2103: 2099 -1
2104: 2099 2100 -1
2105: 2099 -1
2106: 2099 -1
2107: 2099 -1
2108: 2099 -1
2109: 2099 -1
2110: 2099 -1
2111: 2099 -1
2112: 2099 -1
2113: 2099 -1
2114: 2099 -1
2115: 2099 -1
2116: 2099 -1
2117: 2099 -1
2118: 2099 -1
2119: 2099 -1
2120: 2099 2100 -1
2121: 2099 -1
2122: 2099 -1
2123: 2099 -1
2124: 2099 -1
2125: 2099 -1
2126: 2099 -1
2127: 2099 -1
2128: 2099 -1
2129: 2099 -1
2130: 2099 -1
2131: 2099 -1
2132: 2099 -1
2133: 2099 -1
2134: 2137 118 2140 -1
2135: 2137 -1
2136: 2134 2135 -1
2137: 2134 2135 -1
2138: 2134 2135 -1
2139: 2134 2135 -1
2140: 2134 2135 2144 2143 -1
2141: 2134 2135 -1
2142: 2134 2135 -1
2143: 2137 118 801 -1
2144: 2137 118 -1
2145: 2137 118 -1
2146: -1
2147: 2275 279 903 -1
2148: 820 -1
2149: 2275 279 903 -1
2150: 2148 119 2275 942 2273 279 558 903 -1
2151: 2085 -1
2152: 2148 119 2275 942 2273 279 558 903 -1
2153: 23 279 -1
2154: 1698 2277 518 279 -1
2155: 120 -1
2156: 738 -1
2157: 120 -1
2158: 738 -1
2159: 120 -1
2160: 1578 2162 2163 -1
2161: -1
2162: -1
2163: -1
2164: 1578 2162 2163 -1
2165: 1578 2162 2163 -1
2166: 1687 -1
2167: -1
2168: 279 -1
2169: 2171 -1
2170: 2275 567 -1
2171: 123 2167 -1
2172: 2089 -1
2173: -1
2174: 2188 903 -1
2175: -1
2176: -1
2177: -1
2178: -1
2179: -1
2180: 2172 -1
2181: 2172 2176 2178 2179 -1
2182: 2172 2176 2178 2179 -1
2183: 2172 2176 2178 2179 -1
2184: 2172 2176 2178 2179 -1
2185: 2172 2176 2178 2179 -1
2186: 2172 2176 2178 2179 -1
2187: 2172 2176 2178 2179 -1
2188: 2172 2176 2178 2179 -1
2189: 2172 2176 2178 2179 -1
2190: 2172 558 2176 2178 2179 -1
2191: 2172 558 2176 2178 2179 -1
2192: 2172 2100 2176 2178 2179 -1
2193: 2172 2176 2178 2179 -1
2194: 2172 2174 2176 2178 2179 -1
2195: 2172 2176 2178 2179 -1
2196: 2172 2176 2178 2179 -1
2197: 2172 2176 2178 2179 -1
2198: 2172 2176 2178 2179 -1
2199: 2172 2176 2178 2179 -1
2200: 2172 2176 2178 2179 -1
2201: 2172 2176 2178 2179 -1
2202: 2172 2176 2178 2179 -1
2203: 2172 2176 2178 2179 -1
2204: 2172 2176 2178 2179 -1
2205: 2172 558 2176 2178 2179 -1
2206: 2172 2176 2178 2179 -1
2207: 2172 2176 2178 2179 -1
2208: 2172 2100 2176 2178 2179 -1
2209: 2172 2176 2178 2179 -1
2210: 2172 2176 2178 2179 -1
2211: 2172 2176 2178 2179 -1
2212: 2172 558 2176 2178 2179 -1
2213: 2172 2176 2178 2179 -1
2214: -1
2215: -1
2216: 2214 2215 2088 -1
2217: 2214 2215 2088 -1
2218: 2214 2215 2088 -1
2219: 2214 2215 2088 -1
2220: 2214 2215 2088 -1
2221: 2214 2215 2088 -1
2222: 2214 2215 2088 -1
2223: 2214 2215 2088 -1
2224: 2214 2215 2088 -1
2225: 2214 2215 2088 -1
2226: 2214 2215 2088 -1
2227: 2214 2215 2088 -1
2228: 2214 2215 2088 -1
2229: 2214 2215 2088 -1
2230: 2214 2215 2088 -1
2231: 2214 2215 2088 -1
2232: 2214 2215 2088 -1
2233: 2214 2215 2088 -1
2234: 2214 2215 2088 -1
2235: 2214 2215 2088 -1
2236: 2214 2215 2088 -1
2237: 2242 -1
2238: 2237 126 -1
2239: 2237 126 -1
2240: 2237 126 -1
2241: 2237 126 -1
2242: 2237 126 -1
2243: 2237 126 -1
2244: 2237 126 -1
2245: 2237 126 -1
2246: 2237 126 -1
2247: 2237 126 -1
2248: 2237 126 -1
2249: 2237 126 -1
2250: 2237 126 -1
2251: 2237 126 -1
2252: 2237 126 -1
2253: 2237 126 -1
2254: 2237 126 -1
2255: 2237 126 -1
2256: 2237 126 -1
2257: 2237 126 -1
2258: 2237 126 -1
2259: 2237 126 -1
2260: 2237 126 -1
2261: 2214 -1
2262: -1
2263: -1
2264: -1
2265: 2518 -1
2266: -1
2267: 819 1981 965 1008 129 1426 -1
2268: 2089 -1
2269: 34 795 74 -1
2270: -1
2271: -1
2272: -1
2273: 903 -1
2274: -1
2275: -1
2276: -1
2277: -1
2278: 903 -1
2279: 23 -1
2280: 279 -1
2281: 1 1616 -1
2282: 2100 -1
2283: -1
2284: 1 0 5 131 -1
2285: 785 795 1632 1633 1634 -1
2286: 1632 1633 1634 -1
2287: 1625 614 1632 1633 1634 -1
2288: 559 132 1623 2275 -1
2289: -1
2290: -1
2291: 2289 -1
2292: -1
2293: 2290 2292 -1
2294: 2290 2292 -1
2295: 2290 2291 2292 -1
2296: 2290 2291 2292 -1
2297: -1
2298: 2297 -1
2299: 2297 -1
2300: 2297 -1
2301: 2297 -1
2302: 2297 -1
2303: 2297 -1
2304: 2297 -1
2305: 2297 -1
2306: 2297 -1
2307: 2297 -1
2308: 2297 -1
2309: 2297 -1
2310: 2297 -1
2311: 2297 -1
2312: 2297 -1
2313: 2297 -1
2314: 2297 -1
2315: 2297 -1
2316: 2297 -1
2317: 558 -1
2318: 1 558 903 518 279 886 -1
2319: 2518 -1
2320: -1
2321: 2085 -1
2322: 2085 -1
2323: 136 -1
2324: 136 -1
2325: 2320 136 -1
2326: 820 -1
2327: 820 -1
2328: 136 -1
2329: 136 -1
2330: -1
2331: 136 -1
2332: 136 -1
2333: 136 -1
2334: 820 -1
2335: 136 -1
2336: 136 819 -1
2337: 136 -1
2338: 820 -1
2339: 2380 2381 2382 -1
2340: 2380 2381 2382 -1
2341: 6 2380 2381 2382 -1
2342: 6 2380 2381 2382 -1
2343: 2380 2381 2382 -1
2344: -1
2345: -1
2346: -1
2347: -1
2348: -1
2349: 2085 -1
2350: 7 2356 2346 2345 2344 -1
2351: 137 2355 2358 2089 -1
2352: -1
2353: -1
2354: 2089 -1
2355: 2351 2344 2346 2356 2347 2345 2352 2353 2349 2357 2350 2358 2348 2359 -1
2356: -1
2357: 2085 -1
2358: 7 2345 2359 2344 2356 2346 -1
2359: -1
2360: 2380 2381 2382 -1
2361: 2380 2381 2382 -1
2362: 2380 2381 2382 -1
2363: 2380 2381 2382 -1
2364: 2380 2381 2382 -1
2365: 2380 2381 2382 -1
2366: 2380 2381 2382 -1
2367: 2380 2381 2382 -1
2368: 2380 2381 2382 -1
2369: 2380 2381 2382 -1
2370: 2380 2381 2382 -1
2371: 2380 2381 2382 -1
2372: 2380 2381 2382 -1
2373: 2380 2381 2382 -1
2374: 2380 2381 2382 -1
2375: 2380 2381 2382 -1
2376: 2380 2381 2382 -1
2377: 2380 2381 2382 -1
2378: 2380 2381 2382 -1
2379: 2380 2381 2382 -1
2380: -1
2381: -1
2382: -1
2383: 2380 2381 2382 -1
2384: 2380 2381 2382 -1
2385: 2380 2381 2382 -1
2386: 2380 2381 2382 -1
2387: 2380 2381 2382 -1
2388: 2380 2381 2382 -1
2389: 2380 2381 2382 -1
2390: 1341 843 -1
2391: 137 -1
2392: 1341 2339 1416 1417 1124 315 -1
2393: 2380 2381 2382 -1
2394: 2380 2381 2382 -1
2395: 2380 2381 2382 -1
2396: 2380 2381 2382 -1
2397: 2380 2381 2382 -1
2398: 2339 -1
2399: 1341 842 795 843 -1
2400: 2161 1341 -1
2401: 2380 2381 2382 -1
2402: 2380 2381 2382 -1
2403: 2380 2381 2382 -1
2404: 2380 2381 2382 -1
2405: 2380 2381 2382 -1
2406: 2380 2381 2382 -1
2407: 1418 2339 1416 -1
2408: 2341 2342 137 843 2161 1341 2399 -1
2409: 1341 137 -1
2410: 2380 2381 2382 -1
2411: 2380 2381 2382 -1
2412: 2380 2381 2382 -1
2413: 2380 2381 2382 -1
2414: 2380 2381 2382 -1
2415: 2380 2381 2382 -1
2416: 1341 -1
2417: -1
2418: 279 -1
2419: -1
2420: 951 1345 1091 772 139 -1
2421: 1698 -1
2422: -1
2423: 2422 -1
2424: 2422 -1
2425: 2422 -1
2426: 2422 -1
2427: 2422 -1
2428: 2422 -1
2429: 2422 2518 -1
2430: 2422 -1
2431: 2422 2518 -1
2432: 2422 -1
2433: 2422 222 -1
2434: 2422 558 -1
2435: 2422 2518 -1
2436: 2422 -1
2437: 2422 886 -1
2438: 2422 -1
2439: 2422 -1
2440: 2422 -1
2441: 2422 -1
2442: 1708 -1
2443: 942 -1
2444: 942 -1
2445: 526 -1
2446: 141 616 615 799 614 845 1578 -1
2447: 800 141 798 799 616 2449 -1
2448: 0 951 799 798 795 616 526 614 141 794 279 -1
2449: 800 799 616 798 141 -1
2450: 1692 1693 1694 -1
2451: 2452 2453 2454 -1
2452: 2451 2455 2456 2457 2458 143 2459 2460 2461 -1
2453: 2451 2455 2456 2457 2458 143 2459 2460 2461 -1
2454: 2451 2455 2456 2457 2458 143 2459 2460 2461 2518 -1
2455: 2452 2453 2454 -1
2456: 2452 2453 2454 -1
2457: 2452 2453 2454 2518 -1
2458: 2452 2453 2454 2518 -1
2459: 2452 2453 2454 -1
2460: 2452 2453 2454 -1
2461: 2452 2453 2454 -1
2462: 2100 -1
2463: 2100 -1
2464: 2100 -1
2465: 2100 -1
2466: 2100 -1
2467: 2100 -1
2468: 2451 2455 2456 2457 2458 143 2459 2460 2461 2518 -1
2469: -1
2470: 1269 -1
2471: 1269 -1
2472: 145 -1
2473: 1352 1350 -1
2474: 2476 -1
2475: -1
2476: -1
2477: 2475 2476 738 -1
2478: 2475 2476 738 -1
2479: -1
2480: -1
2481: 2264 -1
2482: -1
2483: 2482 7 402 397 148 2484 -1
2484: -1
2485: 2482 7 402 397 148 2484 1341 -1
2486: 1296 1295 2508 -1
2487: 2089 -1
2488: 2089 1168 -1
2489: -1
2490: 2518 2489 -1
2491: 2489 -1
2492: 2489 -1
2493: 2489 -1
2494: 2489 -1
2495: 2489 -1
2496: 2489 -1
2497: 2489 -1
2498: 2489 -1
2499: 2489 -1
2500: 2489 -1
2501: 2489 -1
2502: 2489 -1
2503: 2489 -1
2504: 2489 -1
2505: 2489 -1
2506: -1
2507: -1
2508: -1
2509: -1
2510: 2100 -1
2511: 2518 -1
2512: 2518 -1
2513: 2100 -1
2514: 2100 -1
2515: 2518 -1
2516: 2518 -1
2517: 2100 -1
2518: -1
2519: 2273 -1
2520: 2518 -1
2521: 2518 -1
2522: 2085 -1
