0: -1
1: 116 -1
2: 116 -1
3: 130 -1
4: 153 -1
5: 154 -1
6: 155 156 157 158 159 160 161 162 163 164 165 166 168 -1
7: 169 170 171 172 173 174 175 176 177 178 179 180 181 182 183 184 185 186 187 188 189 190 191 192 193 194 195 196 197 198 199 200 201 202 203 204 205 -1
8: 227 -1
9: -1
10: -1
11: -1
12: 276 277 278 279 280 281 282 283 284 285 -1
13: -1
14: 276 277 278 279 306 307 308 309 310 311 312 313 -1
15: 315 55 -1
16: 317 318 319 320 321 322 323 324 325 -1
17: -1
18: 314 -1
19: 328 -1
20: 329 330 331 -1
21: 336 -1
22: 337 338 339 340 341 342 343 344 345 346 347 348 349 -1
23: 377 -1
24: 377 -1
25: 409 -1
26: 424 157 476 477 478 479 480 485 997 498 499 500 -1
27: 514 515 516 -1
28: 409 562 -1
29: 569 570 571 572 573 574 575 576 156 577 578 579 580 581 55 582 583 584 585 586 587 588 589 590 591 592 593 594 595 596 597 598 599 600 601 602 603 604 605 606 607 608 609 610 611 612 613 614 615 616 617 618 619 620 621 622 623 624 625 160 626 627 628 629 630 631 632 633 634 635 -1
30: 650 -1
31: 651 652 -1
32: 657 659 660 661 662 -1
33: 664 665 -1
34: 698 700 701 702 -1
35: 704 -1
36: 717 718 719 720 -1
37: 721 -1
38: 722 -1
39: 725 -1
40: 726 -1
41: 731 732 733 -1
42: 315 55 -1
43: 736 739 -1
44: 741 -1
45: 777 -1
46: 779 780 781 782 783 784 785 786 787 788 789 790 792 793 794 795 796 797 799 801 803 804 807 808 809 810 -1
47: 830 838 839 840 841 842 845 847 -1
48: 866 867 868 885 -1
49: 890 849 -1
50: 891 892 -1
51: 894 895 -1
52: 896 -1
53: 921 923 924 925 926 -1
54: -1
55: -1
56: -1
57: 741 943 -1
58: 949 950 951 952 953 954 955 -1
59: 704 -1
60: 424 157 981 982 983 984 985 987 988 989 990 997 498 499 500 -1
61: 998 999 -1
62: 1048 1049 1050 1051 1052 1053 1054 1055 1056 1057 1058 1059 1060 1061 1062 1063 1064 1065 1066 1067 1068 1069 1070 1071 1072 1073 1074 1075 1076 1077 1078 1079 1080 1081 1082 1083 1084 1085 1086 1087 1088 1089 1090 1091 1092 1093 1094 1095 1096 1097 1098 1099 1100 1101 1102 1103 1104 1105 1106 1107 1108 1109 1110 -1
63: 1048 1049 1050 1051 1052 1053 1054 1055 1056 1057 1058 1059 1060 1061 1062 1063 1064 1065 1066 1067 1068 1069 1070 1071 1113 1073 1074 1075 1076 1077 1078 1079 1080 1081 1082 1083 1084 1085 1086 1087 1088 1089 1090 1091 1092 1093 1094 1095 1096 1097 1098 1099 1100 1114 1102 1103 1104 1115 1105 1106 1107 1108 1109 1110 1116 1117 1118 1119 1120 1121 1122 1123 1124 1125 1126 1127 1128 1129 1130 1131 1132 1133 1134 1135 1136 -1
64: 1137 1138 1139 1140 1141 1142 1143 1144 1145 1146 1147 1148 1149 1150 1151 1152 1153 1154 1155 1156 1157 1158 1159 1160 786 1161 849 1162 1163 1164 1165 1166 1167 1168 1169 1170 1171 1172 1173 1174 1175 1176 1177 1178 1179 1180 0 1181 1182 1183 1184 1185 1186 1187 1188 1189 1190 1191 1192 1193 1194 -1
65: 1155 0 786 -1
66: 1194 1152 1157 1160 0 1156 786 -1
67: 786 0 -1
68: 1189 0 1158 1185 1155 -1
69: 1173 1182 0 -1
70: 0 -1
71: 1183 0 1166 1146 728 -1
72: 0 1189 -1
73: 0 -1
74: 85 1189 1155 1160 0 1156 1158 1150 -1
75: 0 1155 -1
76: 0 -1
77: 1160 -1
78: 1154 1121 785 1147 -1
79: 1189 786 0 1154 1155 950 -1
80: 0 -1
81: 204 1189 1156 1158 0 1155 1151 786 1165 -1
82: 0 -1
83: 0 1158 1160 1157 1155 1189 1153 1154 1181 584 1190 1129 786 -1
84: 1188 0 1154 1160 -1
85: 1152 1189 1155 0 1154 1156 1158 1185 1129 786 -1
86: 0 1158 1155 -1
87: 1182 1137 0 1150 -1
88: 1158 1189 0 1154 1157 849 1185 1155 786 -1
89: 1189 1155 0 1158 786 1192 -1
90: 0 1189 -1
91: 1192 1189 0 1158 -1
92: 1164 1183 1158 1153 0 1154 1166 1181 1185 1155 1150 786 -1
93: 1153 0 -1
94: 1156 786 0 -1
95: 785 0 1138 786 1189 1154 -1
96: 0 1157 1185 1152 -1
97: 0 1156 786 1160 1135 -1
98: 1155 1153 1156 1158 786 1189 0 1154 -1
99: 1189 1155 1156 1158 1157 0 1160 786 -1
100: 0 -1
101: 512 511 0 -1
102: 1158 0 849 1189 1185 1135 346 891 1075 193 1138 1139 1150 1151 1145 1140 786 -1
103: 1140 0 -1
104: 786 0 1158 511 -1
105: 0 849 1140 -1
106: 1158 1146 1153 0 1156 -1
107: 1155 1153 0 -1
108: 0 1189 1160 -1
109: 1153 0 786 1160 1155 -1
110: 116 -1
111: 116 -1
112: 116 -1
113: 116 -1
114: 116 -1
115: 116 -1
116: -1
117: 116 -1
118: 116 -1
119: 116 -1
120: 116 -1
121: 116 -1
122: 116 -1
123: 116 -1
124: 116 -1
125: 116 -1
126: 116 -1
127: 116 -1
128: 116 -1
129: 116 -1
130: -1
131: 130 -1
132: 130 -1
133: 130 -1
134: 130 -1
135: 130 -1
136: 130 -1
137: 130 -1
138: 130 -1
139: 130 -1
140: 130 -1
141: 130 -1
142: 130 -1
143: 130 -1
144: 130 -1
145: 130 -1
146: 165 130 -1
147: 130 -1
148: 130 -1
149: 130 -1
150: 130 -1
151: 130 -1
152: 130 -1
153: -1
154: -1
155: -1
156: -1
157: -1
158: -1
159: -1
160: -1
161: -1
162: -1
163: -1
164: -1
165: -1
166: -1
167: 168 -1
168: -1
169: -1
170: -1
171: -1
172: -1
173: -1
174: -1
175: -1
176: -1
177: -1
178: -1
179: -1
180: -1
181: 186 -1
182: -1
183: -1
184: -1
185: -1
186: -1
187: -1
188: -1
189: -1
190: -1
191: -1
192: -1
193: -1
194: -1
195: -1
196: -1
197: -1
198: -1
199: -1
200: -1
201: -1
202: -1
203: -1
204: -1
205: -1
206: 227 -1
207: 227 -1
208: 227 -1
209: 227 -1
210: 227 -1
211: 227 -1
212: 227 -1
213: 227 -1
214: 227 -1
215: 227 -1
216: 227 -1
217: 227 -1
218: 227 -1
219: 227 -1
220: 227 -1
221: 227 -1
222: 227 -1
223: 227 -1
224: 227 -1
225: 227 -1
226: 227 -1
227: -1
228: 227 -1
229: 9 -1
230: 9 -1
231: 9 -1
232: 741 9 -1
233: 9 1054 1129 1147 -1
234: 13 9 785 -1
235: 1049 9 1129 -1
236: 1137 9 -1
237: 741 9 -1
238: 1137 9 -1
239: 1123 1134 9 1061 -1
240: 9 -1
241: 9 1129 -1
242: 9 -1
243: 785 1137 1140 9 1142 1145 1151 -1
244: 9 1129 1120 -1
245: 9 1129 -1
246: 9 -1
247: 9 -1
248: 741 9 1054 1129 1144 1147 -1
249: 741 1129 9 1054 1144 1147 -1
250: 9 -1
251: 1137 9 320 -1
252: 9 1188 1160 -1
253: 1049 9 1129 1172 -1
254: 9 1137 -1
255: 9 -1
256: 9 -1
257: 9 -1
258: 1129 9 -1
259: 1049 1129 9 1123 -1
260: 9 1137 1142 -1
261: 1137 1142 9 -1
262: 1049 9 1129 -1
263: 9 -1
264: 9 -1
265: 9 -1
266: 9 -1
267: 9 -1
268: 9 -1
269: 9 1129 -1
270: 9 1151 1129 1128 -1
271: 1129 9 -1
272: 10 -1
273: 10 -1
274: 627 10 -1
275: 570 571 573 574 576 490 577 156 578 579 581 55 160 583 584 586 587 589 604 593 594 166 598 599 601 603 621 606 608 609 610 611 614 615 617 622 623 624 625 161 17 626 19 11 163 631 629 -1
276: -1
277: -1
278: -1
279: -1
280: -1
281: -1
282: -1
283: -1
284: -1
285: -1
286: 13 -1
287: 13 1129 1145 1183 1146 1149 1137 1142 1150 -1
288: 345 1146 1147 13 176 1139 1137 1140 1150 -1
289: 1139 -1
290: 13 1137 1140 1146 1075 -1
291: 13 1145 1129 -1
292: 13 -1
293: 1068 891 160 202 13 -1
294: 13 -1
295: 13 1129 1145 -1
296: 13 -1
297: 13 -1
298: 326 13 202 891 704 -1
299: 1155 156 627 13 619 -1
300: 13 -1
301: 13 1129 -1
302: 345 578 13 -1
303: 202 13 627 602 -1
304: 13 -1
305: 13 -1
306: -1
307: -1
308: -1
309: -1
310: -1
311: 1129 -1
312: -1
313: -1
314: -1
315: -1
316: 618 139 -1
317: -1
318: -1
319: -1
320: -1
321: -1
322: -1
323: -1
324: 741 9 -1
325: -1
326: -1
327: 314 -1
328: 19 -1
329: -1
330: -1
331: -1
332: 330 331 -1
333: 330 331 -1
334: 20 -1
335: 20 -1
336: -1
337: -1
338: 337 -1
339: -1
340: 339 1068 1075 891 182 179 -1
341: -1
342: -1
343: -1
344: -1
345: -1
346: -1
347: -1
348: -1
349: -1
350: 377 -1
351: 377 -1
352: 377 -1
353: 377 -1
354: 377 -1
355: 377 -1
356: 377 -1
357: 377 -1
358: 377 -1
359: 377 -1
360: 377 -1
361: 377 -1
362: 377 -1
363: 377 -1
364: 377 -1
365: 377 -1
366: 377 -1
367: 377 -1
368: 377 -1
369: 377 -1
370: 377 -1
371: 377 -1
372: 377 -1
373: 377 -1
374: 377 -1
375: 377 -1
376: 377 -1
377: -1
378: 377 -1
379: 377 -1
380: 377 -1
381: 377 -1
382: 377 -1
383: 377 -1
384: 377 -1
385: 377 -1
386: 377 -1
387: 377 -1
388: 377 -1
389: 377 -1
390: 377 -1
391: 377 -1
392: 377 -1
393: 377 -1
394: 377 -1
395: 377 -1
396: 377 -1
397: 377 -1
398: 377 -1
399: 377 -1
400: 377 -1
401: 377 -1
402: 377 -1
403: 377 -1
404: 377 -1
405: 377 -1
406: 377 -1
407: 377 -1
408: 409 -1
409: 408 -1
410: 409 -1
411: 409 562 -1
412: 409 -1
413: 409 -1
414: 409 -1
415: 409 -1
416: 409 -1
417: 424 157 604 982 -1
418: 424 -1
419: 424 -1
420: 424 157 997 498 499 500 -1
421: 424 982 997 -1
422: 424 982 997 -1
423: 424 -1
424: 426 55 417 481 488 420 421 423 422 495 482 497 496 494 448 452 491 489 492 490 425 501 -1
425: 424 157 997 479 500 983 -1
426: -1
427: 424 982 997 -1
428: 424 982 997 -1
429: 424 982 997 -1
430: 424 982 997 -1
431: 424 982 997 -1
432: 424 982 997 -1
433: 424 982 997 -1
434: 424 982 997 -1
435: 424 982 997 -1
436: -1
437: -1
438: 424 982 997 -1
439: 424 982 997 -1
440: 424 982 997 -1
441: 424 982 997 -1
442: 424 982 997 -1
443: 424 982 997 -1
444: 424 982 997 -1
445: 424 982 997 -1
446: 424 982 997 -1
447: 424 982 997 -1
448: 424 157 997 479 500 983 -1
449: 424 157 997 479 500 983 -1
450: 424 157 997 479 500 983 -1
451: 424 157 997 479 500 983 -1
452: 424 157 997 479 500 983 -1
453: 424 157 982 997 -1
454: 424 157 997 479 500 983 -1
455: 424 157 997 479 -1
456: 424 982 157 997 479 -1
457: 424 157 997 479 -1
458: 424 157 997 479 -1
459: 424 157 997 479 -1
460: 424 157 997 479 -1
461: 424 157 997 479 -1
462: 424 157 997 479 -1
463: 424 157 997 479 -1
464: 424 157 997 479 -1
465: 424 157 997 -1
466: 424 157 997 -1
467: -1
468: 424 157 983 997 479 -1
469: 424 157 997 479 -1
470: 424 982 997 -1
471: 424 157 997 479 -1
472: 424 157 997 -1
473: 424 157 997 479 -1
474: 424 157 997 479 500 983 -1
475: 424 157 997 479 -1
476: 417 426 481 488 420 421 423 422 495 482 497 496 494 448 452 491 489 492 490 425 501 -1
477: 55 426 417 448 452 491 489 492 490 481 436 422 482 483 488 420 421 423 495 497 496 494 425 501 -1
478: 417 426 454 449 481 55 488 420 421 423 422 495 482 497 496 494 448 452 491 489 492 490 425 501 -1
479: 426 55 417 448 452 491 492 489 490 -1
480: 426 55 417 481 488 420 421 423 422 495 482 497 496 494 448 452 491 489 492 490 425 501 -1
481: -1
482: -1
483: -1
484: -1
485: -1
486: 17 619 625 570 778 424 157 997 -1
487: 424 157 997 -1
488: 424 157 997 498 499 500 -1
489: 424 157 997 -1
490: 424 157 479 997 500 983 -1
491: 424 157 997 479 500 983 -1
492: 424 157 997 -1
493: 424 157 997 498 499 500 -1
494: -1
495: -1
496: -1
497: -1
498: 55 426 417 481 488 993 420 421 423 422 495 482 497 496 494 448 452 491 489 492 490 425 501 -1
499: 426 417 448 452 491 489 492 481 490 488 420 421 423 422 495 482 497 496 494 425 501 -1
500: 426 55 417 481 488 420 421 423 422 495 482 497 496 494 448 452 491 489 492 490 425 501 -1
501: -1
502: 424 -1
503: 424 -1
504: 424 -1
505: 424 -1
506: 424 982 -1
507: 424 982 -1
508: 424 982 -1
509: 424 19 997 157 498 499 500 -1
510: 896 -1
511: 896 -1
512: -1
513: 514 515 516 -1
514: -1
515: -1
516: -1
517: 514 515 516 -1
518: 514 515 516 -1
519: 514 515 516 -1
520: 514 515 516 1165 -1
521: 514 515 516 -1
522: 514 515 516 -1
523: 514 515 516 -1
524: 514 515 516 -1
525: 514 515 516 -1
526: 514 515 516 -1
527: 514 515 516 -1
528: 514 515 516 -1
529: 514 515 516 -1
530: 515 514 516 -1
531: 514 515 516 -1
532: 514 515 516 -1
533: 514 515 516 -1
534: 514 515 516 -1
535: 514 515 516 -1
536: 514 515 516 -1
537: 514 515 516 -1
538: 514 515 516 -1
539: 514 515 516 -1
540: 514 515 516 -1
541: 514 516 -1
542: 514 515 516 -1
543: 514 515 516 1143 -1
544: 514 515 516 -1
545: 514 515 516 -1
546: 514 515 516 1184 -1
547: 514 515 516 -1
548: 514 515 516 -1
549: 514 515 516 -1
550: 514 515 516 -1
551: 514 515 516 -1
552: 514 515 516 -1
553: 514 515 516 -1
554: 514 515 516 -1
555: 514 515 516 -1
556: 514 515 516 -1
557: 514 515 516 -1
558: 514 515 516 -1
559: 514 515 516 -1
560: 514 515 516 -1
561: 514 515 516 -1
562: -1
563: 409 562 -1
564: 409 562 -1
565: 409 562 -1
566: 409 562 -1
567: 409 -1
568: 409 562 -1
569: -1
570: -1
571: -1
572: -1
573: -1
574: 634 -1
575: -1
576: 424 157 997 498 499 500 -1
577: -1
578: -1
579: -1
580: -1
581: -1
582: -1
583: -1
584: -1
585: -1
586: -1
587: -1
588: -1
589: -1
590: -1
591: 130 -1
592: -1
593: -1
594: -1
595: -1
596: -1
597: -1
598: -1
599: -1
600: -1
601: -1
602: -1
603: -1
604: -1
605: -1
606: -1
607: 130 -1
608: 130 -1
609: -1
610: -1
611: -1
612: -1
613: -1
614: -1
615: -1
616: -1
617: -1
618: -1
619: -1
620: -1
621: -1
622: -1
623: -1
624: -1
625: 952 -1
626: -1
627: -1
628: -1
629: -1
630: -1
631: -1
632: -1
633: -1
634: -1
635: -1
636: 650 -1
637: 650 -1
638: 650 -1
639: 650 -1
640: 650 -1
641: 650 -1
642: 650 -1
643: 650 -1
644: 650 -1
645: 650 -1
646: 650 -1
647: 650 -1
648: 650 -1
649: 650 -1
650: -1
651: -1
652: -1
653: 651 652 -1
654: 651 652 -1
655: 651 652 -1
656: 651 652 -1
657: 658 659 660 661 662 663 -1
658: 657 659 660 661 662 -1
659: 657 658 660 661 662 663 -1
660: 658 659 -1
661: 660 658 -1
662: 660 -1
663: 660 -1
664: -1
665: -1
666: 698 700 701 702 -1
667: 698 700 701 702 -1
668: 698 700 701 702 -1
669: 698 700 701 702 -1
670: 698 700 701 702 -1
671: 698 700 701 702 -1
672: 698 700 701 702 -1
673: 698 700 701 702 -1
674: 698 700 701 702 -1
675: 698 700 701 702 -1
676: 700 702 -1
677: 698 700 701 702 -1
678: 698 700 701 702 -1
679: 698 700 701 702 -1
680: 698 700 701 702 -1
681: 698 700 701 702 -1
682: 698 700 701 702 -1
683: 698 700 701 702 -1
684: 698 700 701 702 -1
685: 698 700 701 702 -1
686: 698 700 701 702 -1
687: 698 700 701 702 -1
688: 698 700 701 702 -1
689: 698 700 701 702 -1
690: 698 700 701 702 -1
691: 698 700 701 702 -1
692: 698 700 701 702 -1
693: 698 700 701 702 -1
694: 698 700 701 702 -1
695: 698 700 701 702 -1
696: 698 700 701 702 -1
697: 702 700 701 698 -1
698: -1
699: 698 702 701 700 -1
700: -1
701: 699 700 702 -1
702: 604 698 -1
703: 698 700 701 702 -1
704: -1
705: 704 -1
706: 612 35 17 621 -1
707: 35 -1
708: 35 604 -1
709: 35 -1
710: 35 709 -1
711: 704 -1
712: 704 -1
713: 704 -1
714: 704 -1
715: 704 -1
716: 704 -1
717: -1
718: -1
719: -1
720: -1
721: -1
722: -1
723: 38 19 -1
724: 19 38 723 -1
725: -1
726: -1
727: 726 -1
728: 726 -1
729: 726 -1
730: 40 -1
731: -1
732: -1
733: -1
734: 166 424 -1
735: 618 139 -1
736: -1
737: 736 -1
738: 736 -1
739: 1158 -1
740: 43 -1
741: -1
742: 741 -1
743: 741 -1
744: 741 -1
745: 741 -1
746: 741 -1
747: 741 -1
748: 741 -1
749: 741 -1
750: 741 -1
751: 741 -1
752: 741 -1
753: 741 -1
754: 741 -1
755: 741 -1
756: 741 -1
757: 741 -1
758: 741 -1
759: 741 -1
760: 741 -1
761: 741 -1
762: 741 -1
763: 741 -1
764: 741 -1
765: 741 -1
766: 741 -1
767: 741 -1
768: 741 -1
769: 741 -1
770: 741 -1
771: 741 -1
772: 741 -1
773: 741 -1
774: 741 -1
775: 741 -1
776: 741 -1
777: -1
778: -1
779: -1
780: -1
781: -1
782: -1
783: -1
784: -1
785: -1
786: -1
787: -1
788: -1
789: -1
790: -1
791: 779 780 781 782 783 784 787 788 789 790 809 807 808 810 -1
792: -1
793: -1
794: -1
795: -1
796: -1
797: -1
798: 779 780 781 782 783 784 792 793 794 795 796 797 807 808 809 810 -1
799: -1
800: 779 780 781 782 783 784 799 807 808 809 810 -1
801: -1
802: 779 780 781 782 783 784 807 808 809 810 -1
803: -1
804: -1
805: 779 780 781 782 783 784 804 793 807 808 809 810 -1
806: 779 780 781 782 783 784 849 807 808 809 810 -1
807: -1
808: -1
809: -1
810: -1
811: 779 780 781 782 783 784 796 789 807 808 809 810 -1
812: 847 838 839 840 841 842 845 -1
813: 830 838 839 840 841 842 845 847 -1
814: 845 847 -1
815: 838 839 840 841 842 845 847 -1
816: 830 838 839 840 841 842 845 847 -1
817: 830 838 839 840 841 842 845 847 -1
818: 830 838 839 840 841 842 845 847 -1
819: 830 838 839 840 841 842 845 847 -1
820: 830 838 839 840 841 842 845 847 -1
821: 830 838 839 840 841 842 845 847 -1
822: 830 838 839 840 841 842 845 847 -1
823: 830 838 839 840 841 842 845 847 -1
824: 830 838 839 840 841 842 845 847 -1
825: 830 838 839 840 841 842 845 847 -1
826: 830 838 839 840 841 842 845 847 -1
827: 830 838 839 840 841 842 845 847 -1
828: 830 838 839 840 841 842 845 847 -1
829: 830 838 839 840 841 842 845 847 -1
830: 812 813 814 815 831 836 837 838 840 841 843 844 848 -1
831: 814 838 840 841 842 845 847 -1
832: 830 838 839 840 841 842 845 847 -1
833: 830 838 839 840 841 842 845 847 -1
834: 830 838 839 840 841 842 845 847 -1
835: 830 838 839 840 841 842 845 847 -1
836: 838 840 841 842 845 847 -1
837: -1
838: -1
839: -1
840: -1
841: -1
842: -1
843: -1
844: -1
845: -1
846: 845 838 839 840 841 842 847 -1
847: 814 813 -1
848: -1
849: 885 -1
850: 885 -1
851: 885 -1
852: 885 -1
853: 885 -1
854: 885 -1
855: 885 -1
856: 885 -1
857: 885 -1
858: 866 885 -1
859: 885 -1
860: 885 -1
861: 885 -1
862: 885 -1
863: 885 -1
864: -1
865: 885 -1
866: -1
867: 849 -1
868: -1
869: 885 -1
870: 885 -1
871: 885 -1
872: 885 -1
873: 885 -1
874: 885 -1
875: 885 -1
876: -1
877: 885 -1
878: 885 -1
879: 885 -1
880: 885 -1
881: 885 -1
882: 885 -1
883: 885 -1
884: 885 -1
885: 849 851 852 853 854 855 856 857 861 862 864 865 869 870 871 872 873 883 875 876 878 879 880 881 886 -1
886: 885 -1
887: 866 885 -1
888: 885 -1
889: 1189 1194 48 888 891 1075 1068 186 182 786 66 -1
890: -1
891: -1
892: -1
893: 891 892 1135 -1
894: -1
895: -1
896: -1
897: 896 -1
898: 921 923 924 925 926 -1
899: 921 923 924 925 926 -1
900: 921 923 924 925 926 -1
901: 921 923 924 925 926 -1
902: 921 923 924 925 926 -1
903: 921 923 924 925 926 -1
904: 921 923 924 925 926 -1
905: 921 923 924 925 926 -1
906: 921 923 924 925 926 -1
907: 921 923 924 925 926 -1
908: 921 923 924 925 926 -1
909: 921 923 924 925 926 -1
910: -1
911: 921 923 924 925 926 -1
912: 921 923 924 925 926 -1
913: 921 923 924 925 926 -1
914: 921 923 924 925 926 -1
915: 921 923 924 925 926 -1
916: 921 923 924 925 926 -1
917: 921 923 924 925 926 -1
918: 921 923 924 925 926 -1
919: 921 923 924 925 926 -1
920: 921 923 924 925 926 -1
921: 898 899 900 902 903 904 901 905 906 907 908 909 910 911 913 914 915 916 917 918 919 920 922 927 928 929 -1
922: 921 923 924 925 926 -1
923: 898 899 900 902 903 904 901 905 906 907 908 909 910 911 913 914 915 916 917 918 919 920 922 927 928 929 -1
924: 898 899 900 902 903 904 901 905 906 907 908 909 910 911 913 914 915 916 917 918 919 920 922 927 928 929 -1
925: 898 899 900 902 903 904 901 905 906 907 908 909 910 911 913 914 915 916 917 918 919 920 922 927 928 929 -1
926: 898 899 900 902 903 904 901 905 906 907 908 909 910 911 913 914 915 916 917 918 919 920 922 927 928 929 -1
927: 921 923 924 925 926 -1
928: 921 923 924 925 926 -1
929: 921 923 924 925 926 -1
930: 921 923 924 925 926 -1
931: 921 923 924 925 926 -1
932: 54 1156 1142 1169 1061 1146 1151 -1
933: 995 55 1129 936 -1
934: 55 -1
935: 55 -1
936: 55 995 1129 -1
937: 424 157 480 476 990 997 498 499 500 -1
938: 424 157 -1
939: 424 157 479 985 499 500 982 983 480 997 498 -1
940: 481 426 467 495 55 986 482 497 496 494 501 -1
941: 56 -1
942: 56 -1
943: -1
944: 741 -1
945: 741 1129 1122 1076 -1
946: 998 -1
947: 998 741 1123 -1
948: 57 1120 1132 1131 1129 347 1135 1164 1139 1137 1167 1121 1067 1068 1076 891 1100 1146 -1
949: -1
950: -1
951: -1
952: -1
953: -1
954: -1
955: -1
956: 1121 958 1167 -1
957: 58 949 -1
958: 953 954 -1
959: 58 953 347 -1
960: 953 954 -1
961: 424 982 997 -1
962: 424 982 997 -1
963: 424 982 997 -1
964: 424 982 997 -1
965: 424 982 997 -1
966: 424 982 997 -1
967: 424 982 997 -1
968: 424 982 997 -1
969: 424 982 997 -1
970: 424 982 997 -1
971: 424 982 997 -1
972: 424 982 997 -1
973: 424 982 997 -1
974: 424 982 997 -1
975: 424 982 997 -1
976: 424 982 997 -1
977: 424 982 997 -1
978: 424 982 997 -1
979: 424 157 997 479 500 983 -1
980: 424 157 997 479 -1
981: 426 417 448 452 491 489 492 55 490 437 422 481 986 488 420 421 423 495 482 497 496 494 425 501 -1
982: 426 417 448 452 491 489 492 55 490 453 481 986 484 488 422 420 421 423 495 482 497 496 494 425 501 -1
983: 417 426 448 452 491 489 492 481 490 55 436 422 488 991 420 421 423 495 482 497 496 494 425 501 -1
984: 426 55 417 481 483 488 420 421 423 422 495 482 497 496 494 448 452 491 489 492 490 425 501 -1
985: 426 417 422 452 481 55 488 994 420 421 423 495 482 497 496 494 448 491 489 492 490 425 501 -1
986: -1
987: 55 417 -1
988: -1
989: 481 -1
990: -1
991: 424 157 997 -1
992: 424 157 997 -1
993: 424 157 997 -1
994: 424 157 983 997 -1
995: -1
996: 424 997 157 498 499 500 -1
997: 55 426 417 481 483 488 420 421 423 422 495 482 497 496 494 448 452 491 489 492 490 425 501 -1
998: -1
999: 998 -1
1000: 998 999 -1
1001: 998 999 -1
1002: 998 999 -1
1003: 998 999 -1
1004: 998 999 -1
1005: 998 999 -1
1006: 741 61 1129 -1
1007: 741 61 1129 -1
1008: 741 61 1129 -1
1009: 741 61 1129 -1
1010: 998 999 -1
1011: 998 999 -1
1012: 998 999 -1
1013: 998 999 -1
1014: 998 999 -1
1015: 998 999 -1
1016: 998 999 -1
1017: 998 999 -1
1018: 998 999 -1
1019: 998 999 -1
1020: 998 999 -1
1021: 998 999 -1
1022: 998 999 -1
1023: 998 999 -1
1024: 741 61 1122 1129 -1
1025: 741 61 1129 -1
1026: 741 61 1049 1129 -1
1027: 741 61 1129 -1
1028: 741 61 1129 -1
1029: 741 61 1129 -1
1030: 998 999 -1
1031: 998 999 -1
1032: 998 999 -1
1033: 998 999 -1
1034: 998 999 -1
1035: 998 999 -1
1036: 998 999 -1
1037: 998 999 -1
1038: 741 1129 61 -1
1039: 741 61 1129 -1
1040: 741 61 1129 -1
1041: 741 61 1129 -1
1042: 741 61 1129 -1
1043: 998 999 -1
1044: 998 999 -1
1045: 998 999 -1
1046: 998 999 -1
1047: 998 999 -1
1048: -1
1049: -1
1050: -1
1051: -1
1052: -1
1053: -1
1054: -1
1055: -1
1056: -1
1057: -1
1058: -1
1059: -1
1060: -1
1061: -1
1062: -1
1063: 741 -1
1064: -1
1065: -1
1066: -1
1067: -1
1068: -1
1069: -1
1070: -1
1071: -1
1072: -1
1073: -1
1074: -1
1075: -1
1076: -1
1077: -1
1078: -1
1079: -1
1080: -1
1081: -1
1082: -1
1083: -1
1084: -1
1085: -1
1086: -1
1087: -1
1088: -1
1089: -1
1090: -1
1091: -1
1092: -1
1093: -1
1094: -1
1095: -1
1096: -1
1097: -1
1098: -1
1099: -1
1100: -1
1101: -1
1102: -1
1103: -1
1104: -1
1105: -1
1106: -1
1107: -1
1108: -1
1109: -1
1110: -1
1111: 1054 -1
1112: 1116 1117 1118 1119 1120 1121 1122 1123 1124 1125 1126 1127 1128 1129 1130 1131 1132 1133 1134 1135 1136 -1
1113: -1
1114: -1
1115: -1
1116: -1
1117: -1
1118: -1
1119: -1
1120: -1
1121: -1
1122: -1
1123: -1
1124: -1
1125: -1
1126: -1
1127: -1
1128: -1
1129: -1
1130: -1
1131: -1
1132: -1
1133: -1
1134: -1
1135: -1
1136: -1
1137: -1
1138: -1
1139: -1
1140: -1
1141: -1
1142: -1
1143: -1
1144: -1
1145: -1
1146: -1
1147: -1
1148: -1
1149: -1
1150: -1
1151: -1
1152: -1
1153: -1
1154: -1
1155: -1
1156: -1
1157: 786 -1
1158: -1
1159: -1
1160: -1
1161: -1
1162: -1
1163: -1
1164: -1
1165: -1
1166: -1
1167: -1
1168: -1
1169: -1
1170: -1
1171: 741 -1
1172: -1
1173: -1
1174: -1
1175: -1
1176: -1
1177: -1
1178: -1
1179: -1
1180: -1
1181: -1
1182: -1
1183: -1
1184: -1
1185: -1
1186: 741 -1
1187: -1
1188: -1
1189: -1
1190: -1
1191: -1
1192: -1
1193: -1
1194: -1
1195: 1153 786 1156 64 1121 -1
