0: -1
1: -1
2: -1
3: 141 -1
4: 277 278 279 288 -1
5: 315 -1
6: -1
7: 387 -1
8: -1
9: 61 419 420 18 421 422 423 424 -1
10: 432 -1
11: -1
12: 476 477 60 478 479 480 481 482 -1
13: 491 -1
14: 511 -1
15: -1
16: 1 20 -1
17: -1
18: 567 576 579 580 1 581 582 583 584 585 594 -1
19: 600 601 -1
20: 1 628 -1
21: 638 639 640 641 -1
22: 657 658 -1
23: 668 -1
24: -1
25: 707 708 -1
26: -1
27: -1
28: 739 -1
29: 754 -1
30: -1
31: -1
32: -1
33: 810 811 -1
34: 823 824 -1
35: -1
36: 4 -1
37: -1
38: 870 -1
39: 424 -1
40: 876 -1
41: -1
42: 887 888 -1
43: 895 -1
44: 911 245 1620 912 913 914 915 916 917 4 668 918 919 920 -1
45: -1
46: -1
47: -1
48: 0 489 937 938 939 245 901 166 940 19 941 942 943 944 945 -1
49: 949 950 -1
50: 955 956 957 958 959 960 -1
51: -1
52: 980 982 983 -1
53: 1 0 985 986 987 128 37 802 989 990 991 992 24 51 98 993 78 -1
54: 141 -1
55: -1
56: -1
57: -1
58: 1015 1016 -1
59: 1048 -1
60: -1
61: 1055 -1
62: 1063 1813 424 -1
63: -1
64: -1
65: -1
66: -1
67: 2 1078 1079 -1
68: 1082 1083 1084 1085 1086 1087 1088 1089 1813 -1
69: 1096 1097 -1
70: 1100 -1
71: 245 89 17 57 25 4 1620 1126 9 29 51 67 147 5 44 34 1127 85 1128 7 1129 18 802 1130 1131 1132 -1
72: 1140 424 -1
73: 1143 1144 1145 1146 -1
74: 1158 -1
75: 424 -1
76: -1
77: -1
78: -1
79: -1
80: 1205 -1
81: -1
82: -1
83: 1217 -1
84: 2 -1
85: 1143 1221 245 668 1223 802 4 113 1224 5 18 -1
86: -1
87: 1227 -1
88: -1
89: 1230 1231 1232 1233 1234 -1
90: 1240 -1
91: 1247 -1
92: 1257 1258 1259 1260 1261 -1
93: 105 1267 1268 -1
94: -1
95: 1287 1288 1289 1 2 8 1205 1291 1292 1293 1294 1295 1296 1297 1298 1299 87 62 1300 1301 1302 1303 1304 1305 1306 1307 1308 1309 1310 1311 1312 1313 1314 1315 1316 1317 1318 1319 1320 1321 1322 1323 1324 1325 1326 1327 1328 1329 1330 1331 1332 1333 1334 1335 1336 1337 1338 -1
96: 1813 1340 -1
97: 1346 1347 1348 1349 -1
98: -1
99: 23 -1
100: 1352 -1
101: -1
102: 1363 -1
103: 1374 1375 56 1376 -1
104: 1 8 1378 1379 0 1380 1381 1382 100 1383 1384 1385 1386 -1
105: -1
106: 1428 1429 1430 1431 1432 1433 1434 1435 1436 1437 1444 1445 1446 1463 -1
107: 1464 -1
108: -1
109: 1466 1467 -1
110: -1
111: 1478 -1
112: 1496 -1
113: 1499 -1
114: 1503 1504 -1
115: 1505 1507 1508 1509 1510 804 1511 1512 1513 1514 969 1515 1516 1517 1519 1520 1521 1522 1523 1524 1525 1526 1527 1528 1529 1530 1531 1532 1200 1534 1535 1536 1537 1538 1539 1540 1541 1543 1544 0 1545 4 21 1546 1547 1548 1549 7 51 1550 -1
116: 1553 1554 -1
117: -1
118: -1
119: 70 -1
120: 424 -1
121: 1557 -1
122: 1574 1578 1579 1580 1581 1582 1583 1584 1585 1587 1588 -1
123: 19 10 1603 1604 1605 1606 77 1607 1608 1609 1610 63 41 1611 1612 1613 88 1614 1615 97 43 15 1130 -1
124: 1616 1617 1618 87 1603 -1
125: 245 802 17 34 4 1126 85 7 44 1128 89 1127 25 1619 9 1620 1621 5 51 29 1129 57 1622 67 147 18 1623 1624 1625 1626 1627 1628 1629 71 1630 1631 -1
126: 245 1632 1633 1634 19 806 4 17 1635 1 668 28 1636 1637 559 1054 98 1638 1639 1640 261 1239 1641 1642 18 1643 45 6 1644 1645 1646 1647 1648 1649 1650 8 1651 1652 1653 20 633 14 1654 520 38 24 33 2 70 153 1655 69 95 1656 161 62 34 107 87 1657 1658 1659 1297 74 1078 124 56 1660 39 64 134 1661 1662 73 1663 1664 84 1665 52 81 119 1666 110 103 1667 165 136 157 1668 55 1669 82 1670 1671 1672 108 13 26 337 1673 1674 1675 0 1676 597 575 1677 1678 1679 1680 861 43 47 11 1681 -1
127: -1
128: 1 8 58 2 1686 1687 1688 1689 802 1690 987 1691 53 1692 1693 1694 37 78 24 993 1695 1696 1697 -1
129: -1
130: -1
131: 1709 -1
132: 1710 -1
133: 1712 1713 -1
134: 1714 -1
135: 1714 -1
136: 2 1723 -1
137: -1
138: 1725 1726 1727 -1
139: 1742 1100 -1
140: 1754 1755 -1
141: 245 246 247 3 248 249 250 251 1756 -1
142: 1016 -1
143: 1801 1604 151 1802 -1
144: -1
145: 1557 1808 1809 1694 1810 1811 1812 1813 1814 7 1815 1816 -1
146: 245 4 7 1820 89 1821 12 1 28 11 142 1822 1823 130 1824 1602 1605 1825 888 -1
147: 1 -1
148: -1
149: 567 576 1678 89 1043 688 4 1833 1812 1834 245 1835 19 1836 1610 648 1837 1838 1839 0 34 1614 95 1645 1840 668 6 1680 337 1841 1842 8 1843 7 11 142 1844 1845 1846 1847 1652 14 1848 1849 73 1850 1851 82 367 1852 1853 1854 1855 1856 1857 1858 1859 1860 1861 585 594 -1
150: 1862 1863 -1
151: 143 0 1803 -1
152: -1
153: -1
154: -1
155: 1865 -1
156: -1
157: -1
158: 1869 89 1871 -1
159: 315 -1
160: -1
161: 1930 1931 -1
162: 1813 1932 1694 1933 1934 1935 1936 1937 1938 1939 1940 1941 -1
163: -1
164: 1945 -1
165: -1
166: 142 47 -1
167: 28 -1
168: 19 43 -1
169: 32 2 1652 0 1 23 -1
170: 19 -1
171: 19 -1
172: 19 -1
173: 19 -1
174: 0 803 -1
175: 0 -1
176: 955 956 801 0 1 245 17 32 4 1549 -1
177: 0 -1
178: 19 -1
179: 0 -1
180: 0 -1
181: 0 -1
182: 142 -1
183: 19 -1
184: 0 1585 -1
185: 1843 223 142 -1
186: 859 0 -1
187: 1240 -1
188: 19 -1
189: -1
190: 19 -1
191: 0 -1
192: 79 0 -1
193: 1 1585 -1
194: 45 16 1 121 19 24 1808 21 4 5 127 115 7 -1
195: 10 1 6 1646 -1
196: 1 100 -1
197: 1879 1 -1
198: 1838 8 1 12 14 24 1199 1839 668 21 -1
199: 1696 1309 1 -1
200: 668 26 1 -1
201: 1 8 33 -1
202: 1 -1
203: 1 8 1636 -1
204: 1 -1
205: 119 1723 62 34 1845 1205 73 1656 134 74 39 420 1660 1655 163 1078 1231 1662 70 95 1058 157 1618 1297 87 26 1663 69 668 120 1665 66 1080 1617 84 981 1079 521 391 557 15 82 1584 1652 1657 94 2 1671 8 1 1304 1620 -1
206: 1143 1 8 2 1652 14 65 108 1663 70 34 74 95 52 55 66 668 42 1603 -1
207: 8 1 5 25 -1
208: 1 -1
209: 2 1 87 108 8 1655 1054 32 1667 7 -1
210: 1 -1
211: 1 -1
212: 1 1016 -1
213: 1495 1 0 559 245 4 7 -1
214: 1 -1
215: 1283 0 1 802 654 -1
216: 1 838 668 -1
217: 1 8 58 91 30 138 0 51 37 47 989 838 -1
218: 1504 -1
219: 688 1 58 -1
220: 668 8 1 1813 245 32 535 -1
221: 1 1615 1845 -1
222: 1 -1
223: 50 0 1 245 859 806 41 1608 142 1605 51 111 19 -1
224: 1 -1
225: 1 -1
226: 101 6 702 8 39 1 27 164 50 801 47 9 0 -1
227: 1 12 11 -1
228: 66 39 87 1297 34 95 2 13 -1
229: 2 -1
230: 2 -1
231: 1 8 58 2 1686 30 91 6 33 65 0 13 53 51 37 47 989 121 1693 1694 1812 1810 1016 1557 -1
232: 39 70 1297 1315 105 542 2 246 -1
233: 982 -1
234: 2 -1
235: 2 56 34 1297 1659 103 134 1663 -1
236: 228 66 2 105 1502 -1
237: 2 87 542 105 1 1205 39 -1
238: 2 1079 -1
239: 2 108 1 1671 -1
240: 87 2 13 -1
241: 2 424 -1
242: 1694 1809 7 1016 8 1812 1 58 2 35 65 1699 1686 1838 0 -1
243: -1
244: 1 8 419 2 668 511 245 -1
245: -1
246: -1
247: 141 -1
248: -1
249: 141 -1
250: -1
251: -1
252: -1
253: -1
254: -1
255: -1
256: 141 -1
257: 141 -1
258: 141 -1
259: 141 -1
260: 141 -1
261: 246 111 -1
262: 141 -1
263: 141 -1
264: 11 0 245 -1
265: 0 142 245 -1
266: 141 -1
267: 245 142 0 1 50 73 -1
268: 245 668 17 4 1871 -1
269: 142 111 1604 1605 10 19 1610 245 1 0 16 86 4 668 28 1507 7 -1
270: 141 -1
271: 141 -1
272: 1368 0 1 11 43 19 41 1602 111 142 1610 51 1605 245 4 1549 7 1546 -1
273: 2 8 1 1652 26 13 3 87 4 7 1549 70 10 1603 -1
274: 141 -1
275: 246 1657 3 -1
276: 246 -1
277: -1
278: -1
279: -1
280: -1
281: -1
282: -1
283: -1
284: -1
285: -1
286: -1
287: -1
288: 4 -1
289: 6 4 14 668 16 53 -1
290: 4 -1
291: 12 4 7 -1
292: 24 1016 121 1812 1694 111 1841 1811 1699 1 8 1691 4 0 859 83 534 142 51 1608 1603 806 42 53 552 -1
293: 421 42 4 72 419 1 8 -1
294: 4 1 -1
295: 32 4 66 7 1549 245 261 108 70 87 24 1603 2 1 888 -1
296: 138 668 4 -1
297: 141 -1
298: 21 1546 4 1636 3 -1
299: 4 7 -1
300: 1 0 54 32 1240 4 7 1549 -1
301: 4 -1
302: 4 1130 -1
303: 1 2 7 33 0 -1
304: 141 -1
305: 1664 2 8 1 958 4 -1
306: 1585 1226 1621 4 246 -1
307: 245 668 17 4 1871 -1
308: 0 142 992 51 245 474 5 1 1652 1842 86 668 65 513 4 1833 1549 888 -1
309: 1128 82 1856 4 18 7 1834 51 1 8 0 -1
310: 19 1811 1 42 1620 7 4 -1
311: 448 21 4 -1
312: 1 8 13 2 32 1657 55 4 -1
313: 1 1808 4 1812 -1
314: 1 6 1646 164 10 0 8 7 53 4 -1
315: 982 -1
316: 315 -1
317: 315 -1
318: 315 -1
319: 315 -1
320: 315 -1
321: 315 -1
322: 315 -1
323: 315 -1
324: 315 -1
325: 315 -1
326: 315 -1
327: 315 -1
328: 315 -1
329: 315 -1
330: 315 -1
331: 315 -1
332: 315 -1
333: 315 -1
334: 315 -1
335: 315 -1
336: 1855 1690 129 1699 1691 8 1 65 33 37 1808 5 14 1004 47 12 985 -1
337: 1634 958 5 18 559 2 1 407 7 32 26 -1
338: 21 5 -1
339: 1257 1258 1259 -1
340: 315 -1
341: 315 -1
342: 958 0 19 51 142 1 802 24 18 5 1605 -1
343: 245 668 36 5 1839 -1
344: 5 1 65 -1
345: 315 -1
346: 315 -1
347: 138 668 157 1585 5 -1
348: 138 668 157 1585 5 -1
349: 21 5 -1
350: 1 20 8 26 2 13 39 65 91 30 129 58 33 1686 35 0 6 14 16 138 38 27 104 668 72 1842 511 7 47 245 5 42 1549 18 82 419 61 1811 24 1694 1016 19 36 420 25 1285 -1
351: 21 5 -1
352: 1585 6 -1
353: 1585 6 -1
354: 1645 1585 6 -1
355: 1585 6 -1
356: 1585 6 -1
357: 6 1585 -1
358: 1645 6 -1
359: 6 105 1845 1585 1205 -1
360: 6 668 1085 1585 -1
361: 95 1 2 13 26 16 14 6 -1
362: 6 1585 -1
363: 6 28 -1
364: 1 6 -1
365: 1585 6 -1
366: 6 -1
367: 1478 1811 24 1812 1646 6 1 958 10 -1
368: 1 8 20 0 16 138 6 91 2 58 196 1699 35 27 162 65 33 14 13 1505 804 43 668 19 41 1614 111 142 1610 1605 51 10 1604 7 -1
369: 1143 1221 6 30 2 8 39 1 27 11 65 13 14 24 0 -1
370: 6 -1
371: 6 1585 1205 -1
372: 1 0 6 -1
373: 6 -1
374: 1645 1585 -1
375: 101 69 87 6 702 2 8 39 1 27 164 84 50 801 47 13 9 0 -1
376: 1585 6 -1
377: 6 164 -1
378: 6 690 -1
379: 1585 6 -1
380: 1257 1258 1259 -1
381: 101 6 702 8 39 1 27 164 50 801 47 9 0 -1
382: 6 1205 -1
383: 6 -1
384: 1585 6 -1
385: 1645 1585 -1
386: 6 1585 -1
387: -1
388: -1
389: 1845 668 0 1585 -1
390: 7 32 -1
391: -1
392: 1 8 0 629 -1
393: 70 161 69 95 62 155 34 87 26 1659 1663 8 134 163 84 1665 52 1666 110 103 165 73 1079 55 1669 665 1630 1631 -1
394: 1813 35 8 1 -1
395: 8 1 418 -1
396: 1 8 129 37 24 33 -1
397: 1 65 2 8 0 47 16 14 45 -1
398: 87 1 8 -1
399: 11 0 142 8 -1
400: 1 8 137 111 1608 51 0 -1
401: 1695 1026 1304 1620 246 66 1205 8 1 -1
402: 1 8 2 1652 108 73 1663 34 74 70 95 52 55 66 87 -1
403: 1 8 68 1808 1812 -1
404: 1 8 0 121 1808 1809 1694 1810 1811 1812 1847 -1
405: 1849 145 1 8 0 58 30 138 33 91 26 1847 1813 1694 1809 1811 1812 121 24 1016 -1
406: 8 1 1553 -1
407: 2 108 8 1 1663 1664 153 87 69 62 112 110 74 1856 1655 157 1657 34 1662 70 120 136 1668 95 56 1656 1658 1297 1659 103 1845 134 1078 39 52 161 55 132 1660 1723 84 119 155 82 66 1669 80 64 152 107 1652 26 337 1673 13 154 1058 1674 1675 72 1842 261 127 5 32 1549 4 245 53 7 1603 1640 -1
408: 8 -1
409: 2 8 1 13 1652 22 152 -1
410: 8 288 -1
411: 1 8 -1
412: 1 8 58 91 30 138 0 51 37 47 989 838 -1
413: 1 13 0 14 47 30 527 8 246 991 989 1557 128 1698 987 24 23 53 1004 988 -1
414: 8 -1
415: 1652 1674 1165 1 8 -1
416: 1 8 58 91 30 138 0 51 37 47 989 838 -1
417: 1257 1258 1259 -1
418: 100 8 668 511 65 648 690 24 2 34 420 1859 1856 1667 26 1657 157 1673 69 1291 39 73 55 70 95 161 1603 1076 1652 1842 13 154 58 1834 688 1043 1837 144 987 1557 991 1272 1838 1128 1861 91 30 162 33 36 7 1699 128 1854 1691 1802 25 -1
419: -1
420: -1
421: 1652 -1
422: 426 -1
423: 1652 1842 -1
424: -1
425: 72 -1
426: 421 423 422 -1
427: 419 424 -1
428: 419 -1
429: 72 1842 -1
430: 1257 1258 1259 -1
431: 25 1285 -1
432: -1
433: 10 -1
434: -1
435: 1822 28 -1
436: 43 1604 1606 19 1843 28 142 993 1605 51 804 10 50 63 1845 1811 -1
437: 1283 10 654 -1
438: 17 -1
439: 0 1 558 19 24 1811 111 10 142 -1
440: 28 -1
441: 1606 10 -1
442: 142 19 -1
443: 1822 28 -1
444: 1620 10 -1
445: 1606 10 1605 1608 63 -1
446: 1143 1221 668 19 41 1614 142 1610 1605 1607 98 77 993 1608 1603 10 1834 -1
447: 1509 0 142 1507 10 19 111 888 -1
448: 19 -1
449: 11 0 -1
450: 11 -1
451: 11 -1
452: 28 11 17 -1
453: 11 0 -1
454: 246 245 28 111 -1
455: 142 111 28 -1
456: 11 559 0 245 142 1823 -1
457: 11 0 -1
458: 12 11 -1
459: 11 0 -1
460: 142 111 742 -1
461: 802 -1
462: 11 0 -1
463: 11 -1
464: 0 1 11 1620 1350 532 -1
465: 11 989 37 -1
466: 11 49 -1
467: 11 -1
468: 0 1 2 11 13 22 14 30 93 243 64 34 81 70 87 102 73 107 112 136 124 117 62 132 56 153 1130 -1
469: 153 107 87 117 22 30 34 124 2 56 64 93 1 73 59 11 1710 1845 70 81 243 112 102 136 13 14 0 62 82 468 1630 1631 -1
470: 0 434 559 1 668 11 8 6 43 19 41 1602 111 142 1610 51 1605 245 4 1549 7 127 1694 432 24 1016 -1
471: 11 -1
472: 11 -1
473: 277 278 1 8 0 138 16 20 39 2 1652 11 1694 19 51 668 1834 246 515 50 859 1837 1833 83 118 1821 1842 42 1546 127 68 1831 1636 1550 -1
474: 6 1645 1646 1647 1848 511 10 1611 0 245 1613 17 1273 1678 1843 1836 1228 73 668 702 50 1835 1821 859 5 28 1518 534 565 1680 1240 1546 83 1606 432 111 41 142 98 1608 51 1605 804 864 420 935 1593 1853 993 527 37 128 459 11 1507 -1
475: 11 -1
476: -1
477: -1
478: -1
479: -1
480: 0 -1
481: -1
482: -1
483: 156 48 -1
484: 19 -1
485: 19 -1
486: 19 -1
487: 142 -1
488: 142 -1
489: -1
490: 142 476 478 479 -1
491: -1
492: 1257 1258 1259 -1
493: 1298 34 70 87 94 119 13 2 -1
494: 34 13 62 120 1723 1845 95 1130 1131 -1
495: 95 119 -1
496: 66 39 87 1297 34 95 1662 2 26 13 -1
497: 2 1 -1
498: 1 8 2 13 -1
499: 1 8 2 13 56 1664 64 62 70 119 87 1603 42 32 1549 -1
500: 1812 121 1694 1016 1809 1811 1 30 2 91 35 58 4 1652 104 1699 162 59 26 33 13 -1
501: 1205 2 13 26 95 -1
502: 150 1833 1664 157 2 13 8 1 42 245 -1
503: 1723 87 119 95 74 -1
504: 1 8 2 13 1652 62 7 1603 1723 119 18 89 1043 -1
505: 34 1723 95 1845 120 13 62 494 1630 1631 -1
506: 8 2 91 35 1699 1652 162 58 196 26 65 33 -1
507: 95 119 -1
508: 34 62 1723 95 1845 120 13 -1
509: 1723 87 119 95 74 -1
510: 1 13 -1
511: 65 10 14 36 668 1128 802 654 -1
512: -1
513: -1
514: 1585 1205 14 -1
515: 542 1 14 -1
516: 14 -1
517: -1
518: 14 -1
519: 14 -1
520: -1
521: 1 14 -1
522: 1845 14 1553 -1
523: 1845 14 -1
524: -1
525: 14 -1
526: 993 -1
527: 78 993 -1
528: 98 993 51 78 -1
529: 802 1 993 -1
530: 62 993 39 34 1681 -1
531: 993 -1
532: 641 511 62 121 43 1604 420 1614 1612 668 1606 19 1809 41 419 1693 1694 1822 30 951 432 1860 1615 78 1812 1843 1602 111 1811 142 46 1610 993 77 1605 1557 1846 48 24 98 804 859 10 97 1611 51 1603 1608 1016 61 63 73 838 1808 -1
533: 993 -1
534: 142 993 0 1 -1
535: 1 8 0 6 86 14 2 30 16 47 65 690 992 37 1016 24 1694 43 1603 142 993 1608 98 51 10 245 802 42 5 78 -1
536: 993 -1
537: 1257 1258 1259 -1
538: 246 802 1835 37 993 47 992 -1
539: 43 1604 1612 1606 19 41 1615 1614 1610 77 1605 1609 1607 97 10 15 88 1611 1603 1608 63 1613 1624 1625 1626 1627 1628 1629 123 1630 1631 -1
540: 1623 993 78 -1
541: 21 8 51 37 78 1 53 993 98 -1
542: -1
543: 245 16 -1
544: 16 105 -1
545: 16 1 20 -1
546: 33 1845 1 8 58 65 30 1686 16 91 133 1837 -1
547: 14 0 8 2 6 -1
548: 1257 1258 1259 -1
549: 20 16 118 49 866 1226 45 204 14 517 524 1654 512 -1
550: 1845 73 62 668 542 1226 94 45 16 20 1 -1
551: 16 204 45 1 -1
552: 1 16 6 1686 91 2 8 35 58 129 14 20 65 33 0 -1
553: 1 20 16 -1
554: 16 -1
555: 1226 4 1549 1842 127 1 16 45 51 142 43 1620 -1
556: 542 1226 -1
557: 50 0 17 1 21 -1
558: 0 563 28 17 1676 111 905 166 -1
559: -1
560: 245 668 17 4 1871 -1
561: 17 -1
562: 19 17 -1
563: 17 -1
564: 1546 -1
565: 0 17 -1
566: 1853 -1
567: -1
568: 567 -1
569: 567 576 585 594 -1
570: 567 576 585 594 -1
571: 567 576 585 594 -1
572: 567 576 585 594 -1
573: 567 576 579 585 594 -1
574: 567 576 585 594 -1
575: 567 576 585 594 -1
576: -1
577: 1853 576 -1
578: 576 -1
579: -1
580: -1
581: 141 -1
582: 141 -1
583: 141 -1
584: -1
585: -1
586: 567 576 -1
587: 567 576 -1
588: 567 576 -1
589: 567 576 -1
590: 567 576 -1
591: 567 576 -1
592: 567 576 -1
593: 567 576 -1
594: -1
595: 567 576 -1
596: 567 576 -1
597: 567 576 585 594 -1
598: 567 576 -1
599: 567 576 -1
600: -1
601: -1
602: 1856 1845 141 1447 19 1309 94 420 1620 -1
603: 19 -1
604: 19 -1
605: 19 -1
606: 19 -1
607: 19 -1
608: 19 -1
609: 1657 19 557 1585 -1
610: 19 -1
611: 19 -1
612: 19 -1
613: 19 48 -1
614: 19 -1
615: 19 -1
616: 141 -1
617: 315 -1
618: 1657 19 557 1585 -1
619: 19 -1
620: 19 -1
621: 19 -1
622: 19 -1
623: 19 -1
624: 19 -1
625: 19 1561 -1
626: 19 -1
627: 19 -1
628: 424 -1
629: -1
630: 20 -1
631: 542 20 -1
632: 35 20 101 8 -1
633: 1 802 8 245 14 36 1652 668 204 77 45 42 1549 49 -1
634: 35 20 -1
635: 1 58 2 35 1699 33 26 1652 4 8 0 6 138 20 91 104 162 -1
636: 20 -1
637: 887 2 1 8 20 1652 34 36 245 32 -1
638: 639 1553 -1
639: 1553 -1
640: -1
641: 1283 10 87 654 -1
642: 641 1 93 1695 20 100 1831 2 -1
643: 38 -1
644: 668 -1
645: 864 -1
646: 73 93 0 21 -1
647: 48 702 0 1 559 21 246 7 1608 24 -1
648: 149 21 -1
649: 2 8 1 65 0 245 42 21 -1
650: 12 21 41 -1
651: 21 -1
652: 0 21 1507 -1
653: 0 1 -1
654: 511 641 215 -1
655: 21 5 -1
656: 21 -1
657: -1
658: -1
659: 1257 1258 1259 -1
660: 148 48 22 143 1680 66 1078 80 118 1240 151 115 69 95 72 1842 34 73 156 154 137 120 1506 86 83 150 144 152 1130 -1
661: 22 -1
662: 1240 86 95 1165 120 80 22 137 73 1680 154 115 72 1842 143 151 66 156 1856 34 83 1217 1506 150 118 1509 48 69 1495 144 152 1078 148 660 1630 1631 -1
663: 1657 26 420 22 -1
664: 1657 26 420 -1
665: 8 95 87 62 34 1669 161 69 1665 84 103 70 52 55 155 110 134 1659 157 165 1666 1663 73 163 1130 -1
666: 315 -1
667: 26 -1
668: 7 -1
669: 23 -1
670: 23 1879 -1
671: 59 1297 668 23 87 -1
672: 1297 23 87 -1
673: 36 1 8 0 27 14 30 -1
674: 23 -1
675: 189 1 246 1835 552 806 23 -1
676: 23 -1
677: 24 1 8 245 23 -1
678: 24 -1
679: 24 0 -1
680: 24 1845 -1
681: 65 24 -1
682: 121 1809 1812 1016 1694 24 -1
683: 24 -1
684: 121 1809 1812 1016 1694 24 -1
685: 121 1809 1812 1016 1694 24 -1
686: 19 1693 420 1694 432 1812 111 1557 24 1016 838 -1
687: 315 -1
688: 1016 -1
689: 1694 1812 1811 24 -1
690: -1
691: 0 1 142 19 24 -1
692: 24 -1
693: 0 246 1 802 142 24 1823 19 1811 86 -1
694: 1694 1812 111 24 1016 73 1625 1626 1627 1629 700 -1
695: 121 1809 1694 1812 1811 24 1557 1016 1693 -1
696: 24 -1
697: 19 1694 1812 24 1016 -1
698: 24 19 111 121 -1
699: 0 24 1652 888 -1
700: 111 1812 1694 24 1016 73 1130 -1
701: 121 1809 1812 1016 1694 24 -1
702: 0 246 806 7 24 48 19 -1
703: 65 24 424 -1
704: 98 24 -1
705: 121 1809 1812 1016 1694 24 -1
706: 61 24 1694 -1
707: -1
708: -1
709: 1272 117 1285 -1
710: 25 -1
711: 73 25 -1
712: 1 117 1845 25 -1
713: 25 1130 -1
714: 62 25 34 -1
715: 25 -1
716: 25 -1
717: 25 713 1630 1631 -1
718: 58 1272 25 -1
719: 157 246 1620 25 73 -1
720: 26 -1
721: 87 66 1297 34 26 -1
722: 120 134 87 26 62 -1
723: 70 87 66 1297 34 26 -1
724: 27 -1
725: 27 1130 -1
726: 27 -1
727: 1257 1258 1259 -1
728: 27 94 -1
729: 27 -1
730: 27 -1
731: 27 -1
732: 6 8 39 1 27 164 50 801 47 989 0 -1
733: 668 157 27 -1
734: 27 -1
735: 27 -1
736: 27 1629 725 -1
737: 27 -1
738: 27 -1
739: -1
740: -1
741: 982 -1
742: -1
743: 28 740 166 901 -1
744: 1813 28 -1
745: 1813 28 -1
746: 28 -1
747: 1813 28 -1
748: 739 -1
749: -1
750: 141 1585 19 28 94 -1
751: 749 28 -1
752: 19 10 28 111 142 1860 1606 1843 43 -1
753: 0 28 -1
754: -1
755: 29 -1
756: 29 -1
757: 29 -1
758: 73 87 70 1660 1297 1584 119 62 82 1618 668 1 32 65 100 989 144 2 29 0 37 246 5 614 53 43 1693 1614 78 142 1605 1557 98 1608 1611 121 1694 1812 51 24 1016 1673 1307 -1
759: 1812 -1
760: 388 1619 -1
761: 1 30 -1
762: 1712 -1
763: 60 -1
764: 123 -1
765: 1 688 89 7 -1
766: 51 10 142 1603 -1
767: 30 770 764 1712 -1
768: 249 -1
769: 1229 -1
770: -1
771: 30 -1
772: 127 -1
773: 31 -1
774: 31 -1
775: 31 -1
776: -1
777: 31 -1
778: 31 -1
779: 1811 31 -1
780: 31 -1
781: 31 -1
782: 31 -1
783: 31 -1
784: 31 -1
785: 31 1811 -1
786: 31 -1
787: 31 53 -1
788: 776 -1
789: 1811 31 79 -1
790: 1811 31 -1
791: 1 31 0 1694 1016 24 -1
792: 31 -1
793: 1 31 -1
794: 31 -1
795: 31 1811 -1
796: 1 31 1811 -1
797: 31 -1
798: 1 31 58 776 1809 -1
799: 31 -1
800: 138 892 101 104 31 6 14 870 0 -1
801: 1 0 32 98 -1
802: 638 639 -1
803: 1283 802 32 654 -1
804: 1509 32 115 0 -1
805: 246 7 32 54 -1
806: 559 641 0 -1
807: 1 8 2 70 668 32 -1
808: 2 1 87 108 8 32 7 -1
809: 1283 654 806 638 639 -1
810: -1
811: -1
812: 33 201 -1
813: 35 33 1 105 -1
814: 33 -1
815: 33 -1
816: 810 -1
817: 33 542 -1
818: 33 -1
819: 33 201 1845 -1
820: 33 -1
821: 810 -1
822: 33 1630 1631 -1
823: -1
824: 823 -1
825: 120 66 95 1660 39 70 119 420 1656 1205 74 84 34 87 163 1652 62 1298 1723 1657 1297 134 1616 1662 -1
826: 35 -1
827: 1657 84 1297 51 420 35 -1
828: 35 -1
829: 35 -1
830: 35 1813 -1
831: 35 -1
832: 35 -1
833: 35 -1
834: 830 35 -1
835: 93 35 105 -1
836: 838 35 -1
837: 35 -1
838: 35 1813 -1
839: 35 -1
840: 35 -1
841: 94 35 1821 668 47 1845 96 -1
842: 1941 162 1937 35 1 -1
843: 35 -1
844: 1 8 35 -1
845: 35 -1
846: 854 830 829 35 1272 848 1630 1631 -1
847: 35 -1
848: 35 1813 -1
849: 35 1085 1330 -1
850: 1085 1095 1272 1168 96 1 8 35 830 1205 105 -1
851: 838 35 -1
852: 1 8 35 -1
853: 35 1272 829 854 848 830 -1
854: 1095 1813 -1
855: 35 1016 1813 -1
856: 35 -1
857: 1 47 36 -1
858: 668 -1
859: 50 0 245 36 -1
860: 688 -1
861: 0 1 559 1821 36 -1
862: 668 36 -1
863: 36 1845 -1
864: 37 -1
865: 37 801 223 47 -1
866: 37 -1
867: 141 -1
868: 157 94 37 1621 1673 -1
869: 1143 1221 90 1226 80 1855 1835 1833 37 1506 50 1839 801 1837 47 38 992 69 989 9 1845 1043 -1
870: 424 982 1 -1
871: 39 1130 -1
872: 70 95 74 1723 82 39 -1
873: 34 1656 39 62 -1
874: 39 871 -1
875: 39 -1
876: -1
877: -1
878: 877 40 1231 -1
879: 40 1863 -1
880: 877 -1
881: 1257 1258 1259 -1
882: 142 43 41 1608 1812 111 1605 19 -1
883: 1557 121 -1
884: 51 41 94 448 1660 1380 -1
885: 19 43 41 142 1823 -1
886: 142 19 10 41 111 -1
887: 42 -1
888: 141 -1
889: 887 -1
890: 887 -1
891: 42 -1
892: 1813 42 -1
893: 42 -1
894: 189 1 246 1835 552 806 23 42 -1
895: -1
896: 19 43 -1
897: 142 43 -1
898: 1853 679 859 43 223 557 -1
899: 43 -1
900: 19 43 -1
901: 19 43 1378 1 -1
902: 19 43 -1
903: 43 -1
904: 111 43 -1
905: 142 43 -1
906: 19 43 -1
907: 19 10 142 28 111 46 1606 1550 432 43 -1
908: 19 1823 28 142 111 1860 1606 1550 43 -1
909: 19 10 28 142 111 1843 1860 1606 477 432 43 -1
910: 19 43 -1
911: -1
912: -1
913: 141 -1
914: 141 -1
915: -1
916: 141 -1
917: 141 -1
918: -1
919: -1
920: -1
921: 911 245 1620 912 913 914 915 920 -1
922: 45 -1
923: 118 45 -1
924: 45 16 1 -1
925: 1257 1258 1259 -1
926: 46 -1
927: 46 -1
928: 46 -1
929: 46 -1
930: 46 -1
931: -1
932: 46 -1
933: 931 -1
934: 73 -1
935: 1 0 47 -1
936: 47 -1
937: -1
938: -1
939: -1
940: -1
941: -1
942: -1
943: 48 -1
944: -1
945: -1
946: 992 -1
947: 157 992 -1
948: 157 992 -1
949: -1
950: 420 -1
951: -1
952: 1835 49 1549 1130 -1
953: 1 -1
954: 1835 49 1861 1549 952 1630 1631 -1
955: -1
956: -1
957: -1
958: -1
959: -1
960: -1
961: 955 557 -1
962: 955 -1
963: 955 -1
964: 955 -1
965: 955 -1
966: 955 -1
967: 955 -1
968: 955 -1
969: 50 115 -1
970: 955 -1
971: 955 -1
972: 955 -1
973: 955 1853 -1
974: 955 -1
975: 955 -1
976: 1 51 1811 776 79 -1
977: 6 1687 144 688 989 -1
978: 1603 87 51 -1
979: 1 -1
980: -1
981: -1
982: -1
983: -1
984: 34 39 120 74 52 95 163 1655 981 62 134 -1
985: -1
986: -1
987: -1
988: -1
989: 876 877 -1
990: -1
991: -1
992: 0 489 937 245 901 166 940 939 19 941 944 945 -1
993: -1
994: 246 94 1 0 -1
995: 53 -1
996: 668 1645 53 -1
997: 1309 53 1695 -1
998: 0 53 -1
999: 1328 53 1205 -1
1000: 53 1205 -1
1001: 53 -1
1002: 53 -1
1003: 53 -1
1004: -1
1005: 754 1872 53 -1
1006: 657 53 -1
1007: 1309 53 1695 -1
1008: 1723 73 34 53 1000 1585 62 -1
1009: 157 95 1845 420 34 55 -1
1010: 1143 1221 70 861 55 -1
1011: 70 420 34 1297 55 391 -1
1012: 1662 1845 87 95 62 1657 34 1655 1297 55 -1
1013: 1658 34 1656 1297 56 2 1 95 1603 418 7 -1
1014: 982 1015 -1
1015: -1
1016: -1
1017: 1695 246 1689 58 -1
1018: 58 -1
1019: 1015 1694 -1
1020: 1015 1812 -1
1021: 1015 1016 -1
1022: 1015 1694 -1
1023: 1015 1809 -1
1024: 1015 121 -1
1025: 58 4 -1
1026: -1
1027: 1 58 -1
1028: 91 58 -1
1029: 1015 121 -1
1030: 1015 121 -1
1031: 1687 688 1038 1630 1631 -1
1032: 58 105 -1
1033: 1 58 -1
1034: 58 -1
1035: 1015 1812 -1
1036: 1695 1689 94 1380 58 1043 -1
1037: 1695 58 1557 688 -1
1038: 688 1687 1131 -1
1039: 58 -1
1040: 58 1130 -1
1041: 58 1 -1
1042: 58 -1
1043: 58 -1
1044: 1015 121 -1
1045: 1015 1694 -1
1046: 1 8 58 121 1558 -1
1047: 58 -1
1048: -1
1049: 60 -1
1050: 19 60 -1
1051: 60 -1
1052: 0 1 60 -1
1053: 60 -1
1054: 60 -1
1055: -1
1056: 1845 26 39 73 61 -1
1057: 61 -1
1058: 61 -1
1059: 1656 61 -1
1060: 1845 26 39 73 61 -1
1061: 1652 1058 1 1165 72 61 24 71 92 -1
1062: 61 420 -1
1063: 34 1931 -1
1064: 62 70 1663 1130 -1
1065: 63 -1
1066: 424 -1
1067: 65 -1
1068: 134 754 668 690 65 -1
1069: 245 246 1621 1205 1 65 -1
1070: 690 -1
1071: 65 1845 -1
1072: 65 -1
1073: 8 1 65 1205 -1
1074: 690 -1
1075: 1205 66 119 391 420 1077 1630 1631 -1
1076: -1
1077: 66 119 391 1130 -1
1078: 2 1080 87 -1
1079: -1
1080: -1
1081: 34 -1
1082: -1
1083: -1
1084: -1
1085: -1
1086: -1
1087: -1
1088: -1
1089: -1
1090: 1082 1083 1084 1085 1086 1087 1088 1089 1813 -1
1091: 1082 -1
1092: 68 73 96 -1
1093: 68 73 96 -1
1094: 1168 1845 96 68 1585 -1
1095: 35 -1
1096: -1
1097: -1
1098: 87 -1
1099: 941 1 8 2 1667 -1
1100: -1
1101: 1100 -1
1102: 1100 -1
1103: 1100 -1
1104: 1100 -1
1105: 1100 -1
1106: 1100 -1
1107: 1100 -1
1108: 1100 -1
1109: 1100 -1
1110: 1100 -1
1111: 1100 -1
1112: 1100 -1
1113: 1100 -1
1114: 1100 -1
1115: 1100 -1
1116: 1100 -1
1117: 1100 -1
1118: 1100 -1
1119: 1100 -1
1120: 1100 -1
1121: 1100 -1
1122: 1100 -1
1123: 1100 -1
1124: 1131 1130 -1
1125: 1131 1130 -1
1126: 657 -1
1127: -1
1128: 1636 -1
1129: -1
1130: -1
1131: -1
1132: -1
1133: 1130 -1
1134: 48 76 1130 -1
1135: 157 1130 -1
1136: 1130 1131 -1
1137: 1130 -1
1138: 1130 -1
1139: 1130 1131 -1
1140: 424 -1
1141: 1656 66 557 1660 157 39 1662 1652 1058 1165 72 1842 -1
1142: 1656 -1
1143: -1
1144: 73 -1
1145: 73 -1
1146: -1
1147: 1143 -1
1148: 1143 -1
1149: 1143 -1
1150: 1143 -1
1151: 1143 -1
1152: 1143 -1
1153: 1143 -1
1154: 1143 -1
1155: 1143 -1
1156: 1143 -1
1157: 134 26 1663 34 95 1304 70 1662 1665 1845 1231 87 62 73 1723 -1
1158: 55 52 73 70 2 26 13 1 -1
1159: 1723 -1
1160: 1257 1258 1259 -1
1161: 119 1309 1303 157 1301 75 -1
1162: 75 -1
1163: 75 39 668 -1
1164: 1585 -1
1165: -1
1166: 668 75 1307 1447 1501 1309 1328 119 -1
1167: 75 -1
1168: -1
1169: 75 -1
1170: 1272 75 1095 96 830 1085 -1
1171: 75 -1
1172: 1444 1696 87 75 1501 245 -1
1173: 75 -1
1174: 75 96 668 420 1673 1553 -1
1175: 75 -1
1176: 1444 1696 87 1501 75 481 245 1307 658 657 -1
1177: 119 1309 134 1303 157 1301 75 -1
1178: 75 1307 -1
1179: 75 -1
1180: 119 1309 1303 157 1301 75 -1
1181: 75 668 -1
1182: 75 -1
1183: 245 1444 1850 75 -1
1184: 75 -1
1185: 75 -1
1186: 75 1307 1810 -1
1187: 75 -1
1188: 75 1723 -1
1189: 75 73 157 -1
1190: 75 -1
1191: 94 34 1655 75 -1
1192: 75 -1
1193: 75 -1
1194: 75 -1
1195: 1167 75 -1
1196: 95 75 1630 1631 -1
1197: 75 -1
1198: 48 76 1134 1630 1631 -1
1199: -1
1200: 115 77 -1
1201: 77 1130 -1
1202: 100 77 -1
1203: 77 1201 1630 1631 -1
1204: 79 -1
1205: -1
1206: 1205 -1
1207: 1205 -1
1208: 1205 -1
1209: 1205 -1
1210: 1205 -1
1211: 1205 -1
1212: 1205 -1
1213: 2 1 82 1723 10 -1
1214: 1603 -1
1215: 1 2 82 1652 -1
1216: 89 -1
1217: -1
1218: 83 -1
1219: 2 70 39 -1
1220: 2 -1
1221: -1
1222: 1143 1221 1223 -1
1223: -1
1224: -1
1225: 1143 1221 -1
1226: -1
1227: -1
1228: 1230 1231 1232 1233 1234 -1
1229: -1
1230: -1
1231: -1
1232: -1
1233: 89 0 142 -1
1234: 89 -1
1235: 491 1131 -1
1236: 89 -1
1237: 89 -1
1238: 89 424 -1
1239: -1
1240: 1495 1 0 559 245 4 7 -1
1241: 73 90 1845 245 -1
1242: 90 -1
1243: 1823 90 -1
1244: 141 -1
1245: 315 -1
1246: 90 565 -1
1247: -1
1248: 91 -1
1249: 91 1 -1
1250: 91 -1
1251: 91 -1
1252: 91 -1
1253: 91 1130 -1
1254: 91 -1
1255: 91 1253 -1
1256: 91 -1
1257: -1
1258: -1
1259: -1
1260: 92 -1
1261: 1444 92 -1
1262: 245 246 247 3 248 249 141 250 251 252 253 254 255 -1
1263: 894 -1
1264: 7 -1
1265: 277 278 286 280 281 282 283 284 285 287 288 -1
1266: 0 489 434 559 12 904 -1
1267: -1
1268: -1
1269: 93 62 -1
1270: 105 93 -1
1271: 105 93 -1
1272: 93 -1
1273: -1
1274: 62 93 -1
1275: 93 -1
1276: 73 1 105 -1
1277: 8 -1
1278: 641 -1
1279: 8 -1
1280: 400 -1
1281: 542 105 -1
1282: 105 -1
1283: 94 803 809 -1
1284: 137 400 -1
1285: -1
1286: 19 111 1 0 -1
1287: -1
1288: -1
1289: -1
1290: 1335 1288 -1
1291: -1
1292: -1
1293: -1
1294: -1
1295: -1
1296: -1
1297: -1
1298: -1
1299: -1
1300: -1
1301: -1
1302: -1
1303: -1
1304: 119 -1
1305: -1
1306: -1
1307: -1
1308: -1
1309: -1
1310: -1
1311: -1
1312: -1
1313: -1
1314: -1
1315: -1
1316: -1
1317: -1
1318: -1
1319: -1
1320: -1
1321: -1
1322: -1
1323: -1
1324: -1
1325: -1
1326: -1
1327: -1
1328: -1
1329: -1
1330: -1
1331: -1
1332: -1
1333: -1
1334: -1
1335: -1
1336: -1
1337: -1
1338: 95 -1
1339: 95 1630 1631 -1
1340: -1
1341: 96 -1
1342: 96 -1
1343: 1813 -1
1344: 1095 1272 96 1085 830 94 1845 838 1318 -1
1345: 315 -1
1346: -1
1347: -1
1348: -1
1349: 97 89 -1
1350: -1
1351: 5 98 -1
1352: -1
1353: 1 100 -1
1354: 101 -1
1355: 101 -1
1356: 101 -1
1357: 982 94 11 827 101 557 -1
1358: -1
1359: 101 -1
1360: 892 857 1358 101 -1
1361: 101 -1
1362: 1 101 -1
1363: -1
1364: 1363 -1
1365: 1363 -1
1366: 1363 -1
1367: 1363 -1
1368: 1680 1853 668 48 148 -1
1369: 102 -1
1370: 1363 -1
1371: 1363 -1
1372: 1363 -1
1373: 1363 -1
1374: -1
1375: 103 -1
1376: -1
1377: 1656 1291 1658 2 103 1845 -1
1378: -1
1379: -1
1380: -1
1381: -1
1382: -1
1383: -1
1384: -1
1385: -1
1386: -1
1387: 104 47 -1
1388: 1652 104 1699 -1
1389: 391 145 1845 104 -1
1390: 104 -1
1391: 104 1130 1131 -1
1392: 1383 -1
1393: 104 1630 1631 -1
1394: 1847 391 145 1845 94 104 39 34 -1
1395: 391 -1
1396: 104 47 -1
1397: 104 73 -1
1398: 104 -1
1399: 104 84 557 -1
1400: 105 -1
1401: 105 94 -1
1402: 105 39 -1
1403: 96 1585 1380 87 -1
1404: 105 91 -1
1405: 45 105 -1
1406: 246 3 141 -1
1407: 105 -1
1408: 105 -1
1409: 105 -1
1410: 105 -1
1411: 105 -1
1412: 105 39 -1
1413: 105 -1
1414: 105 -1
1415: 105 -1
1416: 105 -1
1417: 105 -1
1418: 105 94 -1
1419: 105 -1
1420: 105 -1
1421: 105 -1
1422: 105 -1
1423: 105 -1
1424: 105 -1
1425: 105 91 -1
1426: 105 -1
1427: 105 -1
1428: 1447 -1
1429: 1447 1448 1449 1450 1451 1452 1453 -1
1430: 1447 1448 1449 1450 1451 1452 1438 1461 1463 -1
1431: 1447 1448 1449 1450 1451 1452 1438 1461 1463 -1
1432: 1447 1448 1449 1450 1451 1452 1438 1461 1463 -1
1433: 1447 1448 1449 1450 1451 1452 1438 1461 1463 -1
1434: -1
1435: 1447 1448 1449 1450 1451 1452 1438 1461 1463 -1
1436: 1438 1447 1448 1449 1450 1451 1452 1461 1463 -1
1437: 1438 1447 1448 1449 1450 1451 1452 1453 1436 1454 1461 1462 -1
1438: 1428 1429 1434 1435 1431 1430 1436 1437 1444 1445 1446 1463 -1
1439: 1428 1429 1430 1431 1432 1433 1434 1435 1436 1437 1444 1445 1446 1463 -1
1440: 1428 1429 1430 1431 1432 1433 1434 1435 1436 1437 1444 1445 1446 1463 -1
1441: 1428 1429 1430 1431 1432 1433 1434 1435 1436 1437 1444 1445 1446 1463 -1
1442: 1428 1429 1430 1431 1432 1433 1434 1435 1436 1437 1444 1445 1446 1463 -1
1443: 1428 1429 1430 1431 1432 1433 1434 1435 1436 1437 1444 1445 1446 1463 -1
1444: -1
1445: -1
1446: -1
1447: 1436 1437 1445 1446 1444 1463 -1
1448: 1436 1444 1445 1446 1463 -1
1449: 1436 1444 1445 1446 1463 -1
1450: 1436 1444 1445 1446 1463 -1
1451: 1436 1444 1445 1446 1463 -1
1452: 1436 1444 1445 1446 1463 -1
1453: 1437 1436 1444 1445 1446 1463 -1
1454: 1431 1436 1444 1445 1446 1463 -1
1455: 1428 1429 1434 1435 1431 1430 1436 1444 1445 1446 1463 -1
1456: 1437 1444 1445 1446 1463 -1
1457: 1444 1445 1446 1463 -1
1458: 1444 1445 1446 1463 -1
1459: 1428 1429 1434 1435 1431 1430 1436 1437 1444 1445 1446 1463 -1
1460: 1444 1445 1446 1463 -1
1461: 1444 1445 1446 1463 -1
1462: 1444 1445 1446 1463 -1
1463: 1447 -1
1464: 107 -1
1465: 108 -1
1466: -1
1467: -1
1468: 109 -1
1469: 109 1130 -1
1470: 109 -1
1471: 109 -1
1472: 109 -1
1473: 109 -1
1474: 109 1469 -1
1475: 109 -1
1476: 109 -1
1477: 109 -1
1478: -1
1479: 111 -1
1480: 111 -1
1481: 142 111 -1
1482: 246 73 87 1304 0 245 400 111 -1
1483: 1832 111 142 1546 -1
1484: 111 -1
1485: 111 -1
1486: 111 -1
1487: 111 -1
1488: 111 -1
1489: 142 111 -1
1490: 111 -1
1491: 111 -1
1492: 111 -1
1493: 142 111 -1
1494: 111 1493 245 -1
1495: -1
1496: 112 1497 -1
1497: 1496 -1
1498: 1447 -1
1499: 1500 -1
1500: -1
1501: -1
1502: -1
1503: -1
1504: -1
1505: 1835 -1
1506: -1
1507: -1
1508: 1507 115 1506 -1
1509: 888 -1
1510: 142 19 1507 1509 804 -1
1511: 1 115 -1
1512: 1 115 -1
1513: 166 1835 -1
1514: 1835 -1
1515: 1835 -1
1516: 115 -1
1517: 1835 -1
1518: -1
1519: 0 115 -1
1520: 0 115 -1
1521: 115 -1
1522: 115 -1
1523: 0 115 -1
1524: 1835 -1
1525: 115 -1
1526: 115 -1
1527: 1835 0 -1
1528: 1835 0 -1
1529: 1835 0 -1
1530: 1835 -1
1531: 1835 -1
1532: 1835 -1
1533: -1
1534: 115 -1
1535: 0 115 -1
1536: 115 -1
1537: 115 -1
1538: 115 -1
1539: 115 -1
1540: 115 -1
1541: 115 -1
1542: 0 -1
1543: -1
1544: -1
1545: -1
1546: -1
1547: -1
1548: -1
1549: 1636 -1
1550: 51 1 -1
1551: 115 -1
1552: 115 -1
1553: -1
1554: -1
1555: 116 1554 -1
1556: 70 117 -1
1557: 121 1558 -1
1558: -1
1559: 1015 121 -1
1560: 121 1693 1694 1812 1557 1834 1630 1631 -1
1561: 121 -1
1562: 1015 -1
1563: 1812 1694 1557 121 1693 1834 -1
1564: 121 1558 -1
1565: 1015 1557 121 -1
1566: 1574 -1
1567: 1574 -1
1568: 1574 -1
1569: 1574 -1
1570: 1574 -1
1571: 1574 -1
1572: 1574 -1
1573: 1574 -1
1574: -1
1575: 1574 15 1590 73 1583 1582 1580 1579 1584 1581 1304 -1
1576: 1574 -1
1577: 1574 -1
1578: -1
1579: -1
1580: -1
1581: -1
1582: -1
1583: 15 1593 -1
1584: -1
1585: -1
1586: 1574 -1
1587: -1
1588: 122 -1
1589: 122 -1
1590: -1
1591: 1574 -1
1592: 1574 -1
1593: 1574 -1
1594: 122 -1
1595: 122 -1
1596: 122 -1
1597: 122 1845 1590 15 73 1601 1630 1631 -1
1598: 1574 -1
1599: 1574 -1
1600: 122 73 1590 1583 1582 1584 -1
1601: 122 15 73 1845 1590 1130 1131 -1
1602: -1
1603: -1
1604: -1
1605: -1
1606: -1
1607: -1
1608: 1604 -1
1609: -1
1610: 432 -1
1611: -1
1612: 490 -1
1613: -1
1614: -1
1615: -1
1616: -1
1617: -1
1618: -1
1619: -1
1620: 94 245 668 5 1839 1 -1
1621: 1478 -1
1622: -1
1623: -1
1624: -1
1625: -1
1626: 1 0 2 3 4 8 7 9 6 5 -1
1627: 1 0 8 35 5 4 6 2 -1
1628: -1
1629: -1
1630: -1
1631: -1
1632: 141 -1
1633: 141 -1
1634: 141 -1
1635: 0 -1
1636: -1
1637: 1230 1231 1232 1233 1234 -1
1638: -1
1639: -1
1640: -1
1641: -1
1642: -1
1643: 141 -1
1644: -1
1645: 982 -1
1646: -1
1647: -1
1648: -1
1649: -1
1650: -1
1651: -1
1652: 9 -1
1653: -1
1654: -1
1655: -1
1656: 958 -1
1657: -1
1658: -1
1659: -1
1660: -1
1661: -1
1662: -1
1663: -1
1664: 2 424 -1
1665: 2 1 87 1016 -1
1666: -1
1667: -1
1668: 982 2 -1
1669: 2 -1
1670: -1
1671: -1
1672: 141 -1
1673: -1
1674: -1
1675: -1
1676: -1
1677: 1505 1507 1508 1510 1513 1514 969 1515 1516 1517 1522 1524 1525 1526 1527 1528 1529 1530 1531 1532 1200 1551 1552 1534 1536 1537 1538 1539 1540 1541 0 1545 4 21 1546 1547 1549 7 77 -1
1678: -1
1679: -1
1680: 0 -1
1681: -1
1682: 315 -1
1683: 141 -1
1684: 141 87 1585 127 12 -1
1685: 245 127 -1
1686: -1
1687: -1
1688: 657 -1
1689: -1
1690: -1
1691: -1
1692: -1
1693: -1
1694: -1
1695: -1
1696: -1
1697: 1695 -1
1698: -1
1699: 1016 1841 1 8 -1
1700: 129 1696 -1
1701: 129 -1
1702: 129 -1
1703: 129 1702 1630 1631 -1
1704: 982 -1
1705: 982 -1
1706: 982 -1
1707: 982 -1
1708: 1606 -1
1709: -1
1710: -1
1711: 315 -1
1712: -1
1713: -1
1714: -1
1715: 1723 39 134 34 119 70 -1
1716: 1714 -1
1717: 1714 -1
1718: 1714 -1
1719: 1714 -1
1720: 1714 -1
1721: 1714 -1
1722: 1714 -1
1723: 982 2 -1
1724: 141 -1
1725: -1
1726: -1
1727: -1
1728: 138 -1
1729: 668 138 -1
1730: 138 1 -1
1731: 138 1740 -1
1732: 138 1130 -1
1733: 138 -1
1734: 138 -1
1735: 138 -1
1736: 668 138 -1
1737: 138 -1
1738: 138 6 1 0 -1
1739: 138 -1
1740: 138 1 -1
1741: 138 668 157 1585 5 -1
1742: -1
1743: 1742 1100 -1
1744: 1100 -1
1745: 1742 1100 -1
1746: 1742 1100 -1
1747: 1742 1100 -1
1748: 1742 1100 -1
1749: 1742 1100 -1
1750: 1742 1100 -1
1751: 1742 1100 -1
1752: 1742 1100 -1
1753: 1742 1100 -1
1754: -1
1755: 140 -1
1756: -1
1757: 141 1533 -1
1758: 141 -1
1759: 1016 -1
1760: 1016 -1
1761: 1016 -1
1762: 1016 -1
1763: 1016 -1
1764: 1016 -1
1765: 1016 -1
1766: 1016 -1
1767: 1016 -1
1768: 1016 -1
1769: 1016 -1
1770: 1016 -1
1771: 1016 -1
1772: 1016 -1
1773: 1016 -1
1774: 1016 -1
1775: 1016 -1
1776: 1016 -1
1777: 1016 -1
1778: 1016 -1
1779: 1016 -1
1780: 1016 -1
1781: 1016 -1
1782: 1016 -1
1783: 1016 -1
1784: 1016 -1
1785: 1016 -1
1786: 1016 -1
1787: 1016 -1
1788: 1016 -1
1789: 1016 -1
1790: 1016 -1
1791: 1016 -1
1792: 1016 -1
1793: 1016 -1
1794: 1016 -1
1795: 1016 -1
1796: 1016 -1
1797: 1016 -1
1798: 1016 -1
1799: 1016 -1
1800: 1016 -1
1801: 142 10 1604 -1
1802: -1
1803: 151 -1
1804: 143 -1
1805: 1604 -1
1806: 478 -1
1807: 143 151 -1
1808: -1
1809: -1
1810: 24 -1
1811: -1
1812: -1
1813: -1
1814: -1
1815: -1
1816: 1847 -1
1817: 1847 145 -1
1818: 315 -1
1819: 145 -1
1820: -1
1821: -1
1822: -1
1823: -1
1824: -1
1825: -1
1826: 941 -1
1827: 1 -1
1828: 1830 1829 147 -1
1829: 1 1695 -1
1830: 1828 -1
1831: 147 -1
1832: -1
1833: -1
1834: -1
1835: 1505 1507 1508 1510 1513 1514 969 1515 1516 1517 1522 1524 1525 1526 1527 1528 1529 1530 1531 1532 1200 1551 1552 1534 1536 1537 1538 1539 1540 1541 0 1545 4 21 1546 1547 1549 7 77 -1
1836: 12 21 1 11 459 1678 1802 43 1608 28 19 -1
1837: -1
1838: -1
1839: -1
1840: -1
1841: -1
1842: 424 -1
1843: -1
1844: -1
1845: -1
1846: -1
1847: -1
1848: -1
1849: 1847 1813 1 -1
1850: -1
1851: -1
1852: -1
1853: -1
1854: -1
1855: -1
1856: -1
1857: -1
1858: -1
1859: -1
1860: -1
1861: -1
1862: -1
1863: -1
1864: 151 -1
1865: -1
1866: 156 -1
1867: 141 -1
1868: 24 1 0 -1
1869: 1872 -1
1870: 1869 -1
1871: -1
1872: -1
1873: 315 -1
1874: 315 -1
1875: 315 -1
1876: 315 -1
1877: 315 -1
1878: 315 -1
1879: -1
1880: 1754 -1
1881: 1754 -1
1882: 1754 -1
1883: 1754 -1
1884: 1754 -1
1885: 1754 -1
1886: 1754 -1
1887: 1754 -1
1888: 1754 -1
1889: 1754 -1
1890: 1754 -1
1891: 1754 -1
1892: 1754 -1
1893: 1754 -1
1894: 1754 -1
1895: 1754 -1
1896: 1754 -1
1897: 1754 -1
1898: 1754 -1
1899: 1754 -1
1900: 1754 -1
1901: 1754 -1
1902: 1754 -1
1903: 1754 -1
1904: 1754 -1
1905: 1754 -1
1906: 1754 -1
1907: 1754 -1
1908: 1754 -1
1909: 1845 160 1717 94 1936 1298 1585 -1
1910: 1754 -1
1911: 1754 -1
1912: 1754 -1
1913: 1754 -1
1914: 1754 -1
1915: 1754 -1
1916: 1754 -1
1917: 1754 -1
1918: 1754 -1
1919: 1754 -1
1920: 1754 -1
1921: 1754 -1
1922: 1754 -1
1923: 1754 -1
1924: 1754 -1
1925: 1754 -1
1926: 1754 -1
1927: 1754 -1
1928: 1754 -1
1929: 1620 160 -1
1930: -1
1931: -1
1932: -1
1933: -1
1934: -1
1935: -1
1936: -1
1937: -1
1938: -1
1939: -1
1940: -1
1941: -1
1942: 1937 1941 162 -1
1943: 162 1 -1
1944: 162 -1
1945: -1
1946: 164 -1
1947: 1257 1258 1259 -1
