0: 181 -1
1: -1
2: 209 210 211 212 213 214 215 -1
3: 254 255 -1
4: 304 -1
5: 327 -1
6: 349 350 86 351 -1
7: 403 -1
8: -1
9: -1
10: 544 -1
11: 578 579 -1
12: 607 -1
13: -1
14: 651 -1
15: 706 707 708 -1
16: -1
17: 755 -1
18: -1
19: -1
20: -1
21: 860 864 865 -1
22: -1
23: -1
24: -1
25: -1
26: -1
27: -1
28: -1
29: -1
30: -1
31: -1
32: -1
33: -1
34: -1
35: -1
36: -1
37: -1
38: 1205 -1
39: 1223 1224 -1
40: 1240 1241 -1
41: -1
42: -1
43: 1274 1275 1276 -1
44: -1
45: -1
46: 1331 -1
47: -1
48: 1350 -1
49: -1
50: -1
51: -1
52: 1415 1416 -1
53: -1
54: -1
55: 1449 1450 1451 1452 1453 1454 1614 1615 -1
56: -1
57: -1
58: -1
59: -1
60: -1
61: 1659 1660 1661 1662 1663 -1
62: -1
63: -1
64: 1689 1690 1691 1692 1693 1694 1695 1696 1697 1698 1699 1700 1701 1702 1703 1704 1705 1706 1707 1708 1709 1710 1711 1712 1713 1714 1715 1716 1717 -1
65: 1728 1729 -1
66: 1736 1737 1738 1739 1740 1741 1742 1743 262 1744 1745 1746 1747 1748 1749 1750 1751 1752 1753 1754 1755 1756 1757 1758 1759 1760 1761 1762 1763 1764 1765 1766 1767 1768 1769 1770 1771 1772 1773 1774 1775 1776 1777 1778 1779 1780 1781 1782 1783 1784 1785 1786 1787 1788 1789 1790 1791 1792 1793 1794 1795 1797 1798 1799 1800 1801 1802 1803 1804 1806 -1
67: 1856 -1
68: -1
69: 1887 1888 1891 1892 1893 1894 1895 -1
70: 1896 -1
71: 1901 1902 1903 1904 1905 1906 1907 -1
72: -1
73: 1927 -1
74: 1945 1946 -1
75: 1952 349 86 -1
76: 1969 1970 1971 1972 1973 1974 1975 1976 1977 1978 1979 -1
77: 1984 173 1985 -1
78: 1896 -1
79: 2002 31 -1
80: 1276 -1
81: 2014 2015 2016 -1
82: -1
83: -1
84: 2041 1729 -1
85: 2047 -1
86: 6 -1
87: -1
88: 2111 1881 -1
89: 2126 -1
90: 651 -1
91: 2188 -1
92: -1
93: -1
94: 2214 -1
95: -1
96: -1
97: -1
98: 2242 -1
99: 2253 2254 2255 2256 -1
100: -1
101: -1
102: -1
103: 2282 2284 2285 2286 2287 2288 2289 2290 2291 2292 2293 2294 2295 2296 2297 2298 2299 2 4 2300 2301 2302 2303 2304 2305 2307 2308 2309 2310 2311 2312 2313 2314 2316 2318 2319 2320 2321 2322 2323 2324 2325 2326 2327 2328 2329 2330 2331 2332 2333 2334 1788 2335 1743 -1
104: 2364 -1
105: 1276 -1
106: 2389 2390 2391 -1
107: 2401 -1
108: 1449 1450 1451 1452 1453 1454 2425 -1
109: -1
110: -1
111: 2434 2435 2436 2437 2438 2439 2440 2441 2442 2443 2444 2445 2446 2447 2448 2449 2450 2451 2452 2453 2454 -1
112: 2462 -1
113: 2471 2472 2473 2474 2475 2476 2477 2478 2479 2480 2481 2482 2483 2484 2485 2486 2492 865 -1
114: 2503 2504 -1
115: 2509 2510 -1
116: -1
117: -1
118: -1
119: -1
120: -1
121: 2548 2549 2550 2551 2552 2553 2554 2453 -1
122: 2579 -1
123: 2584 2585 2586 128 2587 2588 -1
124: 2594 2595 2596 2597 2598 2599 2600 2601 2623 2624 2625 2626 2627 2628 2629 -1
125: -1
126: -1
127: -1
128: 2664 2665 2666 -1
129: -1
130: -1
131: 962 2692 -1
132: 4 2697 2698 2699 2323 2700 -1
133: -1
134: -1
135: 2723 -1
136: -1
137: 2729 2730 2731 2732 2733 2734 2735 2736 2737 -1
138: 2748 1336 2749 2750 -1
139: -1
140: -1
141: 2766 -1
142: 2769 -1
143: 2820 2825 2826 2830 2832 2834 -1
144: -1
145: 2900 -1
146: -1
147: 2918 2919 2920 2921 2922 2923 2924 2925 2926 2927 2928 -1
148: 2939 2940 -1
149: 2945 2946 -1
150: 2947 2948 2949 2950 2951 2952 2953 2954 2955 2956 2957 -1
151: -1
152: 2976 2977 -1
153: -1
154: -1
155: -1
156: -1
157: 3001 3002 3003 -1
158: -1
159: -1
160: -1
161: 3041 3042 3043 3044 3045 3046 3047 3048 3049 3050 3051 3052 3053 3054 3055 -1
162: 3056 -1
163: 3065 3066 3067 3068 3069 3070 3071 3072 3073 3074 3075 3076 3077 3078 3079 3080 3081 3082 3083 3084 3085 3086 3087 3088 3089 3090 3091 3092 3093 3094 3095 3096 3097 3098 3099 3100 3101 3102 3103 3104 3105 3106 3107 -1
164: -1
165: -1
166: -1
167: 5 -1
168: -1
169: -1
170: -1
171: 3171 3172 -1
172: 3177 -1
173: 77 -1
174: 8 3191 3195 3197 3198 3199 3200 3201 3202 3203 3204 3206 -1
175: -1
176: 85 -1
177: 3211 3212 -1
178: -1
179: -1
180: -1
181: -1
182: 78 0 92 1896 121 1788 52 3013 170 2479 115 1783 103 2505 544 1781 -1
183: 0 -1
184: 0 -1
185: 0 -1
186: 157 0 -1
187: 0 -1
188: 0 -1
189: 0 -1
190: 0 -1
191: 1276 1896 0 103 -1
192: 0 -1
193: 0 -1
194: 0 -1
195: 0 -1
196: 0 -1
197: 0 -1
198: 0 -1
199: 0 -1
200: 0 -1
201: 0 -1
202: 0 -1
203: 0 -1
204: 1896 0 -1
205: 0 -1
206: 0 -1
207: 0 -1
208: 1 -1
209: -1
210: -1
211: -1
212: -1
213: -1
214: -1
215: -1
216: 2 -1
217: 1896 128 2 -1
218: 2 4 -1
219: 4 2323 -1
220: 4 2697 -1
221: 2 -1
222: 262 -1
223: 2 -1
224: 2 1894 -1
225: 2 -1
226: 2323 2 -1
227: 2323 2 -1
228: 2 4 1743 -1
229: 2323 535 214 2 4 122 -1
230: 2 -1
231: 4 2323 -1
232: -1
233: 2323 4 -1
234: 4 2697 2698 2699 -1
235: 214 2 121 1896 -1
236: 2 214 2323 -1
237: 2 -1
238: 1896 181 2 -1
239: 2 1748 262 1798 -1
240: 2 181 -1
241: 2 2047 -1
242: 2602 2 -1
243: 2 2703 -1
244: 4 2697 -1
245: 4 2697 -1
246: 2 2008 -1
247: 214 2 -1
248: 2 -1
249: 2 181 -1
250: 2 -1
251: 2 -1
252: 2 -1
253: 2 -1
254: -1
255: -1
256: 3 1896 2733 -1
257: 26 967 3 27 115 -1
258: 3 2128 -1
259: 3 -1
260: 3 -1
261: 254 -1
262: 2588 3 1726 1780 181 -1
263: 3 -1
264: 3 -1
265: 36 3013 157 3 -1
266: 254 -1
267: 3 -1
268: 3 27 51 81 10 -1
269: 166 3 2333 535 -1
270: 1240 3 2047 -1
271: 3 -1
272: 3 166 2014 2127 2128 -1
273: 3 455 3013 -1
274: 3 -1
275: 254 -1
276: 3 -1
277: 3 -1
278: 3 27 26 967 2588 -1
279: 1896 3 -1
280: 3 26 27 -1
281: 10 3 2800 -1
282: 2128 3 -1
283: 3 -1
284: 3 -1
285: 3 -1
286: 26 3 1766 -1
287: 3 -1
288: 2588 2579 1896 2248 115 3 -1
289: 3 -1
290: 3 147 1896 2579 128 -1
291: 27 3 121 967 2248 -1
292: 3 -1
293: 121 3013 103 1662 26 3 2588 166 79 1788 27 967 181 157 -1
294: 3 442 -1
295: 3 -1
296: 3 -1
297: 1698 121 3 10 103 3212 -1
298: 35 1861 3 -1
299: 3 -1
300: 254 3 -1
301: -1
302: 3 2588 1795 26 3081 2587 1783 -1
303: 3 -1
304: -1
305: 2323 4 -1
306: 2700 4 -1
307: 214 4 -1
308: 4 -1
309: 2300 4 -1
310: 4 -1
311: 4 -1
312: 4 -1
313: 4 18 1783 -1
314: 214 4 -1
315: 4 -1
316: 4 -1
317: 4 -1
318: 4 -1
319: 214 4 166 -1
320: 209 210 211 212 213 214 215 2296 4 2242 -1
321: 4 -1
322: 4 -1
323: 166 -1
324: 4 -1
325: 4 -1
326: 4 -1
327: -1
328: 5 2505 254 -1
329: 5 -1
330: 121 5 155 115 -1
331: 5 2505 254 -1
332: 1760 -1
333: 121 327 5 2505 254 -1
334: 5 2505 -1
335: 5 -1
336: 5 -1
337: 5 120 -1
338: 5 1781 2505 -1
339: 5 -1
340: 1712 -1
341: 5 -1
342: 5 -1
343: 5 -1
344: 5 -1
345: 5 2505 254 -1
346: 5 -1
347: 5 -1
348: 5 -1
349: 6 86 -1
350: -1
351: -1
352: 349 86 -1
353: 349 86 -1
354: 6 -1
355: 6 -1
356: 6 -1
357: 6 609 121 -1
358: 6 -1
359: 6 86 -1
360: 6 -1
361: 6 -1
362: 6 86 -1
363: 6 86 -1
364: 6 86 -1
365: 17 6 -1
366: 349 86 -1
367: 349 86 -1
368: 107 115 3013 157 6 0 121 1902 166 1788 544 1896 755 967 953 516 10 -1
369: 6 -1
370: 349 86 -1
371: 349 86 351 -1
372: 6 86 -1
373: 6 86 -1
374: 17 6 121 -1
375: 6 -1
376: 6 -1
377: 6 -1
378: 6 -1
379: 349 86 -1
380: 349 86 -1
381: 6 1788 1896 166 -1
382: 6 -1
383: 6 -1
384: 6 86 -1
385: 6 86 -1
386: 6 35 -1
387: 6 2474 1896 538 16 -1
388: 349 86 -1
389: 6 609 121 -1
390: 6 -1
391: 6 -1
392: 6 86 -1
393: 538 16 6 1896 2474 -1
394: 6 831 -1
395: 6 -1
396: 166 115 1788 2918 92 6 1896 -1
397: 6 -1
398: 6 -1
399: 349 86 -1
400: 349 86 -1
401: 6 -1
402: 6 86 -1
403: -1
404: 403 -1
405: 403 -1
406: -1
407: 403 -1
408: 403 -1
409: 403 -1
410: 403 -1
411: 7 544 103 26 2588 -1
412: 7 -1
413: 2588 2014 93 7 35 -1
414: 403 -1
415: 403 -1
416: 403 -1
417: 403 -1
418: 403 -1
419: 403 -1
420: 403 -1
421: 2014 7 -1
422: 32 7 404 455 451 424 442 452 408 415 -1
423: 403 -1
424: 403 -1
425: 403 -1
426: 403 -1
427: 403 -1
428: 7 -1
429: 7 -1
430: 35 1158 27 455 7 1168 -1
431: 403 -1
432: 403 -1
433: 403 -1
434: 403 -1
435: 403 -1
436: 403 -1
437: 7 -1
438: 7 442 2019 -1
439: 7 -1
440: 403 -1
441: 403 -1
442: 403 -1
443: 403 -1
444: 7 51 -1
445: 7 -1
446: 409 7 407 3 67 2019 -1
447: 7 455 73 3093 -1
448: 7 3 -1
449: 3 10 7 32 35 51 81 89 27 -1
450: 403 -1
451: 403 -1
452: 403 -1
453: 403 -1
454: 403 -1
455: 403 -1
456: 32 7 -1
457: 8 -1
458: 8 -1
459: 8 823 121 -1
460: 8 831 -1
461: 8 -1
462: 8 831 3189 980 166 115 -1
463: 8 464 -1
464: 8 -1
465: 8 831 2189 -1
466: 8 823 2188 -1
467: 174 8 128 -1
468: 8 831 -1
469: 2940 8 -1
470: 54 -1
471: 8 54 831 3189 3199 484 -1
472: 8 -1
473: 2113 8 -1
474: 8 -1
475: 128 491 3202 3189 484 -1
476: 174 8 54 102 -1
477: 1896 8 -1
478: 8 -1
479: 8 831 -1
480: 3199 3189 8 491 484 -1
481: 8 -1
482: 8 823 -1
483: 8 831 -1
484: -1
485: 8 823 121 1783 -1
486: 8 3189 -1
487: 8 -1
488: 128 8 3189 -1
489: 8 -1
490: 8 3189 -1
491: 8 484 3189 -1
492: 8 491 484 -1
493: 128 8 -1
494: 9 -1
495: 9 -1
496: 9 -1
497: 2503 79 1086 166 9 103 181 -1
498: 1781 1896 9 -1
499: 9 -1
500: 9 -1
501: 9 -1
502: 166 9 -1
503: 9 166 -1
504: 9 -1
505: 9 -1
506: 9 -1
507: 9 -1
508: 9 301 -1
509: 9 -1
510: 9 -1
511: 9 -1
512: 1754 166 542 301 170 79 122 9 1788 3013 1952 3032 -1
513: 9 -1
514: 542 9 166 -1
515: 2691 9 -1
516: -1
517: 9 2242 -1
518: 9 -1
519: 9 -1
520: 9 -1
521: 2014 301 9 -1
522: 9 -1
523: 9 -1
524: 9 2692 2691 -1
525: 9 2691 -1
526: 9 -1
527: 9 -1
528: 9 -1
529: 1896 -1
530: 2691 9 -1
531: 9 -1
532: 9 535 -1
533: 9 2691 -1
534: 9 -1
535: 9 -1
536: 166 9 -1
537: 9 -1
538: 9 -1
539: 9 -1
540: 9 2503 -1
541: 967 9 -1
542: 9 -1
543: 166 -1
544: -1
545: 2019 10 -1
546: 2019 2014 2016 10 -1
547: 10 -1
548: 10 -1
549: 1726 1780 1781 128 10 -1
550: 10 -1
551: 967 3 10 2503 2588 121 953 -1
552: 558 2588 3 10 -1
553: 10 -1
554: 27 10 -1
555: 27 10 -1
556: 10 406 -1
557: 10 -1
558: 10 7 35 3 1157 -1
559: 27 32 3 10 166 407 181 -1
560: 10 -1
561: 10 1783 26 27 -1
562: 10 51 1856 -1
563: 7 10 32 89 -1
564: 1766 1896 10 94 -1
565: 1896 10 1788 -1
566: 81 3 10 51 -1
567: 157 10 -1
568: 2019 89 10 3 -1
569: 1276 2242 1726 27 10 181 -1
570: 3 10 -1
571: 10 535 27 2503 -1
572: 2242 1726 10 -1
573: 2019 10 -1
574: 10 2128 -1
575: 10 27 1780 1726 2189 -1
576: 10 -1
577: 10 -1
578: 11 -1
579: -1
580: 11 -1
581: 11 -1
582: 11 128 166 2588 2188 3013 157 2479 3040 544 1896 -1
583: 128 11 3040 -1
584: 579 -1
585: 121 11 544 -1
586: 166 1952 11 -1
587: 166 11 -1
588: 11 -1
589: 115 2188 27 26 1952 11 28 -1
590: 11 27 -1
591: 11 -1
592: 11 -1
593: 11 -1
594: 11 -1
595: 11 27 1902 -1
596: 11 -1
597: 11 -1
598: 262 11 -1
599: 166 2188 27 1952 11 2588 2047 -1
600: 11 27 3040 544 2510 166 -1
601: 2188 27 11 166 28 -1
602: 115 2188 121 1952 11 28 544 -1
603: 115 2188 121 1952 11 28 544 -1
604: 11 -1
605: 11 -1
606: 11 27 3040 166 115 -1
607: -1
608: 1788 12 -1
609: -1
610: 12 -1
611: 1896 1788 12 -1
612: 12 -1
613: 12 1896 -1
614: 12 -1
615: 1788 12 -1
616: 1896 94 12 170 2214 -1
617: 12 -1
618: 12 -1
619: 12 16 865 -1
620: 12 113 17 1783 128 1896 -1
621: 12 610 -1
622: 1788 12 -1
623: 17 12 -1
624: 12 -1
625: 1896 1788 -1
626: 12 1896 103 2588 -1
627: 646 1342 92 166 -1
628: 13 -1
629: 115 1896 166 -1
630: 13 -1
631: 13 -1
632: 13 645 644 2013 -1
633: 92 2566 121 -1
634: 13 140 -1
635: 13 645 644 -1
636: 157 535 -1
637: 115 1896 166 -1
638: 2536 36 94 1758 1766 1769 1712 2928 128 1780 121 13 2013 181 1798 -1
639: 1662 2588 166 2013 2991 13 8 2762 -1
640: 115 1896 166 123 -1
641: 13 1662 -1
642: 2588 157 2188 115 1896 2587 166 544 3013 79 2566 123 1952 1342 -1
643: 2566 92 2588 166 121 3032 -1
644: 2188 -1
645: -1
646: -1
647: -1
648: 13 -1
649: 115 1896 166 -1
650: 13 -1
651: -1
652: 651 -1
653: 1896 92 -1
654: 14 -1
655: 14 -1
656: 115 14 -1
657: 14 -1
658: 1788 14 -1
659: 980 14 -1
660: 14 -1
661: 166 92 14 -1
662: 14 -1
663: 14 -1
664: 14 -1
665: 14 -1
666: 14 -1
667: 14 -1
668: 14 -1
669: 844 -1
670: 651 -1
671: 651 -1
672: 14 -1
673: 980 14 -1
674: 90 14 -1
675: 90 14 -1
676: 103 14 1894 -1
677: 14 -1
678: 14 689 -1
679: 651 -1
680: 14 -1
681: 14 -1
682: -1
683: 14 -1
684: 14 -1
685: 14 -1
686: 14 -1
687: 14 -1
688: 1896 14 -1
689: 14 -1
690: 14 -1
691: 14 -1
692: 651 -1
693: 651 -1
694: 651 -1
695: 651 -1
696: 651 -1
697: 14 -1
698: 14 2180 -1
699: 14 147 92 103 166 -1
700: 14 -1
701: 14 1896 -1
702: 14 -1
703: 14 -1
704: 14 -1
705: 14 682 -1
706: -1
707: 15 -1
708: -1
709: 15 1952 27 115 121 35 -1
710: 27 15 967 1783 -1
711: 1662 166 15 128 1783 1754 -1
712: 15 1662 2427 -1
713: 707 -1
714: 15 166 121 -1
715: 166 15 -1
716: 15 166 121 1662 1788 2188 73 538 2579 -1
717: 707 -1
718: 707 -1
719: 707 -1
720: 707 -1
721: 115 1783 1896 15 2510 1788 128 -1
722: 15 1783 27 1336 2510 967 -1
723: 15 -1
724: 15 -1
725: 15 166 1783 121 10 3065 -1
726: 166 15 1783 -1
727: 128 121 15 3013 1783 -1
728: 707 -1
729: 16 -1
730: 16 -1
731: 16 -1
732: 16 -1
733: 16 -1
734: 16 -1
735: 16 -1
736: 16 -1
737: 16 -1
738: 16 1783 -1
739: 16 -1
740: 16 115 -1
741: 16 -1
742: 16 -1
743: 16 -1
744: 16 -1
745: 16 -1
746: 16 -1
747: 745 16 -1
748: 16 -1
749: 16 2047 -1
750: 16 -1
751: 16 -1
752: 16 -1
753: 16 -1
754: 16 -1
755: -1
756: 17 -1
757: 17 -1
758: 17 -1
759: 17 -1
760: 17 -1
761: 17 -1
762: 831 1788 17 36 121 166 774 -1
763: 17 -1
764: 17 121 -1
765: 17 -1
766: 17 -1
767: 17 -1
768: 17 -1
769: 17 -1
770: 17 -1
771: 17 54 -1
772: 831 17 121 1783 2474 1951 1896 -1
773: 17 1788 -1
774: 17 1788 831 121 166 36 -1
775: 17 -1
776: 17 -1
777: 17 -1
778: 18 -1
779: 18 1726 1760 1766 -1
780: 18 -1
781: 18 -1
782: 18 -1
783: 18 -1
784: 128 1952 18 2588 2579 115 1788 79 121 103 166 1896 3065 3032 -1
785: 18 -1
786: 157 18 -1
787: 18 128 166 -1
788: 18 166 2588 -1
789: 18 -1
790: 18 -1
791: 18 -1
792: 157 18 128 166 115 2588 1896 809 1336 1686 -1
793: 18 844 -1
794: 157 18 103 128 2587 121 166 10 3093 844 1336 -1
795: 18 1781 166 -1
796: 18 103 1336 -1
797: 18 103 1336 -1
798: 18 128 -1
799: 18 797 -1
800: 18 -1
801: 1761 18 1689 166 3013 121 128 2587 157 -1
802: 1896 544 18 128 166 1689 1712 -1
803: 18 128 1896 166 3093 -1
804: 18 -1
805: 18 166 -1
806: 18 1689 -1
807: 18 -1
808: 18 2587 157 -1
809: 18 2588 1896 166 1686 -1
810: 19 -1
811: 19 -1
812: 128 19 157 -1
813: 19 -1
814: 19 -1
815: 19 -1
816: 19 -1
817: 19 -1
818: 2013 2602 19 -1
819: 19 -1
820: 19 166 157 -1
821: 1783 -1
822: 1276 544 19 2505 -1
823: 19 -1
824: 19 -1
825: 19 -1
826: 19 -1
827: 19 -1
828: 19 -1
829: 19 -1
830: 19 -1
831: 19 -1
832: 19 -1
833: 19 -1
834: 19 -1
835: 19 -1
836: 19 -1
837: 19 3065 -1
838: 181 19 -1
839: -1
840: 20 -1
841: 20 -1
842: 20 -1
843: 20 -1
844: 20 -1
845: -1
846: 20 -1
847: 20 -1
848: 20 -1
849: 20 -1
850: 20 128 -1
851: 20 -1
852: 20 -1
853: 20 865 -1
854: 20 -1
855: 157 20 1896 -1
856: 20 92 103 -1
857: 839 845 20 -1
858: 20 -1
859: 20 831 128 -1
860: -1
861: 865 -1
862: 39 -1
863: 865 -1
864: -1
865: -1
866: 21 39 -1
867: 79 1896 21 103 878 52 128 -1
868: 21 103 1896 128 166 -1
869: 21 115 1896 -1
870: 121 878 52 128 1896 21 103 157 79 -1
871: 157 21 -1
872: 35 3 0 21 133 67 -1
873: 21 122 -1
874: 1894 -1
875: 21 79 -1
876: 1881 79 2579 2002 21 115 1896 -1
877: 2579 21 39 166 -1
878: 2002 79 21 52 115 103 1896 2188 128 2587 166 -1
879: -1
880: 21 166 157 -1
881: 21 1896 115 -1
882: 166 -1
883: 21 2588 1896 166 -1
884: 21 -1
885: 115 21 1896 128 166 -1
886: 535 21 166 -1
887: 21 2002 76 39 1896 -1
888: 21 1894 -1
889: 22 79 -1
890: 22 -1
891: 22 -1
892: 22 -1
893: 22 38 3013 -1
894: 22 -1
895: 22 -1
896: 22 1788 79 911 -1
897: 22 -1
898: 22 -1
899: 22 -1
900: 22 -1
901: 22 -1
902: 22 1896 -1
903: 22 121 -1
904: 22 -1
905: 22 3088 -1
906: 22 915 -1
907: 22 1788 121 -1
908: 22 -1
909: 22 -1
910: 897 22 -1
911: 22 1788 79 -1
912: 1896 22 3088 -1
913: 22 -1
914: 22 -1
915: 22 -1
916: 23 -1
917: 128 23 916 2188 2579 1896 2451 -1
918: 121 23 103 79 1896 111 166 -1
919: 23 -1
920: 1896 23 -1
921: 23 115 916 121 128 181 -1
922: 916 23 1896 115 -1
923: 23 115 916 -1
924: 916 23 -1
925: 916 23 181 -1
926: 916 23 -1
927: 24 -1
928: 24 -1
929: 24 10 -1
930: 92 121 94 24 -1
931: 24 -1
932: 121 24 -1
933: 1952 24 -1
934: 24 -1
935: 24 -1
936: 24 -1
937: 24 166 -1
938: 24 -1
939: 24 -1
940: 24 1896 118 41 -1
941: 24 -1
942: 24 -1
943: 24 -1
944: 24 121 -1
945: 24 121 -1
946: 24 -1
947: 25 -1
948: 1788 1896 25 166 853 94 -1
949: 25 -1
950: 26 2579 1952 27 2587 -1
951: 2588 953 26 964 1726 27 967 -1
952: 26 -1
953: 26 -1
954: 26 -1
955: 26 262 -1
956: 26 27 -1
957: 26 -1
958: 2588 26 -1
959: 26 -1
960: 26 121 2579 -1
961: 27 26 535 967 2588 -1
962: 26 -1
963: 26 -1
964: 26 2047 -1
965: 26 131 -1
966: 26 -1
967: -1
968: 27 -1
969: 535 27 2579 546 2016 -1
970: 27 -1
971: 27 2015 535 967 -1
972: 28 -1
973: 2588 2188 28 115 26 -1
974: 128 166 28 -1
975: 2188 27 28 128 166 -1
976: 157 166 2588 26 2188 36 2587 121 27 28 -1
977: 2188 27 128 28 -1
978: 28 166 1726 -1
979: 262 28 2188 -1
980: 262 28 -1
981: 2486 27 2188 28 -1
982: 28 -1
983: 2945 28 -1
984: 28 2588 -1
985: 3081 986 2566 166 121 28 -1
986: 28 -1
987: 1800 103 2588 166 2587 128 79 535 28 121 -1
988: 2588 121 103 166 28 -1
989: 27 2188 28 544 -1
990: 28 -1
991: 2588 28 115 27 166 -1
992: 28 2588 -1
993: 28 -1
994: 2588 2188 28 121 -1
995: 28 2588 166 1754 27 -1
996: 2588 28 1788 -1
997: 128 2588 -1
998: 29 -1
999: 29 -1
1000: 166 535 2587 -1
1001: 166 29 1896 3088 25 1952 -1
1002: 2579 79 29 -1
1003: 166 -1
1004: 29 -1
1005: 1896 29 1007 -1
1006: 29 -1
1007: 29 1896 -1
1008: 29 -1
1009: 29 -1
1010: 29 -1
1011: 29 -1
1012: 2587 29 -1
1013: 29 -1
1014: 29 -1
1015: 2579 29 -1
1016: 29 -1
1017: 30 -1
1018: 30 -1
1019: 30 -1
1020: 535 30 -1
1021: 1788 115 145 30 -1
1022: 30 -1
1023: 30 -1
1024: 30 -1
1025: 30 -1
1026: 30 -1
1027: 30 -1
1028: 30 -1
1029: 30 -1
1030: 1689 2550 -1
1031: 30 980 -1
1032: 30 115 -1
1033: 30 -1
1034: 115 30 -1
1035: 1712 -1
1036: 30 -1
1037: 30 -1
1038: 30 -1
1039: 30 -1
1040: 30 -1
1041: 30 -1
1042: 1896 128 30 4 121 1952 170 1783 1788 3085 10 -1
1043: 30 -1
1044: 30 -1
1045: 30 -1
1046: 166 30 -1
1047: 30 -1
1048: 30 -1
1049: 30 -1
1050: 30 -1
1051: 30 -1
1052: 30 -1
1053: 30 -1
1054: 2587 30 -1
1055: 1276 2005 2379 30 121 1952 103 1781 128 -1
1056: 128 115 30 -1
1057: 30 -1
1058: -1
1059: 31 1896 1788 -1
1060: 1896 31 -1
1061: 31 1896 1788 -1
1062: 31 25 -1
1063: 31 25 -1
1064: 31 25 1896 1788 -1
1065: 31 25 1896 1788 -1
1066: 31 25 1788 1896 94 115 -1
1067: 31 1896 25 1788 2588 -1
1068: 31 25 -1
1069: 31 1896 25 1788 2588 -1
1070: 31 25 -1
1071: 31 25 -1
1072: 31 25 -1
1073: 31 1896 25 2588 1788 -1
1074: 31 25 1788 -1
1075: 1058 -1
1076: 31 25 -1
1077: 31 25 -1
1078: 31 25 -1
1079: 1788 1896 31 -1
1080: 32 -1
1081: 2019 3 32 -1
1082: 32 2019 436 -1
1083: 32 -1
1084: 32 -1
1085: 32 967 27 2503 -1
1086: -1
1087: 32 -1
1088: 2579 3032 32 -1
1089: 3 32 -1
1090: 32 -1
1091: 3 32 -1
1092: 3 32 -1
1093: 32 -1
1094: 2016 -1
1095: 32 7 -1
1096: 103 -1
1097: 33 -1
1098: 33 -1
1099: 33 -1
1100: 33 -1
1101: 33 -1
1102: 33 -1
1103: 33 -1
1104: 33 -1
1105: 33 -1
1106: 34 -1
1107: 34 -1
1108: 34 -1
1109: 34 -1
1110: 34 -1
1111: 34 -1
1112: 34 -1
1113: 34 -1
1114: 34 -1
1115: 34 -1
1116: 34 -1
1117: 34 -1
1118: 34 -1
1119: 34 -1
1120: 34 -1
1121: 34 -1
1122: 3201 -1
1123: 34 -1
1124: 2588 3201 121 34 2587 -1
1125: 34 -1
1126: 34 -1
1127: 34 2588 121 -1
1128: 34 -1
1129: 34 -1
1130: 34 -1
1131: 34 -1
1132: 34 -1
1133: 34 -1
1134: 2588 121 34 -1
1135: 1276 34 -1
1136: 34 -1
1137: 34 -1
1138: 34 -1
1139: 34 -1
1140: 34 -1
1141: 1896 34 -1
1142: 34 -1
1143: 34 -1
1144: 34 -1
1145: 34 -1
1146: 34 -1
1147: 34 -1
1148: 34 -1
1149: 34 -1
1150: 1896 34 -1
1151: 34 -1
1152: 34 -1
1153: 35 -1
1154: 35 -1
1155: 35 -1
1156: 262 1662 -1
1157: 1856 -1
1158: -1
1159: 35 -1
1160: 35 -1
1161: 35 -1
1162: 35 -1
1163: 35 121 2475 1952 -1
1164: 1856 -1
1165: 35 -1
1166: 1168 1783 157 1174 35 -1
1167: 2475 -1
1168: -1
1169: 166 2503 128 103 35 -1
1170: 35 1174 -1
1171: 262 2008 -1
1172: 1896 -1
1173: 1177 -1
1174: -1
1175: 35 -1
1176: 35 -1
1177: 35 -1
1178: 36 -1
1179: 36 -1
1180: 980 2588 157 1754 128 115 121 2510 2718 2188 2587 166 3078 36 2486 3013 28 2344 535 79 1896 103 1782 1797 3065 27 1952 1788 967 -1
1181: 36 2588 2587 115 128 3088 -1
1182: 36 -1
1183: 36 -1
1184: 37 103 -1
1185: 37 2553 1896 -1
1186: 37 1896 35 544 10 3032 1788 1902 -1
1187: 37 544 -1
1188: 37 -1
1189: 37 544 -1
1190: 121 37 544 10 1896 -1
1191: 37 544 10 1788 1896 -1
1192: 1195 -1
1193: 3032 37 -1
1194: 37 544 1896 -1
1195: 37 -1
1196: 2242 -1
1197: 37 1896 2587 103 544 3032 2510 -1
1198: 37 1896 2587 103 544 3032 2510 -1
1199: 37 -1
1200: 37 -1
1201: 37 -1
1202: 544 37 2587 -1
1203: 37 -1
1204: 37 2587 -1
1205: -1
1206: 38 -1
1207: 38 -1
1208: 38 -1
1209: 38 -1
1210: 38 1788 -1
1211: 38 -1
1212: 38 544 -1
1213: 92 38 -1
1214: 38 -1
1215: 38 -1
1216: 38 -1
1217: 38 -1
1218: 38 1207 -1
1219: 38 3065 -1
1220: 38 -1
1221: 3065 38 -1
1222: -1
1223: -1
1224: -1
1225: 39 128 1788 -1
1226: 39 -1
1227: 1231 884 879 2579 79 103 166 76 39 -1
1228: 39 -1
1229: 39 -1
1230: 1881 1788 39 -1
1231: 79 2579 39 -1
1232: 3189 2117 1881 1882 39 2127 -1
1233: 2579 39 166 -1
1234: 39 166 -1
1235: 2579 39 115 166 1896 2587 1788 -1
1236: 39 166 -1
1237: 2579 39 166 -1
1238: 39 -1
1239: 79 39 -1
1240: -1
1241: -1
1242: 2510 40 -1
1243: 40 544 -1
1244: 1742 -1
1245: 1783 40 -1
1246: 40 -1
1247: 40 -1
1248: 41 -1
1249: 121 41 -1
1250: 41 -1
1251: 544 41 -1
1252: 41 -1
1253: 1336 41 -1
1254: 41 -1
1255: 2510 121 41 -1
1256: 2214 41 -1
1257: 41 -1
1258: 121 41 -1
1259: 41 -1
1260: 41 36 -1
1261: 1754 2510 831 41 -1
1262: 41 -1
1263: 41 -1
1264: 42 -1
1265: 42 -1
1266: 42 -1
1267: 1952 1783 42 -1
1268: 5 42 -1
1269: 42 -1
1270: 42 -1
1271: 42 1781 -1
1272: 42 2505 -1
1273: 42 -1
1274: 1945 -1
1275: -1
1276: -1
1277: -1
1278: 2762 2503 43 -1
1279: 43 -1
1280: 1276 166 43 -1
1281: 1277 43 2503 2762 2379 -1
1282: 1276 2005 43 128 3093 3212 -1
1283: 2762 43 -1
1284: 3212 1698 43 2005 -1
1285: 43 -1
1286: 43 1276 -1
1287: 2733 1896 43 -1
1288: 43 -1
1289: 2762 43 -1
1290: 43 2503 -1
1291: 62 43 -1
1292: 128 43 2762 2503 -1
1293: 43 -1
1294: 3212 43 -1
1295: 43 -1
1296: 1896 3032 43 128 3212 1783 1945 -1
1297: 43 -1
1298: 43 -1
1299: 2462 -1
1300: 112 2462 -1
1301: 2462 -1
1302: 112 2462 -1
1303: 112 2462 -1
1304: 44 112 -1
1305: 73 44 2587 -1
1306: 44 -1
1307: 44 112 -1
1308: 2462 -1
1309: 2462 -1
1310: 2462 -1
1311: 2462 -1
1312: 112 1896 2462 -1
1313: 44 2462 -1
1314: 44 2462 -1
1315: 27 79 58 44 1783 157 1788 1896 36 544 128 3065 2579 -1
1316: 44 2587 73 1305 -1
1317: 1896 157 79 2579 544 128 36 1788 27 1783 58 44 3065 -1
1318: 44 -1
1319: 45 -1
1320: 45 -1
1321: 45 -1
1322: 166 128 1781 45 -1
1323: 45 -1
1324: 1896 45 -1
1325: 45 -1
1326: 45 1319 -1
1327: 45 -1
1328: 45 166 -1
1329: 45 -1
1330: 45 -1
1331: -1
1332: 46 1336 1341 -1
1333: 1341 46 -1
1334: 46 -1
1335: 103 -1
1336: 46 -1
1337: 46 -1
1338: 46 -1
1339: 46 1336 -1
1340: 46 -1
1341: -1
1342: 46 865 -1
1343: 46 -1
1344: 46 1336 -1
1345: 46 1336 -1
1346: 1790 1726 46 181 1275 -1
1347: 46 -1
1348: 1881 -1
1349: 47 -1
1350: -1
1351: 1350 -1
1352: 1350 -1
1353: 1350 -1
1354: 1350 -1
1355: 1350 -1
1356: 1350 -1
1357: 1350 -1
1358: 48 -1
1359: 48 -1
1360: 48 -1
1361: 1350 -1
1362: 1350 -1
1363: 1350 -1
1364: 1350 -1
1365: 1350 -1
1366: 1350 -1
1367: 121 -1
1368: 48 181 -1
1369: 1350 -1
1370: 1350 -1
1371: 1350 -1
1372: 1350 -1
1373: 1350 -1
1374: 1350 -1
1375: 1350 -1
1376: 48 -1
1377: 48 -1
1378: 1350 -1
1379: 1350 -1
1380: 48 -1
1381: 48 -1
1382: 49 -1
1383: 49 -1
1384: 49 -1
1385: 49 181 -1
1386: 49 -1
1387: 49 -1
1388: 49 535 -1
1389: 49 -1
1390: -1
1391: 50 1390 1397 -1
1392: 50 1390 1397 -1
1393: 1408 -1
1394: 1896 121 36 3013 2563 2588 1952 79 157 2587 50 1408 -1
1395: 50 128 -1
1396: 1408 50 -1
1397: 1408 -1
1398: 1408 -1
1399: 50 1390 1397 -1
1400: 50 1390 1397 -1
1401: 50 1390 1397 -1
1402: 50 1390 1397 -1
1403: 1408 -1
1404: 50 -1
1405: 157 3040 1390 -1
1406: 1408 -1
1407: 50 1390 1397 -1
1408: 50 1390 1397 -1
1409: 50 -1
1410: 50 -1
1411: 51 -1
1412: 81 35 51 -1
1413: 81 51 -1
1414: 51 34 1856 -1
1415: -1
1416: -1
1417: 865 52 -1
1418: 52 -1
1419: 103 1783 1342 52 1896 -1
1420: 52 -1
1421: 121 52 -1
1422: 52 865 -1
1423: 865 52 -1
1424: 52 -1
1425: 52 -1
1426: 128 92 53 -1
1427: 53 -1
1428: 53 -1
1429: 53 -1
1430: 1788 53 92 128 166 -1
1431: 115 166 1788 53 121 111 3085 157 2941 128 1896 544 3013 92 -1
1432: 128 53 -1
1433: 53 92 128 157 121 -1
1434: 2453 53 2587 -1
1435: 53 128 2451 -1
1436: 53 111 -1
1437: 53 92 1440 -1
1438: 53 -1
1439: 103 1754 28 2579 166 128 121 53 -1
1440: 53 92 -1
1441: 53 2437 3013 -1
1442: 54 -1
1443: 54 2111 2124 -1
1444: 2188 54 -1
1445: 54 170 -1
1446: 54 -1
1447: 54 3189 -1
1448: 1449 -1
1449: -1
1450: -1
1451: 1448 1449 -1
1452: -1
1453: -1
1454: -1
1455: 1449 -1
1456: 1449 1450 1451 1452 1453 1454 2425 -1
1457: 1449 1450 1451 1452 1453 1454 2425 -1
1458: 1449 1450 1451 1452 1453 1454 2425 -1
1459: 1449 1450 1451 1452 1453 1454 2425 -1
1460: 1449 1450 1451 1452 1453 1454 2425 -1
1461: 1449 1450 1451 1452 1453 1454 2425 -1
1462: 1449 1450 1451 1452 1453 1454 2425 -1
1463: 1449 1450 1451 1452 1453 1454 2425 -1
1464: 1449 1450 1451 1452 1453 1454 2425 -1
1465: 1449 1450 1451 1452 1453 1454 2425 -1
1466: 1449 1450 1451 1452 1453 1454 2425 -1
1467: 1449 1450 1451 1452 1453 1454 2425 -1
1468: 1449 1450 1451 1452 1453 1454 2425 -1
1469: 1449 1450 1451 1452 1453 1454 2425 -1
1470: 1449 1450 1451 1452 1453 1454 2425 -1
1471: 1449 1450 1451 1452 1453 1454 2425 -1
1472: 1449 1450 1451 1452 1453 1454 2425 -1
1473: 1449 1450 1451 1452 1453 1454 2425 -1
1474: 1449 1450 1451 1452 1453 1454 2425 -1
1475: 1449 1450 1451 1452 1453 1454 2425 -1
1476: 1449 1450 1451 1452 1453 1454 2425 -1
1477: 1449 1450 1451 1452 1453 1454 2425 -1
1478: 1449 1450 1451 1452 1453 1454 2425 -1
1479: 1449 1450 1451 1452 1453 1454 2425 -1
1480: 1449 1450 1451 1452 1453 1454 2425 -1
1481: 1449 1450 1451 1452 1453 1454 2425 -1
1482: 1449 1450 1451 1452 1453 1454 2425 -1
1483: 1449 1450 1451 1452 1453 1454 2425 -1
1484: 1449 1450 1451 1452 1453 1454 2425 -1
1485: 1449 1450 1451 1452 1453 1454 2425 -1
1486: 1449 1450 1451 1452 1453 1454 2425 -1
1487: 1449 1450 1451 1452 1453 1454 2425 -1
1488: 1449 1450 1451 1452 1453 1454 2425 -1
1489: 1449 1450 1451 1452 1453 1454 -1
1490: 1449 1450 1451 1452 1453 1454 -1
1491: 1449 1450 1451 1452 1453 1454 -1
1492: 1449 1450 1451 1452 1453 1454 -1
1493: 1449 1450 1451 1452 1453 1454 -1
1494: 1449 1450 1451 1452 1453 1454 -1
1495: 1449 1450 1451 1452 1453 1454 -1
1496: 1449 1450 1451 1452 1453 1454 -1
1497: 1449 1450 1451 1452 1453 1454 -1
1498: 1449 1450 1451 1452 1453 1454 -1
1499: 1449 1450 1451 1452 1453 1454 -1
1500: 1449 1450 1451 1452 1453 1454 -1
1501: 1449 1450 1451 1452 1453 1454 -1
1502: 1449 1450 1451 1452 1453 1454 -1
1503: 1449 1450 1451 1452 1453 1454 -1
1504: 1449 1450 1451 1452 1453 1454 -1
1505: 1449 1450 1451 1452 1453 1454 -1
1506: 1449 1450 1451 1452 1453 1454 -1
1507: 1449 1450 1451 1452 1453 1454 -1
1508: 1449 1450 1451 1452 1453 1454 -1
1509: 1449 1450 1451 1452 1453 1454 -1
1510: 1449 1450 1451 1452 1453 1454 -1
1511: 1449 1450 1451 1452 1453 1454 -1
1512: 1449 1450 1451 1452 1453 1454 -1
1513: 1449 1450 1451 1452 1453 1454 -1
1514: 1449 1450 1451 1452 1453 1454 -1
1515: 1449 1450 1451 1452 1453 1454 -1
1516: 1449 1450 1451 1452 1453 1454 -1
1517: 1449 1450 1451 1452 1453 1454 -1
1518: 1449 1450 1451 1452 1453 1454 -1
1519: 1449 1450 1451 1452 1453 1454 -1
1520: 1449 1450 1451 1452 1453 1454 -1
1521: 1449 1450 1451 1452 1453 1454 -1
1522: 1449 1450 1451 1452 1453 1454 -1
1523: 1449 1450 1451 1452 1453 1454 -1
1524: 1449 1450 1451 1452 1453 1454 -1
1525: 1449 1450 1451 1452 1453 1454 -1
1526: 1449 1450 1451 1452 1453 1454 -1
1527: 1449 1450 1451 1452 1453 1454 -1
1528: 1449 1450 1451 1452 1453 1454 -1
1529: 1449 1450 1451 1452 1453 1454 -1
1530: 1449 1450 1451 1452 1453 1454 -1
1531: 1449 1450 1451 1452 1453 1454 -1
1532: 1449 1450 1451 1452 1453 1454 -1
1533: 1449 1450 1451 1452 1453 1454 -1
1534: 1449 1450 1451 1452 1453 1454 -1
1535: 1449 1450 1451 1452 1453 1454 -1
1536: 1449 1450 1451 1452 1453 1454 -1
1537: 1449 1450 1451 1452 1453 1454 -1
1538: 1449 1450 1451 1452 1453 1454 -1
1539: 1449 1450 1451 1452 1453 1454 -1
1540: 1449 1450 1451 1452 1453 1454 -1
1541: 1449 1450 1451 1452 1453 1454 -1
1542: 1449 1450 1451 1452 1453 1454 -1
1543: 1449 1450 1451 1452 1453 1454 -1
1544: 1449 1450 1451 1452 1453 1454 -1
1545: 1449 1450 1451 1452 1453 1454 -1
1546: 1449 1450 1451 1452 1453 1454 -1
1547: 1449 1450 1451 1452 1453 1454 -1
1548: 1449 1450 1451 1452 1453 1454 -1
1549: 1449 1450 1451 1452 1453 1454 -1
1550: 1449 1450 1451 1452 1453 1454 -1
1551: 1449 1450 1451 1452 1453 1454 -1
1552: 1449 1450 1451 1452 1453 1454 -1
1553: 1449 1450 1451 1452 1453 1454 -1
1554: 1449 1450 1451 1452 1453 1454 -1
1555: 1449 1450 1451 1452 1453 1454 -1
1556: 1449 1450 1451 1452 1453 1454 -1
1557: 1449 1450 1451 1452 1453 1454 -1
1558: 1449 1450 1451 1452 1453 1454 -1
1559: 1449 1450 1451 1452 1453 1454 -1
1560: 1449 1450 1451 1452 1453 1454 -1
1561: 1449 1450 1451 1452 1453 1454 -1
1562: 1449 1450 1451 1452 1453 1454 -1
1563: 1449 1450 1451 1452 1453 1454 -1
1564: 1449 1450 1451 1452 1453 1454 -1
1565: 1449 1450 1451 1452 1453 1454 -1
1566: 1449 1450 1451 1452 1453 1454 -1
1567: 1449 1450 1451 1452 1453 1454 -1
1568: 1449 1450 1451 1452 1453 1454 -1
1569: 1449 1450 1451 1452 1453 1454 -1
1570: 1449 1450 1451 1452 1453 1454 -1
1571: 1449 1450 1451 1452 1453 1454 -1
1572: 1449 1450 1451 1452 1453 1454 -1
1573: 1449 1450 1451 1452 1453 1454 -1
1574: 1449 1450 1451 1452 1453 1454 -1
1575: 1449 1450 1451 1452 1453 1454 -1
1576: 1449 1450 1451 1452 1453 1454 -1
1577: 1449 1450 1451 1452 1453 1454 -1
1578: 1449 1450 1451 1452 1453 1454 -1
1579: 1449 1450 1451 1452 1453 1454 -1
1580: 1449 1450 1451 1452 1453 1454 -1
1581: 1449 1450 1451 1452 1453 1454 -1
1582: 1449 1450 1451 1452 1453 1454 -1
1583: 1449 1450 1451 1452 1453 1454 -1
1584: 1449 1450 1451 1452 1453 1454 -1
1585: 1449 1450 1451 1452 1453 1454 -1
1586: 1449 1450 1451 1452 1453 1454 -1
1587: 1449 1450 1451 1452 1453 1454 -1
1588: 1449 1450 1451 1452 1453 1454 -1
1589: 1449 1450 1451 1452 1453 1454 -1
1590: 1449 1450 1451 1452 1453 1454 -1
1591: 1449 1450 1451 1452 1453 1454 -1
1592: 1449 1450 1451 1452 1453 1454 -1
1593: 1449 1450 1451 1452 1453 1454 -1
1594: 1449 1450 1451 1452 1453 1454 -1
1595: 1449 1450 1451 1452 1453 1454 -1
1596: 1449 1450 1451 1452 1453 1454 -1
1597: 1449 1450 1451 1452 1453 1454 -1
1598: 1449 1450 1451 1452 1453 1454 -1
1599: 1449 1450 1451 1452 1453 1454 -1
1600: 1449 1450 1451 1452 1453 1454 -1
1601: 1449 1450 1451 1452 1453 1454 -1
1602: 1449 1450 1451 1452 1453 1454 -1
1603: 1449 1450 1451 1452 1453 1454 -1
1604: 1449 1450 1451 1452 1453 1454 -1
1605: 1449 1450 1451 1452 1453 1454 -1
1606: 1449 1450 1451 1452 1453 1454 -1
1607: 1449 1450 1451 1452 1453 1454 -1
1608: 1449 1450 1451 1452 1453 1454 -1
1609: 1449 1450 1451 1452 1453 1454 -1
1610: 1449 1450 1451 1452 1453 1454 -1
1611: 1449 1450 1451 1452 1453 1454 -1
1612: 1449 1450 1451 1452 1453 1454 -1
1613: 1449 1450 1451 1452 1453 1454 -1
1614: -1
1615: -1
1616: 55 1275 1448 -1
1617: 1448 -1
1618: 1449 1450 1451 1452 1453 1454 1614 -1
1619: 1449 -1
1620: 55 -1
1621: 55 -1
1622: 1448 55 -1
1623: 1449 -1
1624: 56 -1
1625: 56 2807 2810 -1
1626: 56 -1
1627: 56 -1
1628: 56 -1
1629: 56 -1
1630: 1275 56 -1
1631: 7 56 -1
1632: 57 -1
1633: 1896 166 1783 831 57 -1
1634: 57 115 121 25 1896 -1
1635: 2585 10 0 57 -1
1636: 58 -1
1637: 58 1662 121 145 -1
1638: 58 -1
1639: 92 58 -1
1640: 109 58 157 115 73 79 121 2588 166 170 92 53 3173 27 128 544 -1
1641: 58 171 166 -1
1642: 58 92 -1
1643: 103 58 2344 -1
1644: 58 27 -1
1645: 58 1783 -1
1646: 59 128 3101 -1
1647: 59 166 2832 1783 121 1896 3013 157 25 3093 115 128 3101 -1
1648: 59 -1
1649: 59 -1
1650: 59 -1
1651: 59 -1
1652: 59 -1
1653: 59 128 -1
1654: 59 103 52 -1
1655: 59 -1
1656: 59 1783 128 166 1788 1896 -1
1657: 60 -1
1658: 60 -1
1659: -1
1660: 61 1661 -1
1661: -1
1662: -1
1663: -1
1664: 1661 61 1790 -1
1665: 1662 166 1342 1783 73 61 -1
1666: 61 -1
1667: 61 -1
1668: 61 -1
1669: 121 3040 128 2344 1781 73 61 -1
1670: 61 -1
1671: 61 -1
1672: 61 -1
1673: 61 1783 1662 157 166 103 2475 27 128 1896 1342 35 -1
1674: 1952 157 27 166 36 1342 26 1790 73 1754 967 2587 61 -1
1675: 61 1783 -1
1676: 62 -1
1677: 1698 1896 62 1952 -1
1678: 62 -1
1679: 2379 62 2762 2503 -1
1680: 62 -1
1681: 1276 1342 1788 2379 62 865 -1
1682: 63 -1
1683: 63 -1
1684: 63 -1
1685: 63 1760 -1
1686: 1689 1690 1691 1692 1693 1694 1695 1696 1697 1698 1699 1700 1701 1702 1703 1704 1705 1706 1707 1708 1709 1710 1711 1712 1713 1714 1715 1716 1717 -1
1687: 1689 1690 1691 1692 1693 1694 1695 1696 1697 1698 1699 1700 1701 1702 1703 1704 1705 1706 1707 1708 1709 1710 1711 1712 1713 1714 1715 1716 1717 -1
1688: 1689 1690 1691 1692 1693 1694 1695 1696 1697 1698 1699 1700 1701 1702 1703 1704 1705 1706 1707 1708 1709 1710 1711 1712 1713 1714 1715 1716 1717 -1
1689: -1
1690: -1
1691: -1
1692: 1686 -1
1693: -1
1694: -1
1695: -1
1696: -1
1697: -1
1698: -1
1699: -1
1700: -1
1701: -1
1702: -1
1703: -1
1704: -1
1705: -1
1706: -1
1707: -1
1708: -1
1709: -1
1710: -1
1711: -1
1712: -1
1713: -1
1714: -1
1715: -1
1716: -1
1717: 1689 -1
1718: 1698 -1
1719: 1686 -1
1720: 115 1336 1686 -1
1721: 1695 -1
1722: 1692 -1
1723: 64 -1
1724: 1720 -1
1725: 1686 -1
1726: 1729 -1
1727: 1729 -1
1728: -1
1729: -1
1730: 65 -1
1731: 65 -1
1732: 65 -1
1733: 65 -1
1734: 65 -1
1735: 1786 1794 1797 1787 1790 -1
1736: -1
1737: -1
1738: 66 1784 1797 1791 1805 -1
1739: 262 1753 1751 1742 66 1743 -1
1740: 1742 1761 262 1743 1726 181 -1
1741: 262 1782 1751 1742 1806 -1
1742: 1806 262 1741 1780 1753 1752 1827 1792 66 1791 1751 1743 1740 1754 1747 1829 1769 1749 1793 -1
1743: -1
1744: -1
1745: 1780 262 1783 1806 -1
1746: -1
1747: 967 262 598 1753 1749 1752 1827 66 1806 -1
1748: 1751 1743 262 1740 1754 1747 1829 1762 1765 1780 -1
1749: 1752 262 1753 1751 1742 1793 1747 66 1818 1806 79 -1
1750: 3093 -1
1751: -1
1752: -1
1753: 66 1742 2047 1818 -1
1754: 262 1742 166 1747 1751 1829 1791 66 -1
1755: 181 -1
1756: -1
1757: -1
1758: -1
1759: -1
1760: -1
1761: -1
1762: -1
1763: -1
1764: 1758 1763 1773 1774 -1
1765: -1
1766: -1
1767: -1
1768: -1
1769: -1
1770: -1
1771: -1
1772: 2922 -1
1773: -1
1774: -1
1775: -1
1776: -1
1777: -1
1778: 1787 1797 66 262 1818 -1
1779: -1
1780: -1
1781: -1
1782: -1
1783: -1
1784: -1
1785: -1
1786: -1
1787: 1790 -1
1788: -1
1789: -1
1790: 1805 -1
1791: -1
1792: 262 -1
1793: 262 66 -1
1794: -1
1795: -1
1796: -1
1797: 1801 -1
1798: -1
1799: -1
1800: 262 1753 1751 1742 66 1743 -1
1801: 262 1793 1783 1748 1743 1790 1797 66 1827 1818 1806 -1
1802: -1
1803: 66 1786 1788 1797 1791 1805 -1
1804: -1
1805: -1
1806: 1783 262 1745 1769 1760 1752 1788 1781 1802 1765 865 -1
1807: 1781 1798 262 1751 66 1745 -1
1808: 1789 1787 262 66 1790 1748 1793 1786 1797 1801 1752 1780 1781 1794 -1
1809: 262 1786 1789 128 66 1803 1800 1752 1794 -1
1810: 66 -1
1811: 1784 1797 66 1791 1805 -1
1812: 1784 1797 66 1791 1805 -1
1813: 1798 66 1753 1794 262 -1
1814: 1786 1787 1797 66 1783 1752 1805 -1
1815: 1789 262 66 -1
1816: 1794 1797 1787 66 1790 -1
1817: -1
1818: 262 66 1753 -1
1819: 1798 166 1726 262 1780 1752 1783 1753 1787 1751 1789 1790 1800 1797 66 1952 -1
1820: 66 1748 1781 -1
1821: 66 -1
1822: 1784 1797 66 1791 1805 -1
1823: 1784 1797 66 1791 1805 -1
1824: 1784 1797 66 1791 1805 -1
1825: 1793 1789 1787 66 1783 2008 262 1786 -1
1826: 262 2566 1806 3013 1818 -1
1827: 262 1798 1799 1753 1818 1748 1743 598 1749 115 1789 1742 1792 1752 1747 1794 66 1791 1801 535 1806 2579 157 2019 103 -1
1828: 1787 66 1782 1794 -1
1829: 262 1753 1751 1742 66 1743 -1
1830: 1783 262 1748 66 1797 1827 1786 1787 1753 1796 1752 1789 1782 1781 865 -1
1831: 1783 66 -1
1832: 262 121 1817 66 1794 -1
1833: 1797 66 262 -1
1834: 1787 66 1782 1794 -1
1835: 262 1780 1793 1752 1753 66 1800 1799 1787 1783 1794 1797 1790 79 -1
1836: 262 1750 66 598 1787 -1
1837: 1806 1753 262 1787 66 1752 -1
1838: 66 1783 1752 -1
1839: 66 1752 1798 1794 -1
1840: 1783 262 1745 1760 1818 66 1741 1748 1747 1743 1797 1782 1794 1827 1786 1787 1753 1796 1752 1789 1781 1772 1791 865 -1
1841: 1791 262 66 -1
1842: 262 1741 66 1753 1789 1752 -1
1843: 1753 1787 1749 66 -1
1844: 1752 1789 66 1786 1794 -1
1845: 1766 1748 1806 1787 1827 66 262 1783 -1
1846: 1782 262 66 -1
1847: 262 66 1753 1789 1795 1794 2008 1781 1896 -1
1848: 1787 1797 66 1818 -1
1849: 1750 -1
1850: 1782 66 1748 1806 1760 -1
1851: 1753 1789 1797 66 1827 -1
1852: 1752 2588 262 1816 2579 1787 1765 1789 130 1726 2188 166 66 25 -1
1853: 1800 1789 1752 1797 66 262 -1
1854: 1783 262 1745 1760 1818 66 1741 1748 1747 1743 1797 1782 1794 1827 1786 1787 1753 1796 1752 1789 1781 1896 865 -1
1855: 1789 1780 262 598 1797 66 1806 -1
1856: -1
1857: 1856 -1
1858: 2503 67 1168 -1
1859: 1856 -1
1860: 1856 -1
1861: -1
1862: 1856 -1
1863: 118 67 121 -1
1864: 2579 7 67 3013 115 92 128 409 103 2128 166 2019 -1
1865: 445 2588 115 67 -1
1866: 7 67 562 -1
1867: 1856 -1
1868: 1856 -1
1869: 1856 -1
1870: 67 -1
1871: 1856 -1
1872: 1856 -1
1873: 68 -1
1874: 68 -1
1875: 68 1896 -1
1876: 68 -1
1877: 68 -1
1878: 68 -1
1879: 68 -1
1880: 68 -1
1881: -1
1882: 1894 -1
1883: 1894 -1
1884: 1894 -1
1885: 2922 -1
1886: 1894 -1
1887: 1881 -1
1888: -1
1889: 1894 -1
1890: 1894 -1
1891: -1
1892: -1
1893: -1
1894: -1
1895: -1
1896: -1
1897: 2286 4 -1
1898: 2588 70 -1
1899: 2588 115 1898 232 103 70 35 214 -1
1900: 1898 70 -1
1901: -1
1902: -1
1903: -1
1904: -1
1905: 1908 706 -1
1906: 1908 -1
1907: 1908 -1
1908: 1904 121 79 -1
1909: 1904 -1
1910: 1904 -1
1911: 71 -1
1912: 71 -1
1913: 121 1908 1903 1907 2588 71 1905 1902 -1
1914: 71 1902 -1
1915: 1908 1904 71 1905 1903 1918 -1
1916: 71 1902 -1
1917: 71 -1
1918: 1908 1904 1903 71 1905 -1
1919: 71 -1
1920: 71 -1
1921: 71 -1
1922: 71 -1
1923: 2587 72 -1
1924: 72 -1
1925: 72 2587 1923 -1
1926: 72 2579 -1
1927: -1
1928: 73 -1
1929: 73 1935 -1
1930: 166 115 3065 73 -1
1931: 73 115 -1
1932: 73 -1
1933: 157 73 1979 -1
1934: 73 -1
1935: -1
1936: 73 2588 103 166 -1
1937: 73 115 -1
1938: 73 -1
1939: 73 166 115 157 1896 92 121 1783 3013 2188 128 -1
1940: 73 -1
1941: 73 3013 -1
1942: 73 -1
1943: 73 -1
1944: 73 -1
1945: -1
1946: -1
1947: 74 1951 -1
1948: 1947 2588 2918 74 -1
1949: 1947 74 1896 1788 1951 -1
1950: 74 1947 1951 -1
1951: 74 -1
1952: -1
1953: 349 86 -1
1954: 349 86 -1
1955: 349 86 -1
1956: 75 -1
1957: 75 -1
1958: 75 -1
1959: 75 -1
1960: 349 86 -1
1961: 349 86 -1
1962: 349 86 -1
1963: 349 86 -1
1964: 349 86 -1
1965: 349 86 -1
1966: 349 86 -1
1967: 1952 75 1968 -1
1968: 75 1952 -1
1969: -1
1970: -1
1971: -1
1972: -1
1973: -1
1974: -1
1975: -1
1976: -1
1977: -1
1978: 76 1222 1881 -1
1979: -1
1980: 76 -1
1981: 76 -1
1982: 76 1783 -1
1983: 76 -1
1984: -1
1985: -1
1986: 1984 77 -1
1987: 77 -1
1988: 77 -1
1989: 77 -1
1990: 77 -1
1991: 77 1896 166 -1
1992: 77 -1
1993: 77 -1
1994: 173 -1
1995: 1984 -1
1996: 77 -1
1997: 1984 77 -1
1998: 1984 -1
1999: 1896 78 1788 1979 121 1952 10 128 -1
2000: 1896 78 121 1979 1952 1788 10 -1
2001: 78 -1
2002: -1
2003: 115 79 -1
2004: 79 -1
2005: 1276 -1
2006: 80 -1
2007: 80 -1
2008: 262 1855 -1
2009: 80 -1
2010: 80 -1
2011: 80 -1
2012: 1276 -1
2013: -1
2014: -1
2015: -1
2016: -1
2017: 2015 2016 -1
2018: -1
2019: 2769 -1
2020: 7 81 -1
2021: 82 -1
2022: 128 1896 82 1783 1788 2479 170 115 2588 121 -1
2023: 1896 166 1788 128 82 115 -1
2024: 82 1896 157 128 166 1788 115 2023 -1
2025: 82 -1
2026: -1
2027: 115 2588 128 166 83 -1
2028: 83 -1
2029: 2026 1781 92 157 -1
2030: 2588 83 -1
2031: 83 3013 166 1896 115 1756 -1
2032: 3040 -1
2033: 83 -1
2034: 2588 83 3013 166 128 2188 10 2587 1896 2579 115 122 157 147 844 1903 1754 1952 1756 -1
2035: 2945 83 -1
2036: 2028 83 2038 -1
2037: 83 -1
2038: 2028 83 -1
2039: 83 -1
2040: 83 2028 -1
2041: -1
2042: 84 -1
2043: 262 84 -1
2044: 1726 84 -1
2045: 84 -1
2046: 84 -1
2047: -1
2048: 85 -1
2049: 85 -1
2050: 85 -1
2051: 85 -1
2052: 85 -1
2053: 85 79 3172 2587 3171 135 1788 122 535 2579 1767 -1
2054: 85 -1
2055: 85 -1
2056: 85 -1
2057: 85 -1
2058: 85 -1
2059: 85 -1
2060: 85 -1
2061: 85 -1
2062: 85 -1
2063: 85 166 -1
2064: 85 -1
2065: 85 -1
2066: 85 -1
2067: 85 -1
2068: 2047 -1
2069: 85 -1
2070: 85 -1
2071: 85 -1
2072: 349 86 -1
2073: 349 350 1952 86 351 -1
2074: 351 86 349 -1
2075: 86 -1
2076: 6 -1
2077: 6 -1
2078: 86 -1
2079: 6 86 -1
2080: 86 -1
2081: 87 -1
2082: 87 -1
2083: 2728 121 87 181 -1
2084: 181 87 -1
2085: 87 2088 2096 2092 -1
2086: 87 -1
2087: 1952 87 1781 2588 2242 92 128 1760 1276 1726 1798 181 2013 26 27 1908 115 1881 1766 2553 121 262 1780 -1
2088: 87 -1
2089: 87 -1
2090: 87 -1
2091: 87 122 -1
2092: 87 -1
2093: 1758 1764 1766 1760 1762 1896 2013 1788 87 94 1726 -1
2094: 87 -1
2095: 87 -1
2096: 87 -1
2097: 87 -1
2098: 87 -1
2099: 87 -1
2100: 87 -1
2101: 87 -1
2102: 87 -1
2103: 87 2588 -1
2104: 87 -1
2105: 87 -1
2106: 87 -1
2107: 87 -1
2108: 87 -1
2109: 87 66 -1
2110: 87 -1
2111: -1
2112: -1
2113: -1
2114: 2113 2112 88 -1
2115: 1881 -1
2116: 1881 -1
2117: 1881 -1
2118: 88 -1
2119: 88 2123 -1
2120: 88 -1
2121: 88 -1
2122: 88 -1
2123: 1881 -1
2124: -1
2125: 88 -1
2126: -1
2127: -1
2128: -1
2129: 89 -1
2130: 89 2248 -1
2131: 89 -1
2132: 89 -1
2133: 89 2019 -1
2134: 89 -1
2135: 2566 89 2128 -1
2136: 89 -1
2137: 103 27 403 2014 89 -1
2138: 2019 2016 89 -1
2139: 89 -1
2140: 2147 89 -1
2141: 89 -1
2142: 89 -1
2143: 89 -1
2144: 89 -1
2145: 121 89 -1
2146: 3013 89 -1
2147: -1
2148: 2566 89 2128 -1
2149: 2128 2014 89 -1
2150: 2128 2014 89 -1
2151: 89 2019 -1
2152: 89 2019 -1
2153: 89 2014 -1
2154: 2128 89 -1
2155: 865 89 2019 2014 2016 -1
2156: 2566 89 -1
2157: 89 -1
2158: 89 -1
2159: 90 2172 -1
2160: 90 2167 -1
2161: 90 -1
2162: 90 2160 -1
2163: 90 -1
2164: 90 -1
2165: 90 682 -1
2166: 103 90 -1
2167: 90 -1
2168: 2180 90 -1
2169: 90 2180 -1
2170: 92 90 -1
2171: 1896 90 2180 -1
2172: 90 2180 2167 -1
2173: 90 -1
2174: 90 -1
2175: 90 -1
2176: 90 -1
2177: 90 -1
2178: 1788 1766 2762 90 -1
2179: 90 682 -1
2180: 90 -1
2181: 90 1712 -1
2182: 90 -1
2183: 90 -1
2184: 90 -1
2185: 90 2160 -1
2186: -1
2187: 2186 -1
2188: -1
2189: -1
2190: 2188 2189 91 121 -1
2191: 2188 -1
2192: 3199 91 166 -1
2193: 128 91 -1
2194: 91 128 -1
2195: 2188 91 -1
2196: 2188 166 103 -1
2197: 91 -1
2198: 91 -1
2199: 92 -1
2200: 1896 92 -1
2201: 92 121 -1
2202: 92 2204 -1
2203: 92 -1
2204: 92 121 -1
2205: 92 -1
2206: 128 2019 93 92 -1
2207: 93 -1
2208: 93 -1
2209: 93 -1
2210: 262 93 -1
2211: 93 -1
2212: 93 -1
2213: 2018 93 128 157 980 3013 2977 2579 115 1788 166 1896 1952 92 1661 103 121 -1
2214: -1
2215: 121 166 92 94 -1
2216: 170 94 157 35 1896 -1
2217: 94 128 -1
2218: 94 128 -1
2219: 2214 -1
2220: 2510 1896 1783 1952 121 94 -1
2221: 95 -1
2222: 96 -1
2223: 96 2230 -1
2224: 96 -1
2225: 96 -1
2226: 96 -1
2227: 96 -1
2228: 1783 96 1896 -1
2229: 121 1896 702 96 -1
2230: 96 -1
2231: 96 -1
2232: 96 -1
2233: 1896 128 122 -1
2234: 97 2510 -1
2235: 97 -1
2236: 3032 97 -1
2237: 97 2241 -1
2238: 97 3013 -1
2239: 97 -1
2240: 97 1788 2188 121 544 1896 -1
2241: 97 -1
2242: -1
2243: 98 -1
2244: -1
2245: 2242 -1
2246: 2242 -1
2247: 2242 -1
2248: -1
2249: 98 2453 -1
2250: 35 1170 98 2244 -1
2251: 98 1174 3 -1
2252: 98 -1
2253: -1
2254: -1
2255: -1
2256: -1
2257: 99 2263 -1
2258: 99 2263 -1
2259: 99 -1
2260: 99 -1
2261: 99 2263 -1
2262: 99 2260 -1
2263: -1
2264: 99 2263 -1
2265: 99 -1
2266: 99 2263 -1
2267: 99 -1
2268: 99 2263 -1
2269: 100 -1
2270: 100 544 -1
2271: 100 -1
2272: 100 -1
2273: 100 -1
2274: 100 -1
2275: -1
2276: 101 2275 -1
2277: 102 -1
2278: 2189 102 -1
2279: 1896 2280 102 -1
2280: 102 -1
2281: 2 4 1743 -1
2282: -1
2283: 2 4 1743 -1
2284: -1
2285: -1
2286: -1
2287: -1
2288: -1
2289: -1
2290: -1
2291: -1
2292: -1
2293: 2594 2595 2596 2597 2598 2599 2600 2601 2623 2624 2625 2626 2627 2628 2629 -1
2294: -1
2295: -1
2296: -1
2297: -1
2298: 2 -1
2299: -1
2300: -1
2301: 2 4 -1
2302: 4 2323 -1
2303: -1
2304: 4 2697 2700 -1
2305: 4 2697 2698 2699 -1
2306: 2 4 1743 -1
2307: -1
2308: -1
2309: -1
2310: -1
2311: -1
2312: -1
2313: -1
2314: -1
2315: 2 4 1743 -1
2316: 3013 -1
2317: 2 4 1743 -1
2318: -1
2319: -1
2320: -1
2321: 2594 2595 2596 2597 2598 2599 2600 2601 2623 2624 2625 2626 2627 2628 2629 -1
2322: -1
2323: -1
2324: -1
2325: -1
2326: -1
2327: 103 -1
2328: -1
2329: -1
2330: -1
2331: 4 -1
2332: 103 -1
2333: -1
2334: 4 2047 -1
2335: -1
2336: 2332 2333 -1
2337: 2332 2333 -1
2338: 2332 2333 1788 -1
2339: 4 2332 2333 -1
2340: 2333 -1
2341: 2332 2333 -1
2342: 2332 2333 -1
2343: 2332 2333 -1
2344: 103 -1
2345: -1
2346: 4 2697 2698 2699 2700 103 2323 3040 -1
2347: 2332 2333 -1
2348: 2304 2302 2303 2301 2 139 2326 2899 2332 2333 -1
2349: 2332 2333 -1
2350: 103 -1
2351: 4 -1
2352: 2 139 2897 4 2296 103 2361 -1
2353: 4 103 2 2323 -1
2354: 2 103 2345 -1
2355: 4 2334 36 103 214 2323 -1
2356: 2 2332 2333 -1
2357: 2332 2333 -1
2358: 2 4 103 -1
2359: 2 103 166 2587 2588 -1
2360: 2 4 103 -1
2361: 2 2296 4 103 139 2897 -1
2362: 4 2323 3040 2 103 1788 -1
2363: 2332 2333 -1
2364: -1
2365: 166 2588 79 104 52 -1
2366: 1275 -1
2367: 104 2579 166 -1
2368: 166 2588 2585 122 104 3013 -1
2369: 104 -1
2370: 166 52 2585 103 2587 1902 1342 544 1788 104 3013 1275 1276 2005 2379 -1
2371: 104 -1
2372: 104 -1
2373: 104 -1
2374: 104 -1
2375: 1275 -1
2376: 104 -1
2377: 2566 104 79 2579 -1
2378: 2588 104 2579 166 -1
2379: 1276 -1
2380: 1276 -1
2381: 105 1276 -1
2382: 1276 105 -1
2383: 1276 -1
2384: 1276 -1
2385: 1276 -1
2386: 105 2005 -1
2387: 1894 105 -1
2388: 105 -1
2389: -1
2390: -1
2391: -1
2392: 327 -1
2393: 3134 -1
2394: 167 -1
2395: 106 2389 -1
2396: 121 106 -1
2397: 2389 106 2395 -1
2398: 2389 106 -1
2399: 106 -1
2400: 106 -1
2401: -1
2402: 2401 -1
2403: 2401 -1
2404: 2401 -1
2405: 2401 -1
2406: 2401 -1
2407: 2401 -1
2408: 2401 -1
2409: 2188 107 121 166 -1
2410: 10 107 1896 170 1781 -1
2411: 2401 -1
2412: 2401 -1
2413: 2401 -1
2414: 2401 -1
2415: 2401 -1
2416: 2401 -1
2417: 2401 107 -1
2418: 2401 -1
2419: 2401 -1
2420: 2401 -1
2421: 107 -1
2422: 107 10 92 -1
2423: 107 -1
2424: 1449 1450 1451 1452 1453 1454 1615 -1
2425: -1
2426: 121 1754 115 166 109 2588 1952 -1
2427: 121 109 1662 128 73 3040 -1
2428: 110 -1
2429: 110 122 -1
2430: 110 -1
2431: 110 -1
2432: 110 128 -1
2433: 110 3088 1788 -1
2434: 2945 111 2436 -1
2435: -1
2436: -1
2437: -1
2438: 2437 2441 -1
2439: -1
2440: 2441 -1
2441: -1
2442: 2445 2446 2447 -1
2443: 2442 2448 -1
2444: 2452 -1
2445: 2442 -1
2446: 111 -1
2447: -1
2448: -1
2449: -1
2450: -1
2451: -1
2452: -1
2453: -1
2454: 111 -1
2455: 111 -1
2456: 2436 111 166 28 -1
2457: 111 2460 -1
2458: 111 103 1788 128 166 -1
2459: 128 111 166 -1
2460: 111 -1
2461: 111 103 2437 121 -1
2462: -1
2463: 112 -1
2464: 2462 -1
2465: 2462 -1
2466: 112 -1
2467: 112 166 115 73 92 128 -1
2468: 2462 -1
2469: 1301 2462 -1
2470: 112 2462 -1
2471: -1
2472: -1
2473: -1
2474: -1
2475: -1
2476: -1
2477: -1
2478: -1
2479: 865 -1
2480: -1
2481: -1
2482: -1
2483: -1
2484: -1
2485: -1
2486: -1
2487: 2471 2472 2473 2474 2475 2476 2477 2478 2479 2480 2481 2482 2483 2484 2485 2486 2492 865 -1
2488: 2471 2472 2473 2474 2475 2476 2477 2478 2479 2480 2481 2482 2483 2484 2485 2486 2492 865 -1
2489: 2471 2472 2473 2474 2475 2476 2477 2478 2479 2480 2481 2482 2483 2484 2485 2486 2492 865 -1
2490: 2471 2472 2473 2474 2475 2476 2477 2478 2479 2480 2481 2482 2483 2484 2485 2486 2492 865 -1
2491: 2471 2472 2473 2474 2475 2476 2477 2478 2479 2480 2481 2482 2483 2484 2485 2486 1952 121 2492 865 -1
2492: -1
2493: 544 -1
2494: 113 -1
2495: 113 2474 2481 2471 2475 2482 2479 2476 2478 2477 2483 -1
2496: 2474 113 -1
2497: 113 128 516 -1
2498: 113 -1
2499: 113 -1
2500: 2475 1896 113 -1
2501: 113 -1
2502: 113 -1
2503: 1945 -1
2504: -1
2505: -1
2506: 114 -1
2507: 114 -1
2508: 114 3032 -1
2509: -1
2510: -1
2511: 115 -1
2512: 2453 2517 2333 103 2928 1240 -1
2513: 128 2588 115 -1
2514: 1896 -1
2515: 115 -1
2516: 1758 115 2588 -1
2517: 1945 115 2588 -1
2518: 115 -1
2519: 128 121 116 -1
2520: 1783 116 -1
2521: 116 -1
2522: 116 -1
2523: 116 1783 2520 -1
2524: 2510 1896 117 -1
2525: 2510 121 1896 544 117 1781 -1
2526: 117 -1
2527: 117 -1
2528: 121 117 181 -1
2529: 117 -1
2530: 117 -1
2531: 117 181 -1
2532: 118 831 544 -1
2533: 118 -1
2534: 118 -1
2535: 118 -1
2536: 1896 118 1276 128 -1
2537: 118 831 2188 -1
2538: 118 122 -1
2539: 119 3013 -1
2540: 0 119 -1
2541: 181 -1
2542: 120 -1
2543: 1894 181 -1
2544: 1760 -1
2545: 166 120 -1
2546: 120 -1
2547: 327 -1
2548: -1
2549: -1
2550: -1
2551: -1
2552: -1
2553: -1
2554: -1
2555: 2568 -1
2556: 2553 -1
2557: 10 -1
2558: 2188 1788 2579 103 -1
2559: 2553 -1
2560: 10 2553 121 -1
2561: 2568 2563 -1
2562: 2553 2554 -1
2563: 2553 -1
2564: 2553 2554 157 1908 -1
2565: 121 -1
2566: -1
2567: 2553 2577 -1
2568: 2548 2549 2453 -1
2569: 2568 -1
2570: 2588 -1
2571: 2553 2577 92 3013 2554 1896 2552 2566 3201 -1
2572: 121 2553 2552 -1
2573: 2563 -1
2574: 166 115 2553 2568 2563 -1
2575: 2553 2577 92 3013 2554 1896 3201 2552 2566 -1
2576: 2553 2047 2552 -1
2577: 2552 -1
2578: 2568 -1
2579: -1
2580: 2587 -1
2581: 122 79 2583 -1
2582: 3172 79 2579 -1
2583: 79 122 -1
2584: -1
2585: 535 -1
2586: -1
2587: -1
2588: -1
2589: 535 79 123 2579 3013 3172 -1
2590: 3013 121 1896 123 166 2510 10 2587 3065 2579 103 1952 2479 115 535 128 2588 79 2585 157 1781 92 111 53 52 3032 -1
2591: 831 2588 123 166 2510 10 -1
2592: 123 157 10 2593 -1
2593: 123 10 157 -1
2594: -1
2595: -1
2596: -1
2597: -1
2598: -1
2599: -1
2600: -1
2601: -1
2602: -1
2603: 2594 2595 2596 2597 2598 2599 2600 2601 -1
2604: 2594 2595 2596 2597 2598 2599 2600 2601 -1
2605: 2594 2595 2596 2597 2598 2599 2600 2601 2623 2624 2625 2626 2627 2628 2629 -1
2606: 2594 2595 2596 2597 2598 2599 2600 2601 2623 2624 2625 2626 2627 2628 2629 -1
2607: 2594 2595 2596 2597 2598 2599 2600 2601 2623 2624 2625 2626 2627 2628 2629 -1
2608: 2594 2595 2596 2597 2598 2599 2600 2601 2623 2624 2625 2626 2627 2628 2629 -1
2609: 2594 2595 2596 2597 2598 2599 2600 2601 2623 2624 2625 2626 2627 2628 2629 -1
2610: 2594 2595 2596 2597 2598 2599 2600 2601 2623 2624 2625 2626 2627 2628 2629 -1
2611: 2594 2595 2596 2597 2598 2599 2600 2601 2623 2624 2625 2626 2627 2628 2629 -1
2612: 2594 2595 2596 2597 2598 2599 2600 2601 2623 2624 2625 2626 2627 2628 2629 -1
2613: 2594 2595 2596 2597 2598 2599 2600 2601 2623 2624 2625 2626 2627 2628 2629 -1
2614: 2594 2595 2596 2597 2598 2599 2600 2601 2623 2624 2625 2626 2627 2628 2629 -1
2615: 2594 2595 2596 2597 2598 2599 2600 2601 2623 2624 2625 2626 2627 2628 2629 -1
2616: 2594 2595 2596 2597 2598 2599 2600 2601 2623 2624 2625 2626 2627 2628 2629 -1
2617: 2594 2595 2596 2597 2598 2599 2600 2601 -1
2618: 2594 2595 2596 2597 2598 2599 2600 2601 2623 2624 2625 2626 2627 2628 2629 -1
2619: 2594 2595 2596 2597 2598 2599 2600 2601 2623 2624 2625 2626 2627 2628 2629 -1
2620: 2594 2595 2596 2597 2598 2599 2600 2601 2623 2624 2625 2626 2627 2628 2629 -1
2621: 2594 2595 2596 2597 2598 2599 2600 2601 2623 2624 2625 2626 2627 2628 2629 -1
2622: 2594 2595 2596 2597 2598 2599 2600 2601 2623 2624 2625 2626 2627 2628 2629 -1
2623: -1
2624: -1
2625: -1
2626: -1
2627: -1
2628: -1
2629: -1
2630: 2594 2595 2596 2597 2598 2599 2600 2601 2623 2624 2625 2626 2627 2628 2629 -1
2631: 2594 2595 2596 2597 2598 2599 2600 2601 2623 2624 2625 2626 2627 2628 2629 -1
2632: 2594 2595 2596 2597 2598 2599 2600 2601 2623 2624 2625 2626 2627 2628 2629 -1
2633: 2594 2595 2596 2597 2598 2599 2600 2601 2623 2624 2625 2626 2627 2628 2629 -1
2634: 2594 2595 2596 2597 2598 2599 2600 2601 2623 2624 2625 2626 2627 2628 2629 -1
2635: 2594 2595 2596 2597 2598 2599 2600 2601 2623 2624 2625 2626 2627 2628 2629 -1
2636: 2594 2595 2596 2597 2598 2599 2600 2601 2623 2624 2625 2626 2627 2628 2629 -1
2637: 2594 2595 2596 2597 2598 2599 2600 2601 2623 2624 2625 2626 2627 2628 2629 -1
2638: 2594 2595 2596 2597 2598 2599 2600 2601 2623 2624 2625 2626 2627 2628 2629 -1
2639: 2602 -1
2640: 2594 2595 2596 2597 2598 2599 2600 2601 2623 2624 2625 2626 2627 2628 2629 -1
2641: 2594 2595 2596 2597 2598 2599 2600 2601 2623 2624 2625 2626 2627 2628 2629 -1
2642: 2594 2595 2596 2597 2598 2599 2600 2601 2623 2624 2625 2626 2627 2628 2629 -1
2643: 2594 2595 2596 2597 2598 2599 2600 2601 2623 2624 2625 2626 2627 2628 2629 -1
2644: 2594 2595 2596 2597 2598 2599 2600 2601 2623 2624 2625 2626 2627 2628 2629 -1
2645: 2594 2595 2596 2597 2598 2599 2600 2601 2623 2624 2625 2626 2627 2628 2629 -1
2646: 2594 2595 2596 2597 2598 2599 2600 2601 2623 2624 2625 2626 2627 2628 2629 -1
2647: 2594 2595 2596 2597 2598 2599 2600 2601 2623 2624 2625 2626 2627 2628 2629 -1
2648: 170 121 10 125 36 115 544 1896 1788 166 2479 -1
2649: 1896 125 128 -1
2650: 126 -1
2651: 643 140 126 -1
2652: 126 2653 -1
2653: -1
2654: 1758 -1
2655: 126 -1
2656: 127 -1
2657: 127 1762 1276 121 1726 -1
2658: 127 -1
2659: 127 -1
2660: 127 -1
2661: 127 -1
2662: 127 -1
2663: 127 -1
2664: -1
2665: -1
2666: -1
2667: 128 121 1788 -1
2668: 128 1952 1788 2579 -1
2669: 128 -1
2670: 2664 2665 2666 -1
2671: 2664 2665 2666 -1
2672: 2665 2666 -1
2673: 2665 2666 -1
2674: 128 535 -1
2675: 2665 2666 -1
2676: 1894 2665 2666 -1
2677: 2665 2666 -1
2678: 2664 2665 2666 -1
2679: 128 2587 2669 -1
2680: 129 166 -1
2681: 129 -1
2682: 129 -1
2683: 129 -1
2684: 53 129 2687 -1
2685: 129 -1
2686: 129 -1
2687: 129 53 -1
2688: 129 2686 -1
2689: 130 164 79 128 3013 1754 2579 2690 -1
2690: 79 128 1754 164 3013 130 -1
2691: -1
2692: 2691 -1
2693: 131 -1
2694: 2691 131 -1
2695: 131 1783 -1
2696: 4 2697 2323 -1
2697: -1
2698: -1
2699: -1
2700: 4 2047 -1
2701: 1752 262 132 -1
2702: 4 2697 -1
2703: 4 2697 -1
2704: 4 -1
2705: 4 2697 -1
2706: 4 2697 -1
2707: 4 2697 -1
2708: 4 2697 -1
2709: 4 2697 -1
2710: 4 -1
2711: 132 4 -1
2712: 132 2127 128 -1
2713: 2 132 -1
2714: 132 -1
2715: 4 2697 2698 2699 -1
2716: 133 -1
2717: 134 535 2587 79 121 2579 -1
2718: 134 -1
2719: 134 -1
2720: 134 -1
2721: 134 535 79 2722 -1
2722: 535 79 134 -1
2723: -1
2724: 2723 -1
2725: 79 135 121 -1
2726: 135 2453 -1
2727: 135 -1
2728: 121 136 1896 -1
2729: 137 -1
2730: -1
2731: -1
2732: -1
2733: -1
2734: -1
2735: -1
2736: -1
2737: -1
2738: 2587 2579 128 544 123 166 137 1783 2588 3013 115 262 92 157 2692 2691 -1
2739: 544 2579 137 166 -1
2740: 115 103 137 -1
2741: 2588 2737 137 122 -1
2742: 166 2588 3013 2737 137 122 -1
2743: 1896 166 128 2692 121 122 2588 2737 3013 137 1952 2579 157 130 1662 2691 -1
2744: 137 -1
2745: 1781 137 -1
2746: 2579 137 -1
2747: 137 2579 166 -1
2748: -1
2749: -1
2750: -1
2751: 138 1341 -1
2752: 1783 138 121 128 -1
2753: 2748 -1
2754: 2748 2750 -1
2755: 2748 2750 -1
2756: 1894 138 -1
2757: 1341 -1
2758: 138 -1
2759: 1783 103 138 121 -1
2760: 2748 2750 -1
2761: 2748 2750 -1
2762: -1
2763: 2762 140 -1
2764: 13 140 -1
2765: 1726 2762 140 -1
2766: -1
2767: 141 -1
2768: 141 -1
2769: 2019 -1
2770: 2769 -1
2771: 2769 -1
2772: 2769 -1
2773: 2769 -1
2774: 2769 -1
2775: 2769 -1
2776: 2769 -1
2777: 2769 -1
2778: 2769 -1
2779: 142 -1
2780: 2769 -1
2781: 2769 -1
2782: 2769 -1
2783: 2769 -1
2784: 2769 -1
2785: 2769 -1
2786: 2769 -1
2787: 2769 -1
2788: 142 2801 -1
2789: 142 2770 2780 2783 2782 2811 -1
2790: 2769 -1
2791: 2769 -1
2792: 2769 -1
2793: 2769 -1
2794: 142 -1
2795: 2804 2801 2774 142 -1
2796: 160 142 3024 2047 -1
2797: 157 3030 142 3039 -1
2798: 142 157 2503 -1
2799: 142 3039 3024 2801 2804 -1
2800: 2769 -1
2801: 2769 -1
2802: 2769 -1
2803: 2769 -1
2804: 2769 -1
2805: 2769 -1
2806: 2769 -1
2807: 2769 -1
2808: 142 166 -1
2809: 2782 2811 2783 142 2801 2804 2806 -1
2810: 2769 -1
2811: 2769 -1
2812: 2778 2800 2803 2776 2807 2773 2787 2804 142 2801 -1
2813: 2820 2825 2826 2830 2832 2834 -1
2814: 2820 2825 2826 2830 2832 2834 -1
2815: 2820 2825 2826 2830 2832 2834 -1
2816: 2820 2825 2826 2830 2832 2834 8 -1
2817: 2820 2825 2826 2830 2832 2834 -1
2818: 2820 2825 2826 2830 2832 2834 -1
2819: 2820 2825 2826 2830 2832 2834 -1
2820: -1
2821: 2820 2825 2826 2830 2832 2834 -1
2822: 2820 2825 2826 2830 2832 2834 -1
2823: 2820 2825 2826 2830 2832 2834 -1
2824: 2820 2825 2826 2830 2832 2834 -1
2825: 2845 2826 2827 2888 2832 -1
2826: -1
2827: 2820 2825 2826 2830 2832 2834 -1
2828: 2820 2825 2826 2830 2832 2834 -1
2829: 2820 2825 2826 2830 2832 2834 -1
2830: -1
2831: 2820 2825 2826 2830 2832 2834 -1
2832: 2845 2813 2818 2841 2822 -1
2833: 2820 2825 2826 2830 2832 2834 -1
2834: 2813 2814 2815 2816 2817 2818 2819 2820 2821 2822 2823 2824 2825 2827 2828 2829 2830 2831 2832 2833 2835 2838 2839 143 2840 2841 2842 2843 2844 2845 2846 2847 -1
2835: -1
2836: 2820 2825 2826 2830 2832 2834 -1
2837: 2820 2825 2826 2830 2832 2834 -1
2838: 2820 2825 2826 2830 2832 2834 -1
2839: 2820 2825 2826 2830 2832 2834 -1
2840: 2820 2825 2826 2830 2832 2834 -1
2841: 2820 2825 2826 2830 2832 2834 -1
2842: 2820 2825 2826 2830 2832 2834 -1
2843: 2820 2825 2826 2830 2832 2834 -1
2844: 2820 2825 2826 2830 2832 2834 -1
2845: 2820 2825 2826 2830 2832 2834 -1
2846: -1
2847: -1
2848: 2820 2825 2826 2830 2832 2834 -1
2849: 2820 2825 2826 2830 2832 2834 -1
2850: 2820 2825 2826 2830 2832 2834 -1
2851: 2820 2825 2826 2830 2832 2834 -1
2852: 2820 2825 2826 2830 2832 2834 -1
2853: 2820 2825 2826 2830 2832 2834 -1
2854: 2820 2825 2826 2830 2832 2834 -1
2855: 2820 2825 2826 2830 2832 2834 -1
2856: 2820 2825 2826 2830 2832 2834 -1
2857: 2820 2825 2826 2830 2832 2834 -1
2858: 2820 2825 2826 2830 2832 2834 -1
2859: 2820 2825 2826 2830 2832 2834 -1
2860: 2820 2825 2826 2830 2832 2834 -1
2861: 2820 2825 2826 2830 2832 2834 -1
2862: 2820 2825 2826 2830 2832 2834 -1
2863: 2820 2825 2826 2830 2832 2834 -1
2864: 2820 2825 2826 2830 2832 2834 -1
2865: 2813 2814 2815 2816 2817 2818 2819 2820 2821 2822 2823 2824 2825 2827 2828 2829 2830 2831 2832 2833 2835 2838 2839 143 2840 2841 2842 2843 2844 2845 2846 2847 -1
2866: 2820 2825 2826 2830 2832 2834 -1
2867: 2820 2825 2826 2830 2832 2834 -1
2868: 2813 2814 2815 2816 2817 2818 2819 2821 2822 2823 2824 2825 2826 2827 2828 2829 2830 2831 2832 2833 2834 2835 2838 2839 143 2840 2841 2842 2843 2844 2845 2846 2847 -1
2869: 2820 2825 2826 2830 2832 2834 -1
2870: 2820 2825 2826 2830 2832 2834 -1
2871: 2820 2825 2826 2830 2832 2834 -1
2872: 2820 2825 2826 2830 2832 2834 -1
2873: 2820 2825 2826 2830 2832 2834 -1
2874: 2820 2825 2826 2830 2832 2834 -1
2875: 2820 2825 2826 2830 2832 2834 -1
2876: 2820 2825 2826 2830 2832 2834 -1
2877: 2820 2825 2826 2830 2832 2834 -1
2878: 2820 2825 2826 2830 2832 2834 -1
2879: 2820 2825 2826 2830 2832 2834 -1
2880: 2820 2825 2826 2830 2832 2834 -1
2881: 2820 2825 2826 2830 2832 2834 -1
2882: 2820 2825 2826 2830 2832 2834 -1
2883: 2820 2825 2826 2830 2832 2834 -1
2884: 2820 2825 2826 2830 2832 2834 -1
2885: 2820 2825 2826 2830 2832 2834 -1
2886: 2820 2825 2826 2830 2832 2834 -1
2887: 2820 2825 2826 2830 2832 2834 -1
2888: -1
2889: 2820 2825 2826 2830 2832 2834 -1
2890: 144 1896 -1
2891: 144 1896 2890 -1
2892: 2323 2 214 -1
2893: 4 -1
2894: 2323 -1
2895: 2 4 2897 -1
2896: 2323 1952 -1
2897: 2700 4 -1
2898: 2323 1952 -1
2899: 2700 2 4 -1
2900: -1
2901: 145 -1
2902: 145 1896 128 135 103 2909 -1
2903: 2900 -1
2904: 2900 -1
2905: 2900 -1
2906: 145 -1
2907: 145 -1
2908: 145 -1
2909: 135 145 128 1896 103 -1
2910: 2900 -1
2911: 146 115 128 103 -1
2912: 146 -1
2913: 146 2474 53 2822 1788 -1
2914: 146 -1
2915: 146 -1
2916: 146 1781 103 -1
2917: 146 -1
2918: -1
2919: -1
2920: -1
2921: -1
2922: -1
2923: -1
2924: -1
2925: -1
2926: -1
2927: -1
2928: 1743 -1
2929: 147 -1
2930: 115 147 3093 121 -1
2931: 544 -1
2932: 147 -1
2933: 147 2918 -1
2934: 121 1788 147 -1
2935: 147 -1
2936: 1788 25 121 147 -1
2937: 147 1788 2918 36 121 865 -1
2938: 2510 147 -1
2939: 2940 -1
2940: -1
2941: -1
2942: 148 92 1896 1902 2944 -1
2943: 2940 148 -1
2944: 1902 148 1896 92 -1
2945: -1
2946: -1
2947: -1
2948: -1
2949: -1
2950: -1
2951: -1
2952: -1
2953: -1
2954: -1
2955: -1
2956: -1
2957: -1
2958: 36 2566 128 92 150 1952 166 2588 2579 103 3013 157 79 53 2587 535 980 115 1788 2959 -1
2959: 2586 2188 103 128 150 -1
2960: 150 103 -1
2961: 150 -1
2962: 3013 150 166 36 -1
2963: 150 -1
2964: 150 166 3013 -1
2965: 2955 157 128 1896 92 -1
2966: 150 -1
2967: 1896 150 -1
2968: 151 -1
2969: 151 166 -1
2970: 151 -1
2971: 151 -1
2972: 151 -1
2973: 151 -1
2974: 151 -1
2975: 151 -1
2976: -1
2977: -1
2978: 152 -1
2979: 152 -1
2980: 152 -1
2981: 152 -1
2982: 152 121 10 3013 -1
2983: 152 -1
2984: 152 -1
2985: 152 -1
2986: 153 3101 3013 -1
2987: 153 3101 3013 -1
2988: 153 2588 3101 3013 -1
2989: 1896 153 115 10 1788 170 2588 -1
2990: 154 262 1752 1796 1748 1908 -1
2991: -1
2992: 154 -1
2993: 154 -1
2994: 154 647 -1
2995: 154 -1
2996: 154 7 296 177 2800 -1
2997: 156 -1
2998: 2484 156 1896 128 -1
2999: 1896 156 121 2482 -1
3000: 156 1896 -1
3001: -1
3002: -1
3003: -1
3004: 3001 -1
3005: 3001 -1
3006: 3001 -1
3007: 3001 -1
3008: 3001 -1
3009: 3001 -1
3010: 3001 3013 -1
3011: 3001 -1
3012: 3001 -1
3013: 157 -1
3014: 157 -1
3015: 3001 -1
3016: 3001 -1
3017: 158 -1
3018: 158 -1
3019: 158 -1
3020: 159 170 1896 1788 2188 166 -1
3021: 159 -1
3022: 3039 160 -1
3023: 160 -1
3024: 3037 160 -1
3025: 160 -1
3026: 2797 160 3030 -1
3027: 160 3030 2797 3026 -1
3028: 1712 160 -1
3029: 1712 160 -1
3030: 160 3036 -1
3031: 160 -1
3032: 160 -1
3033: 1712 160 -1
3034: 160 -1
3035: 160 -1
3036: 160 865 -1
3037: -1
3038: 160 -1
3039: 2748 166 160 -1
3040: -1
3041: -1
3042: -1
3043: -1
3044: -1
3045: -1
3046: -1
3047: -1
3048: -1
3049: -1
3050: -1
3051: -1
3052: -1
3053: -1
3054: -1
3055: -1
3056: 3060 3057 3059 3058 3061 -1
3057: -1
3058: -1
3059: -1
3060: -1
3061: -1
3062: 3057 162 -1
3063: 162 3057 544 -1
3064: 162 -1
3065: 3106 3107 -1
3066: -1
3067: -1
3068: 3071 865 -1
3069: -1
3070: -1
3071: -1
3072: -1
3073: -1
3074: 3076 3091 3069 3071 121 3075 3077 3083 3079 3080 3082 166 115 3085 3084 3086 128 3088 -1
3075: -1
3076: -1
3077: -1
3078: -1
3079: -1
3080: -1
3081: 1894 -1
3082: -1
3083: -1
3084: -1
3085: -1
3086: -1
3087: -1
3088: -1
3089: -1
3090: -1
3091: -1
3092: 121 3032 -1
3093: -1
3094: -1
3095: -1
3096: -1
3097: -1
3098: -1
3099: 3091 -1
3100: -1
3101: -1
3102: -1
3103: 3085 163 -1
3104: -1
3105: -1
3106: -1
3107: -1
3108: 3065 -1
3109: 128 1762 3107 -1
3110: 3065 -1
3111: 3075 3082 3083 3077 3081 3069 3065 166 3086 3080 3079 121 163 -1
3112: 163 3069 3075 3065 3077 166 3079 3083 3080 3081 3082 3086 3111 -1
3113: 164 1752 -1
3114: 164 -1
3115: 2503 1783 164 -1
3116: 164 26 27 1712 -1
3117: 2588 165 -1
3118: 165 -1
3119: 3091 3076 166 -1
3120: 3083 3081 3087 3084 3071 3091 3080 3076 128 3068 3082 3077 3075 3086 3088 -1
3121: 5 -1
3122: 5 -1
3123: 5 -1
3124: 167 -1
3125: 5 -1
3126: 5 -1
3127: 5 -1
3128: 5 -1
3129: 5 -1
3130: 5 -1
3131: 5 -1
3132: 5 -1
3133: 5 -1
3134: 5 -1
3135: 5 -1
3136: 5 -1
3137: 5 -1
3138: 5 -1
3139: 5 -1
3140: 167 -1
3141: 5 -1
3142: 167 -1
3143: 5 -1
3144: 5 -1
3145: 5 -1
3146: 5 -1
3147: 5 -1
3148: 5 -1
3149: 5 -1
3150: 5 -1
3151: 5 -1
3152: 167 -1
3153: 5 -1
3154: 5 -1
3155: 5 -1
3156: 5 -1
3157: 5 -1
3158: 5 -1
3159: 5 -1
3160: 5 -1
3161: 5 -1
3162: 5 -1
3163: 168 35 -1
3164: 168 -1
3165: 168 -1
3166: 169 -1
3167: 169 1952 -1
3168: 128 170 52 1742 535 3169 -1
3169: 170 535 128 52 1742 -1
3170: 121 166 170 1952 2918 103 1783 128 157 113 1788 -1
3171: -1
3172: -1
3173: -1
3174: 171 79 123 115 2579 2002 -1
3175: 171 79 27 1662 2587 2579 -1
3176: 1896 3177 121 -1
3177: 1896 121 -1
3178: 172 15 1896 -1
3179: 172 -1
3180: 121 172 -1
3181: 77 173 166 3185 -1
3182: 77 1984 173 -1
3183: 173 -1
3184: 77 173 -1
3185: 77 173 166 -1
3186: 173 -1
3187: 173 -1
3188: 77 173 1984 -1
3189: -1
3190: 115 3093 3200 3191 -1
3191: -1
3192: 3206 -1
3193: 3206 -1
3194: 3093 115 3200 3191 -1
3195: -1
3196: 3206 -1
3197: -1
3198: -1
3199: -1
3200: -1
3201: -1
3202: -1
3203: -1
3204: -1
3205: 3195 -1
3206: -1
3207: 175 -1
3208: 175 3207 -1
3209: 103 516 1896 176 -1
3210: 176 103 1896 516 3209 -1
3211: -1
3212: -1
3213: 3211 -1
3214: 3211 -1
3215: 177 -1
3216: 178 -1
3217: 178 -1
3218: 178 -1
3219: 179 -1
3220: 179 -1
3221: 1896 -1
3222: 128 180 3224 -1
3223: 180 -1
3224: 180 128 -1
