0: 189 190 -1
1: 206 19 -1
2: 246 -1
3: 289 290 291 292 293 294 295 296 297 298 299 300 301 302 303 304 305 306 307 308 309 310 311 312 313 314 -1
4: -1
5: 20 -1
6: 412 -1
7: -1
8: -1
9: -1
10: -1
11: -1
12: 128 26 575 576 577 578 -1
13: -1
14: -1
15: 666 667 668 669 670 671 672 673 674 675 676 677 678 679 680 105 1 681 682 683 684 685 686 687 688 689 690 -1
16: -1
17: 745 746 747 748 -1
18: 11 789 790 791 93 792 -1
19: 832 840 842 843 844 -1
20: -1
21: 920 921 -1
22: 920 921 -1
23: 972 973 974 2 975 -1
24: 61 -1
25: -1
26: -1
27: 1070 1071 1072 1073 1074 1075 -1
28: 1111 -1
29: -1
30: 723 16 1173 681 4 -1
31: 1201 1202 1203 1204 1205 1206 1207 1208 1209 1210 681 1211 35 1173 1212 1213 1214 1215 1216 1217 1218 1219 23 1220 1221 1222 1223 1224 1225 1226 1227 1228 1229 1230 1231 1232 1233 1234 1235 1236 1237 1239 1240 1241 1242 1243 1244 1245 1246 1247 1248 1249 1250 1251 1252 1253 1254 12 148 1255 577 1256 1257 26 1258 1055 1259 1260 1261 1262 1263 1264 1265 1266 1267 1268 1269 1270 1271 1272 1273 1274 1275 1276 1277 1278 1279 1280 1281 1282 1283 603 1284 1285 1286 1287 1288 1289 1290 1291 1292 1293 1294 1295 1296 1297 1298 576 1299 1300 1301 1302 1303 1304 1305 162 1306 1307 1308 1309 1310 1311 155 1312 1313 1314 1315 1316 1317 1318 1319 1320 1321 1322 1323 1324 1325 1326 1327 1328 1329 1330 1331 1332 1333 1334 1335 1336 -1
32: 1361 1362 1363 -1
33: 1401 1402 -1
34: -1
35: 1455 1456 1 0 68 36 27 12 1457 14 1458 -1
36: 1460 1461 1462 1463 1464 0 -1
37: 1494 -1
38: 1508 -1
39: -1
40: -1
41: -1
42: -1
43: -1
44: -1
45: 1716 1717 -1
46: 1736 -1
47: -1
48: 1236 1779 1780 106 -1
49: -1
50: -1
51: 1875 1877 -1
52: -1
53: 1938 -1
54: -1
55: 1980 -1
56: -1
57: -1
58: -1
59: -1
60: -1
61: -1
62: -1
63: -1
64: 2138 -1
65: -1
66: -1
67: -1
68: -1
69: 2221 2222 2223 -1
70: -1
71: -1
72: -1
73: -1
74: 2329 2331 -1
75: 2368 2369 2370 2371 2372 2373 2374 2375 2376 2377 2378 2379 2380 2381 2382 2383 2384 2385 -1
76: 2398 2404 -1
77: -1
78: 2464 -1
79: -1
80: -1
81: -1
82: -1
83: -1
84: 2575 2576 2577 2578 2579 2580 2581 2582 -1
85: 2620 -1
86: -1
87: 2671 -1
88: -1
89: 2703 -1
90: -1
91: -1
92: 2736 2737 2738 2739 2740 2741 2742 2743 -1
93: 821 2745 11 18 2746 815 -1
94: -1
95: -1
96: -1
97: 748 2796 2797 2798 2800 2801 -1
98: 2834 -1
99: 2849 2850 2851 2853 2854 2855 2856 2857 -1
100: 2888 2889 25 2890 70 2891 59 2892 21 1211 2893 4 2894 8 179 2895 2896 2897 2898 2899 36 2900 2901 127 1202 189 31 6 15 2902 2903 5 2904 271 2905 723 9 16 3 12 1 2906 2907 2908 2909 102 2910 137 2911 2912 2521 108 2913 -1
101: 2917 2918 1173 681 2919 2920 128 8 26 5 59 20 2921 2922 80 1304 105 2923 6 2924 15 74 175 141 122 16 2925 2926 12 23 1 2927 2928 2929 728 2930 2931 603 2932 2933 2934 155 2935 2936 2937 151 58 33 55 2938 2939 680 2940 -1
102: 2951 2952 2953 -1
103: 3000 -1
104: 3004 3005 3006 -1
105: 3028 12 1 80 681 -1
106: 3050 3051 3052 3054 3055 3056 3057 3058 3059 -1
107: -1
108: 8 42 -1
109: 3108 3109 2576 -1
110: 3134 3135 3136 3137 3138 -1
111: -1
112: -1
113: -1
114: 3216 3217 3218 -1
115: 3246 -1
116: 0 3264 3265 3266 3267 3268 3269 3270 3271 3272 3273 19 3274 110 506 3275 -1
117: -1
118: 3298 3299 3300 3302 3303 3324 3325 3326 3327 3328 -1
119: 3373 3374 3375 3376 2318 3377 -1
120: 25 1173 1 5 3390 175 3 23 47 3391 3392 9 3393 1166 6 156 3394 20 182 2905 177 3395 70 8 157 108 3396 3397 3398 3399 128 16 3400 31 26 12 1304 3401 155 15 86 3402 728 3403 132 3404 3405 3406 88 2935 3407 49 53 3408 33 43 135 3409 55 3410 104 3411 3412 38 3413 153 92 146 95 140 91 34 65 3414 60 3415 3416 3417 56 52 3418 117 67 44 3419 3420 45 3421 3422 3423 82 10 161 64 124 85 3424 54 77 17 113 3425 75 3426 96 57 50 3427 3428 3429 3430 166 3431 14 178 63 110 3432 3433 3434 152 1536 2425 41 7 3435 186 3436 3437 -1
121: -1
122: 681 3461 3462 2924 80 1 -1
123: -1
124: -1
125: -1
126: 3535 3545 90 3547 1341 -1
127: -1
128: -1
129: 3560 3561 -1
130: -1
131: 3617 -1
132: -1
133: 3642 3643 3644 -1
134: -1
135: -1
136: -1
137: -1
138: -1
139: 1494 -1
140: -1
141: -1
142: 3784 -1
143: -1
144: -1
145: 3815 -1
146: -1
147: -1
148: 3853 3854 -1
149: -1
150: 10 -1
151: -1
152: -1
153: 3920 3921 3928 3929 3930 3931 3932 -1
154: -1
155: 3965 -1
156: -1
157: 3993 4008 4009 -1
158: 4026 -1
159: 4037 4038 2329 -1
160: -1
161: 4069 -1
162: -1
163: -1
164: -1
165: 48 106 3053 3054 3055 3056 3057 3058 3059 -1
166: 4116 4117 4118 4119 -1
167: 4121 -1
168: -1
169: 4138 -1
170: 1173 1202 4008 4007 4151 7 4152 5 6 9 4153 4154 4155 4156 138 4157 4158 141 4159 -1
171: 4167 -1
172: 4170 4171 0 26 12 1173 4176 4177 4178 4179 4180 4181 4182 4183 4185 4186 -1
173: 4192 2671 -1
174: 4203 -1
175: 4218 -1
176: -1
177: -1
178: -1
179: 4263 1320 4264 4265 4266 4267 4268 4269 4270 4271 4272 4273 4274 4275 4276 4277 4278 4279 4280 4281 4282 4283 4284 4285 4286 -1
180: 289 297 4300 4301 4302 4303 4304 -1
181: -1
182: 20 4313 4314 2905 -1
183: -1
184: 838 19 -1
185: -1
186: -1
187: -1
188: 4376 4377 4378 4379 4380 -1
189: 246 -1
190: 191 -1
191: -1
192: -1
193: 3263 681 -1
194: 0 2 3437 2912 -1
195: 681 -1
196: 2540 0 2739 -1
197: 681 687 -1
198: 681 -1
199: 291 191 681 3938 161 1042 -1
200: 3374 0 550 -1
201: 0 191 2704 2670 4121 -1
202: 0 -1
203: 0 -1
204: 681 -1
205: -1
206: -1
207: 105 1 681 1173 2928 15 -1
208: 1 17 -1
209: 20 3085 4314 2905 4313 728 490 3438 9 687 3547 16 2894 8 1872 1 2902 1173 -1
210: 3607 1456 128 4273 1 3932 10 1877 -1
211: 681 1 -1
212: 681 1 -1
213: 4303 1771 680 15 1 25 1173 681 1870 1879 -1
214: 1 -1
215: 1 -1
216: 1173 35 9 126 15 723 23 1 2908 47 31 1202 127 90 16 717 8 157 20 5 59 7 10 3431 58 1865 2901 -1
217: 2894 191 291 681 1 18 5 -1
218: 291 1 9 80 681 3396 -1
219: 681 62 1 -1
220: 1 2 -1
221: 1 681 -1
222: 1 20 7 66 4008 6 32 8 1980 3246 3249 -1
223: 681 1 -1
224: 1 550 -1
225: 27 88 3408 49 53 33 104 34 50 60 44 45 10 68 77 3431 14 151 3417 110 8 0 4152 1 2928 2940 6 -1
226: 2540 1 -1
227: 1238 1 2670 -1
228: 1 3393 -1
229: 1 -1
230: 1 -1
231: 23 3404 1 -1
232: 8 728 1870 1 -1
233: 681 1 -1
234: 1 -1
235: 1 829 -1
236: 291 2704 681 191 1 1173 23 -1
237: 1 8 1173 31 12 0 3928 3929 3930 3931 3932 3921 -1
238: 2894 1 94 -1
239: 1 -1
240: 3607 1456 160 39 83 3437 8 74 3 23 132 1 141 2852 1879 1135 4002 -1
241: 1305 2913 128 2918 47 142 66 1304 6 2926 36 74 12 1 90 2919 127 1597 2927 681 1258 2922 4313 1771 49 2571 1955 -1
242: 1955 3547 1224 1589 131 16 116 1 0 688 4303 2920 -1
243: 1363 21 1 -1
244: 1 -1
245: 1173 47 0 1131 1 9 69 35 20 5 3395 4240 156 28 31 16 728 15 126 -1
246: -1
247: 1173 -1
248: 1173 9 1211 506 728 16 23 681 1 -1
249: 115 241 70 681 1173 20 -1
250: 164 1173 -1
251: 1955 681 1173 -1
252: 189 49 -1
253: 189 -1
254: 3274 1212 -1
255: 1870 191 687 3547 681 9 189 29 1955 -1
256: 1173 2890 -1
257: 241 0 86 2 72 -1
258: 1236 1779 728 16 2 3 681 106 -1
259: 29 0 3393 1173 687 33 -1
260: 2913 1173 -1
261: 9 0 4 49 23 315 37 7 12 -1
262: 2670 2 -1
263: 1173 76 0 2889 -1
264: 189 -1
265: 1494 1040 4134 -1
266: 291 1173 1042 3006 3607 1363 669 1238 678 -1
267: 101 94 83 1257 31 12 1215 -1
268: 22 39 2 -1
269: 1238 -1
270: 1870 687 0 189 9 -1
271: 3264 4063 2924 15 185 2940 2912 3403 2901 2911 -1
272: 1173 36 2912 -1
273: 189 -1
274: 1173 -1
275: 2670 1870 -1
276: 1173 1955 -1
277: 1589 1224 23 8 1173 6 2909 20 3396 43 2540 2872 -1
278: 2704 2928 189 -1
279: 1173 1872 29 -1
280: 2704 2928 189 -1
281: 53 3408 33 68 67 3431 -1
282: 1173 28 42 -1
283: 0 1173 728 5 -1
284: 25 20 7 1 1173 3393 28 6 23 49 1771 687 -1
285: 1173 -1
286: 33 1955 41 2670 1238 3274 12 1 681 -1
287: 2670 681 1173 177 -1
288: 241 1870 681 189 -1
289: -1
290: -1
291: 1494 -1
292: -1
293: -1
294: -1
295: -1
296: -1
297: -1
298: -1
299: -1
300: -1
301: -1
302: -1
303: -1
304: -1
305: -1
306: -1
307: -1
308: -1
309: -1
310: -1
311: -1
312: -1
313: -1
314: -1
315: 289 -1
316: 3 -1
317: 129 15 728 1211 506 3 36 148 128 175 -1
318: 2540 49 550 161 1955 3 2739 3410 114 -1
319: 191 3 -1
320: 3 -1
321: 3 -1
322: 3 -1
323: 3607 2704 2670 3 3685 191 -1
324: 3374 3 1042 1955 -1
325: 1173 -1
326: 289 -1
327: 289 -1
328: 291 49 36 3393 1870 1173 3 -1
329: 12 3401 2909 3 1173 28 86 7 6 -1
330: 23 3 1 9 100 0 3109 1173 2889 5 8 413 4074 692 2896 1055 569 2548 3398 -1
331: 3 -1
332: 3 23 28 185 76 -1
333: 3 -1
334: 289 -1
335: 289 -1
336: 289 -1
337: 289 -1
338: 289 -1
339: 289 -1
340: 1541 13 3 21 23 25 0 73 4 2909 76 -1
341: 681 3 2425 1363 291 550 -1
342: 1236 1779 728 16 2 141 3 681 106 -1
343: 3 -1
344: 832 1363 3393 1 3 -1
345: 1493 3 3393 23 -1
346: 33 2540 3373 1 2 29 3028 36 2909 3 1589 49 -1
347: 3393 29 1 3 23 139 728 128 4 102 15 86 36 2891 20 5 6 7 16 12 1305 155 882 19 865 881 834 883 846 -1
348: 289 -1
349: 289 -1
350: 3 -1
351: 289 -1
352: 289 -1
353: 289 -1
354: 289 -1
355: 681 23 3 20 26 1319 31 -1
356: 2271 3 -1
357: 16 5 728 6 3 -1
358: 1147 1870 21 3 35 -1
359: 1870 191 1541 19 89 0 8 1173 9 1211 683 5 6 3393 16 26 3 12 129 1 506 327 2929 47 728 90 370 1363 -1
360: -1
361: 1955 0 -1
362: 4 -1
363: 4 1187 5 -1
364: 0 4 -1
365: 1173 120 4 0 29 76 1213 2190 -1
366: -1
367: 3437 4 28 1173 5 4307 1901 191 -1
368: 0 9 79 1173 1989 2912 15 185 -1
369: 289 1269 1048 128 1257 134 206 3392 1214 2057 4263 1317 2888 -1
370: -1
371: 1173 5 59 35 -1
372: 26 4 2929 20 1 16 -1
373: 1773 0 1173 47 1 2907 5 2922 9 8 3462 74 182 16 70 2913 1771 3547 3545 1878 1870 -1
374: 0 191 6 28 2902 1 2924 107 2935 3399 -1
375: 681 1 -1
376: 681 15 8 1173 3462 5 -1
377: 687 8 1173 -1
378: -1
379: 5 -1
380: 476 43 2670 1872 2950 3462 2540 5 177 20 182 -1
381: 728 5 -1
382: 5 1773 6 1178 -1
383: 20 5 2905 182 -1
384: 1224 5 112 4152 -1
385: 5 0 2 -1
386: 35 2 23 5 128 -1
387: 5 -1
388: 9 2 7 5 1202 -1
389: 2540 -1
390: 5 -1
391: 6 7 4009 5 20 46 84 -1
392: 3462 5 121 -1
393: 5 4152 1173 141 31 1202 15 0 9 1544 2899 105 -1
394: 413 5 -1
395: 5 2929 -1
396: -1
397: 291 2 3698 2670 884 0 36 5 4 12 31 506 118 2317 3693 -1
398: 5 -1
399: 1173 728 506 5 6 683 -1
400: -1
401: 1870 2924 -1
402: 191 189 413 742 4 23 20 5 -1
403: 5 -1
404: 9 1173 6 23 5 83 -1
405: 49 291 5 -1
406: 2941 3398 1173 5 9 -1
407: 4240 5 -1
408: 1456 5 1173 0 -1
409: 5 3462 59 182 20 2905 4313 688 154 2540 -1
410: 577 471 115 187 5 -1
411: 5 681 3249 -1
412: -1
413: 412 -1
414: 241 6 -1
415: 6 -1
416: 6 -1
417: 6 -1
418: 6 577 -1
419: 6 -1
420: 577 6 115 471 -1
421: 6 1173 2927 31 -1
422: 20 6 733 3741 3278 -1
423: 6 7 20 577 -1
424: 6 -1
425: 2670 6 -1
426: 3993 3994 157 7 6 -1
427: 1 1173 2931 16 6 2923 5 2939 2921 26 -1
428: 400 2324 588 2373 1173 6 28 0 50 33 68 2213 -1
429: 84 46 6 7 -1
430: 6 170 66 -1
431: 6 728 -1
432: 6 -1
433: 4009 6 7 3 4008 4000 -1
434: 84 46 6 -1
435: 6 -1
436: 6 -1
437: 577 6 115 471 -1
438: 4161 4156 6 -1
439: 6 577 -1
440: 6 -1
441: 7 3393 6 -1
442: 577 6 3374 -1
443: 6 112 -1
444: 7 -1
445: 7 -1
446: 7 -1
447: 7 16 -1
448: 7 -1
449: 972 973 49 123 7 33 -1
450: 7 -1
451: 7 10 20 -1
452: 7 1980 2920 186 20 577 -1
453: 7 -1
454: 3993 7 -1
455: 7 -1
456: 7 64 -1
457: 7 -1
458: 7 -1
459: 2900 2571 550 4273 1955 2596 1456 41 7 -1
460: 7 -1
461: 7 -1
462: 628 115 2900 7 -1
463: 7 -1
464: 7 -1
465: 7 1494 -1
466: 7 -1
467: 20 84 7 -1
468: 7 -1
469: 7 -1
470: 7 -1
471: 7 -1
472: 7 -1
473: 0 4 5 8 7 10 -1
474: 27 2425 150 7 2920 -1
475: 7 550 1 1980 -1
476: 7 -1
477: 577 471 7 -1
478: 7 128 -1
479: 27 3405 149 3415 2935 3407 53 33 43 135 57 3409 55 3410 104 38 3413 20 153 92 146 114 95 140 34 65 3414 60 3416 56 52 111 117 176 67 44 3419 3420 45 3421 143 3423 10 68 161 64 124 130 85 7 54 77 17 3425 75 96 50 174 3429 98 3430 142 82 3431 14 132 32 151 63 3417 3426 110 3433 152 -1
480: 3993 3994 84 7 -1
481: 683 3398 1874 -1
482: 8 -1
483: -1
484: 3607 577 8 3993 1881 -1
485: 25 154 0 2909 506 2 2907 723 31 1294 310 4 3868 12 2888 1401 -1
486: 8 -1
487: 4186 -1
488: 2894 2950 2 9 1871 141 5 4 177 -1
489: 8 -1
490: 8 -1
491: 1955 958 -1
492: 8 -1
493: 124 2920 82 3415 1238 166 161 1464 3423 10 153 1224 -1
494: 15 -1
495: 42 3400 66 1173 10 2894 -1
496: 9 1989 -1
497: 550 128 33 8 49 2920 1363 291 -1
498: 8 -1
499: 8 -1
500: 8 14 -1
501: 2920 3006 49 8 -1
502: 8 -1
503: 8 -1
504: 3396 2913 1771 3547 4303 8 -1
505: -1
506: -1
507: 291 25 19 2892 9 1165 1173 2907 4 2852 187 23 2890 4008 3367 1203 860 -1
508: 9 -1
509: 291 0 2941 9 2540 1173 90 728 -1
510: -1
511: -1
512: 9 -1
513: 3398 3399 90 742 2921 126 4377 3536 -1
514: 191 2941 241 9 80 680 683 2704 -1
515: 577 90 9 -1
516: 139 20 9 2670 1902 -1
517: 10 1363 -1
518: 10 534 -1
519: 10 534 161 -1
520: 2670 10 4042 159 90 18 41 1399 33 2425 577 3607 291 1456 1955 -1
521: 518 550 10 -1
522: 3433 110 151 14 3431 3428 57 96 50 3425 33 17 54 85 68 10 143 130 117 52 60 65 34 91 3764 95 114 146 55 43 58 149 128 2620 -1
523: 10 -1
524: 10 -1
525: 10 -1
526: 3404 110 10 -1
527: 10 518 -1
528: 10 -1
529: 10 534 -1
530: 153 77 10 1527 -1
531: 10 4121 -1
532: 575 10 -1
533: 23 10 -1
534: 10 -1
535: 10 -1
536: 10 534 -1
537: 10 -1
538: 10 -1
539: 10 -1
540: 3156 10 2670 -1
541: 575 10 -1
542: 10 3431 58 681 1464 2670 1363 -1
543: 10 -1
544: 575 10 -1
545: 10 4138 161 -1
546: 10 -1
547: 2920 128 550 11 575 18 161 -1
548: 11 -1
549: 11 -1
550: 11 -1
551: 3156 550 128 56 11 -1
552: 11 -1
553: 11 -1
554: 11 144 -1
555: 11 -1
556: 11 -1
557: 11 -1
558: 11 -1
559: 128 18 49 11 1238 -1
560: 11 -1
561: 128 2425 11 -1
562: 23 128 11 -1
563: 11 -1
564: 128 11 -1
565: 11 -1
566: 128 11 -1
567: 11 -1
568: 128 -1
569: 128 -1
570: -1
571: -1
572: 2552 -1
573: 128 26 575 576 577 578 -1
574: 128 26 575 576 577 578 -1
575: -1
576: -1
577: -1
578: -1
579: 8 12 10 5 -1
580: 3298 3299 3300 -1
581: 33 68 0 1 9 1173 12 -1
582: 3854 31 148 1324 1229 2909 12 4 2 39 -1
583: 0 8 1110 9 65 6 7 3393 26 12 66 24 1173 5 42 -1
584: 12 -1
585: 12 -1
586: 12 -1
587: 189 8 12 26 -1
588: 12 -1
589: 42 12 -1
590: 128 3 29 20 102 3393 3395 23 28 36 15 1 681 12 26 31 490 1216 105 7 9 16 1483 990 94 1544 154 25 179 6 -1
591: 47 1 1173 681 16 12 15 108 3547 90 1873 683 3607 1456 291 -1
592: 1229 31 12 1258 1215 1324 681 2 23 -1
593: 0 1173 12 4359 2894 2704 678 -1
594: 12 -1
595: 3393 12 3274 1 53 9 3081 -1
596: 12 -1
597: 153 291 2918 8 9 1589 1042 16 683 5 12 2929 728 -1
598: 1173 728 1 1870 9 83 5 16 12 26 -1
599: 1 10 4377 128 12 3393 145 72 15 20 9 2909 2934 2312 -1
600: 3547 90 2913 1321 681 12 -1
601: 12 -1
602: 12 1 -1
603: 12 155 -1
604: 148 12 576 31 -1
605: 12 1223 1871 -1
606: 12 -1
607: 400 681 12 13 73 2912 119 1 3865 2 3 -1
608: -1
609: 3607 291 4138 159 4218 1456 518 2704 2657 49 38 166 1238 669 191 681 3393 128 37 2920 2670 829 550 3374 1042 -1
610: 1042 3393 -1
611: 3393 -1
612: 3393 -1
613: 3393 -1
614: 3393 2540 -1
615: 3393 -1
616: 678 2670 5 3393 681 191 -1
617: 3393 3 2 1213 1773 139 -1
618: 3938 35 13 -1
619: 119 3 723 2 3393 0 1162 1541 -1
620: 3393 1877 -1
621: 3393 -1
622: 681 1173 2921 3393 12 15 2521 -1
623: 3393 -1
624: 3393 -1
625: 3393 -1
626: 2704 1363 3393 -1
627: 3393 -1
628: 4186 153 3393 2670 3607 -1
629: 2255 1213 1773 2335 3547 1173 681 3393 728 23 687 1870 2670 -1
630: 1 89 3393 -1
631: 13 -1
632: 3393 -1
633: 3393 -1
634: 291 2704 2670 3393 -1
635: 681 3393 -1
636: 2913 9 1173 3393 74 1872 191 1870 -1
637: 3393 -1
638: 1 2 681 3393 -1
639: 9 3393 -1
640: 13 -1
641: 1399 3393 -1
642: 982 3393 177 0 3005 5 -1
643: 3393 -1
644: 89 26 3393 -1
645: 3393 -1
646: 14 -1
647: 14 -1
648: 14 -1
649: 14 -1
650: 8 14 -1
651: 14 1363 -1
652: 3419 14 -1
653: 14 4186 -1
654: 14 -1
655: 85 14 2329 -1
656: 14 -1
657: 14 -1
658: 14 -1
659: 8 14 -1
660: 14 -1
661: 14 -1
662: 14 -1
663: 14 -1
664: -1
665: 666 -1
666: -1
667: -1
668: -1
669: -1
670: -1
671: -1
672: -1
673: -1
674: -1
675: -1
676: -1
677: -1
678: -1
679: -1
680: -1
681: 189 190 -1
682: 150 -1
683: -1
684: -1
685: -1
686: -1
687: -1
688: 681 -1
689: -1
690: 3607 -1
691: 397 83 681 23 1173 674 15 1347 -1
692: 666 -1
693: 2912 15 16 2 30 -1
694: 15 -1
695: -1
696: 19 29 8 -1
697: 15 -1
698: 1173 15 35 28 2912 -1
699: 2 15 4 29 -1
700: 2913 0 1 2112 -1
701: 15 -1
702: 159 2329 4069 23 884 24 -1
703: 2704 185 -1
704: 33 3393 26 2927 15 16 28 2902 68 1053 -1
705: 1589 2670 1173 15 36 33 -1
706: 4068 19 -1
707: -1
708: 191 15 -1
709: 29 191 1173 3547 15 4 145 -1
710: 138 70 22 1173 5 16 1872 728 128 8 15 6 35 101 -1
711: 1870 15 2670 1456 3643 1042 291 3006 115 90 159 -1
712: 2465 3547 15 3398 2941 1773 -1
713: 291 3006 3607 1456 191 15 -1
714: 2 1541 594 0 7 20 5 16 23 2912 -1
715: 2863 2880 2913 1771 2886 2883 23 2864 2877 1 9 3393 2933 47 5 32 728 15 2862 4303 2859 -1
716: 3263 25 185 -1
717: 110 4157 27 44 58 49 53 3413 130 10 68 7 77 14 32 -1
718: -1
719: 16 -1
720: 16 -1
721: 49 550 0 35 1237 16 -1
722: 16 -1
723: 728 718 16 -1
724: 25 22 681 8 1173 16 -1
725: 1173 728 16 -1
726: 25 8 16 681 2 -1
727: 16 -1
728: 723 16 1173 681 4 -1
729: -1
730: 116 1180 400 15 271 2907 120 134 728 2079 3403 128 16 692 -1
731: 1 16 -1
732: 16 -1
733: -1
734: 128 90 16 187 23 -1
735: 16 -1
736: 16 -1
737: 138 70 22 1173 5 16 1872 728 128 8 15 6 35 101 -1
738: 16 -1
739: 0 5 9 7 6 3 16 1173 1 25 23 28 36 20 47 39 74 52 31 108 129 128 79 109 126 155 179 -1
740: 28 550 16 1173 127 1834 2540 -1
741: 128 2720 16 -1
742: 42 3399 3396 127 16 4378 -1
743: 8 3249 2045 2894 189 3 4008 39 3437 2704 1541 1456 1873 687 177 145 681 16 3393 2913 0 21 -1
744: 681 8 25 4 16 2079 -1
745: -1
746: -1
747: -1
748: -1
749: 92 49 17 -1
750: 17 92 -1
751: 17 -1
752: 17 -1
753: 92 17 -1
754: 92 17 -1
755: 44 17 32 2620 66 -1
756: 17 -1
757: 17 -1
758: 745 747 -1
759: 17 -1
760: 291 3607 2670 191 17 -1
761: 17 -1
762: 17 92 -1
763: 92 17 2738 2737 -1
764: 92 17 -1
765: 17 -1
766: 1464 161 2782 1238 153 17 2920 3423 18 49 -1
767: 17 -1
768: 92 17 -1
769: 17 92 -1
770: 17 92 -1
771: 2935 3430 43 33 110 10 91 52 136 3434 7 17 32 14 -1
772: 17 2739 -1
773: 17 -1
774: 745 747 746 -1
775: 745 747 -1
776: 17 -1
777: 17 -1
778: 17 -1
779: 92 17 -1
780: 17 -1
781: 17 -1
782: 2425 92 17 166 2738 -1
783: 17 -1
784: 41 88 58 33 43 55 146 3217 95 3764 91 34 65 60 52 117 130 143 10 85 54 153 17 75 50 96 57 174 3431 14 151 110 3433 -1
785: 17 92 -1
786: 27 58 43 38 92 95 91 65 56 3419 45 3423 10 161 17 63 189 6 5 -1
787: 10 27 130 3423 17 3431 14 110 -1
788: 92 17 -1
789: 18 -1
790: -1
791: 18 828 2765 815 -1
792: 18 -1
793: 18 161 3156 -1
794: 18 -1
795: 2745 18 -1
796: 128 575 18 -1
797: 128 18 11 166 -1
798: 575 41 18 -1
799: 126 18 575 -1
800: 49 18 128 -1
801: 128 18 -1
802: 575 18 -1
803: 128 18 801 -1
804: 789 -1
805: 2754 789 -1
806: 575 18 -1
807: 18 -1
808: 820 18 -1
809: 18 -1
810: 128 18 -1
811: 18 -1
812: 18 -1
813: 18 -1
814: 575 18 3156 92 2376 3784 49 -1
815: 93 790 -1
816: 18 -1
817: 821 18 -1
818: 41 18 1955 187 2925 -1
819: 23 128 18 -1
820: 128 18 -1
821: -1
822: 18 -1
823: 1238 187 33 2425 41 18 -1
824: 18 -1
825: 18 550 -1
826: 18 -1
827: 128 18 -1
828: 791 18 -1
829: 18 -1
830: 18 -1
831: 18 53 -1
832: 19 -1
833: 832 840 842 843 844 -1
834: 832 840 842 843 844 -1
835: 832 840 842 843 844 -1
836: 832 840 842 843 844 -1
837: 832 840 842 843 844 -1
838: 832 840 842 843 844 -1
839: 832 840 842 843 844 -1
840: 19 833 834 835 836 837 838 839 841 -1
841: 832 840 842 843 844 -1
842: 19 833 834 835 836 837 838 839 841 -1
843: -1
844: -1
845: 832 840 842 843 844 -1
846: 832 840 842 843 844 -1
847: 832 840 842 843 844 -1
848: 1955 2932 3 19 -1
849: 832 19 843 844 -1
850: 1040 19 4134 2578 575 2920 -1
851: 972 973 19 -1
852: 19 25 291 -1
853: 832 840 842 843 844 -1
854: 832 840 842 843 844 -1
855: 19 -1
856: 972 973 19 -1
857: 972 973 19 -1
858: 972 973 865 19 -1
859: 19 838 -1
860: 291 4 25 23 9 19 4008 2852 2890 2892 3367 187 2907 1173 1165 -1
861: 19 -1
862: 19 -1
863: 2912 43 2540 19 6 23 153 27 -1
864: 19 -1
865: 832 840 842 843 844 -1
866: 185 306 4240 189 19 2909 5 -1
867: 19 1 6 -1
868: 881 882 865 -1
869: 66 19 12 49 -1
870: 832 838 19 -1
871: 972 973 854 19 -1
872: 27 2935 58 53 33 43 55 104 38 95 34 65 60 3415 52 67 64 10 68 161 7 54 174 82 14 3417 63 25 19 1177 116 28 3393 3274 127 6 15 20 5 16 3 12 23 2620 1 4263 30 -1
873: 972 973 19 -1
874: 972 973 846 19 -1
875: 19 25 184 9 2 21 90 1278 -1
876: 19 -1
877: 33 27 53 55 34 75 19 23 4263 4253 -1
878: 832 840 842 843 844 -1
879: 2 19 2912 2909 728 138 -1
880: 1363 0 4305 2928 1173 1 19 -1
881: 832 840 842 843 844 -1
882: 832 840 842 843 844 -1
883: 832 840 842 843 844 -1
884: 843 881 19 844 -1
885: 1220 9 3393 1173 3 19 12 1289 3966 30 -1
886: 19 241 0 21 2 1363 -1
887: 19 834 4350 838 -1
888: 20 182 177 -1
889: 20 -1
890: 20 -1
891: 4218 -1
892: 4121 20 -1
893: 3607 1456 3006 20 291 577 18 187 550 2425 -1
894: 20 -1
895: 20 -1
896: 20 -1
897: 20 -1
898: 20 -1
899: 20 -1
900: 2329 -1
901: 20 -1
902: 20 -1
903: 20 -1
904: 20 -1
905: 1938 27 2935 58 33 38 95 91 34 65 60 56 52 111 67 45 10 68 161 85 7 77 3425 17 50 3428 3430 82 14 20 32 151 44 110 3419 -1
906: 20 -1
907: 28 20 -1
908: 4218 -1
909: 4218 -1
910: 4218 -1
911: 20 -1
912: 20 -1
913: 4218 -1
914: 20 -1
915: 20 -1
916: 577 20 -1
917: 152 1 92 3697 20 -1
918: 1173 20 5 4 157 4008 -1
919: 20 -1
920: -1
921: -1
922: 21 -1
923: 921 920 -1
924: 21 -1
925: 191 22 21 -1
926: 21 -1
927: 21 22 -1
928: 1873 191 29 2913 687 681 21 1870 -1
929: 2704 3436 21 160 9 2909 3097 1870 -1
930: 24 3399 3396 1874 51 21 3547 29 1873 -1
931: 21 -1
932: 1399 128 1955 21 2894 2900 33 3156 2571 23 2425 -1
933: 2894 119 1955 2425 187 21 -1
934: 191 21 -1
935: 291 191 21 177 9 -1
936: 21 -1
937: 21 -1
938: 2913 1771 21 22 6 5 3462 15 12 1 2323 271 74 48 -1
939: 90 1870 21 42 4121 -1
940: 2900 1541 -1
941: 1363 21 2704 -1
942: 0 21 5 51 86 30 1173 -1
943: 2704 21 1456 -1
944: 83 2670 9 1173 21 1589 -1
945: 3048 21 -1
946: 29 21 681 35 1871 -1
947: 21 -1
948: 728 21 2670 2540 -1
949: 21 -1
950: 21 550 -1
951: 4170 4171 21 4185 4186 -1
952: 21 -1
953: 241 -1
954: 21 -1
955: 21 1456 -1
956: 0 39 181 69 21 -1
957: 2 0 35 1871 1872 21 5 191 -1
958: -1
959: 291 21 -1
960: 21 -1
961: 2 21 -1
962: 921 920 -1
963: 921 920 -1
964: 22 -1
965: 22 -1
966: 2571 187 159 3932 2925 4126 2704 22 681 -1
967: 22 -1
968: 2913 681 21 22 -1
969: 2670 22 -1
970: 1363 22 -1
971: 291 681 1173 23 22 -1
972: -1
973: -1
974: -1
975: 19 833 834 835 836 837 838 839 841 -1
976: 972 973 -1
977: 972 973 -1
978: 23 3437 1541 -1
979: 23 347 -1
980: 0 36 129 23 -1
981: 972 973 -1
982: 972 973 2079 837 181 -1
983: 1493 3607 1456 291 49 681 23 2894 3134 27 -1
984: 972 973 -1
985: 972 973 -1
986: 972 973 -1
987: 972 973 -1
988: 168 23 -1
989: 187 3 369 23 2 -1
990: 2 141 118 3991 23 216 3759 -1
991: 2670 23 -1
992: 972 973 -1
993: 972 973 -1
994: 2 6 23 25 8 -1
995: 13 413 23 347 109 112 84 1190 -1
996: 23 347 -1
997: 1173 47 23 2902 66 0 3392 36 2937 5 27 38 65 10 17 7 14 149 2935 110 86 -1
998: 2 23 6 3 9 25 4240 5 3393 -1
999: 291 191 3134 3938 2670 0 23 3607 -1
1000: 25 9 1173 2894 2909 23 -1
1001: 23 -1
1002: 23 -1
1003: 2894 1874 153 24 -1
1004: 3399 24 -1
1005: 24 61 3400 -1
1006: 24 -1
1007: 24 1874 -1
1008: 61 24 3400 -1
1009: 3399 3400 61 24 -1
1010: 24 -1
1011: 61 24 -1
1012: 24 -1
1013: 24 -1
1014: 3400 -1
1015: 24 -1
1016: 24 -1
1017: 1980 1464 45 130 1463 1870 1496 47 1211 42 25 506 3444 681 5 24 31 12 2670 -1
1018: 3399 24 -1
1019: 8 108 -1
1020: 24 61 3400 -1
1021: 24 -1
1022: 24 -1
1023: 24 3400 -1
1024: 3399 3400 24 42 -1
1025: 24 -1
1026: 24 2329 -1
1027: 61 24 3400 -1
1028: 2941 9 3399 3400 24 61 -1
1029: 24 -1
1030: 2540 88 133 2701 3869 291 24 2 1 0 3643 -1
1031: 3397 3398 3399 128 3396 24 -1
1032: 25 2900 1401 -1
1033: 2704 25 73 2323 145 291 1541 -1
1034: 25 8 16 681 2 -1
1035: 1224 25 49 8 16 5 681 -1
1036: 3757 0 2 25 -1
1037: 3757 0 2 25 -1
1038: 1955 25 -1
1039: 3757 0 2 25 -1
1040: 25 -1
1041: 1989 102 139 25 2222 -1
1042: -1
1043: 2909 1042 -1
1044: 69 2316 4308 3048 105 41 -1
1045: 26 -1
1046: 26 1173 -1
1047: 2909 -1
1048: -1
1049: 2909 -1
1050: 2866 4303 2913 1955 49 681 26 -1
1051: 118 1173 681 8 26 112 7 1870 -1
1052: 26 -1
1053: 40 139 8 108 5 378 6 3 3427 89 2909 12 576 -1
1054: 2909 -1
1055: -1
1056: 26 -1
1057: 2704 1870 177 681 3393 12 1173 1304 26 1 145 -1
1058: -1
1059: 665 1773 1771 3547 4263 2902 685 31 575 1219 1215 12 26 603 1257 1229 2079 3865 1248 1256 148 1294 155 128 3964 1274 -1
1060: 1239 1215 162 1258 1278 575 -1
1061: 688 1173 681 26 5 156 16 -1
1062: 1902 29 2941 687 1773 1213 25 982 47 1173 507 118 3038 2909 4303 4304 177 4143 33 20 4218 -1
1063: 681 148 12 3393 -1
1064: 3393 681 26 -1
1065: 1363 1495 3 2 2909 1 128 118 83 3464 3355 191 -1
1066: 2913 23 2864 180 2909 5 3264 483 -1
1067: 2909 688 3273 -1
1068: 2909 -1
1069: 1042 26 -1
1070: 27 -1
1071: 27 -1
1072: 27 -1
1073: 27 -1
1074: 27 -1
1075: 27 -1
1076: 27 -1
1077: 27 -1
1078: 27 -1
1079: 27 -1
1080: 27 -1
1081: 683 -1
1082: 27 -1
1083: 27 -1
1084: 27 -1
1085: 27 -1
1086: 27 187 174 1109 -1
1087: 27 -1
1088: 27 -1
1089: 27 -1
1090: 27 -1
1091: 27 -1
1092: 27 1464 23 3419 -1
1093: 27 -1
1094: 27 2920 -1
1095: 1074 1401 -1
1096: 27 -1
1097: 161 18 27 -1
1098: 27 88 58 33 43 38 34 45 10 68 64 50 3431 110 8 9 1 -1
1099: 27 -1
1100: 27 -1
1101: 3643 27 -1
1102: 27 -1
1103: 27 -1
1104: 18 27 -1
1105: 27 -1
1106: 27 23 56 2920 -1
1107: 27 -1
1108: 27 -1
1109: 27 187 174 -1
1110: -1
1111: -1
1112: 28 -1
1113: 28 -1
1114: 42 28 -1
1115: 3607 28 2704 -1
1116: 28 1173 -1
1117: 28 -1
1118: 28 -1
1119: 28 3607 1238 -1
1120: 1873 28 -1
1121: 28 -1
1122: 28 291 -1
1123: 5 28 0 16 1237 90 43 7 20 66 -1
1124: 3644 28 -1
1125: 14 -1
1126: 28 -1
1127: 1771 1173 0 28 191 1955 -1
1128: 33 681 79 28 1173 7 12 728 -1
1129: 28 14 -1
1130: 1173 3403 3396 490 3607 680 156 2913 0 9 70 28 5 -1
1131: 1173 47 3438 1773 9 373 0 5 156 182 28 680 16 728 15 2901 -1
1132: 28 -1
1133: 28 14 7 -1
1134: 28 -1
1135: 28 -1
1136: 28 5 -1
1137: 2540 191 2950 1589 29 28 1173 1464 3423 2375 -1
1138: 42 28 550 -1
1139: -1
1140: 29 -1
1141: 29 -1
1142: 43 29 2670 -1
1143: 1541 1456 3607 2670 2913 1902 3550 29 2540 154 669 -1
1144: 29 2704 1541 -1
1145: 3249 29 -1
1146: 43 29 2670 -1
1147: -1
1148: 29 -1
1149: 29 550 191 2670 -1
1150: 8 6 25 4008 156 108 4 154 396 3392 29 683 3782 105 39 508 31 2909 -1
1151: 29 -1
1152: 241 90 681 1173 29 1 3396 -1
1153: 29 -1
1154: 29 1 -1
1155: 29 1 -1
1156: 29 21 681 35 1871 -1
1157: 29 21 9 -1
1158: 90 0 1173 29 -1
1159: 1464 5 110 29 550 1042 2704 -1
1160: 24 3399 2 681 29 -1
1161: 3374 2425 1955 1 4305 29 2912 -1
1162: 2704 1541 1147 2 29 0 -1
1163: 2 29 -1
1164: 29 -1
1165: -1
1166: 3298 3299 3300 3324 3325 3326 3327 3328 -1
1167: 8 6 25 134 156 1053 108 4 154 396 3392 2888 29 683 3782 105 39 74 508 31 2909 -1
1168: 2540 2950 687 2335 1213 681 2 29 177 -1
1169: 0 5 29 -1
1170: 29 -1
1171: 153 77 2950 1363 2670 -1
1172: -1
1173: 246 -1
1174: 0 728 3741 -1
1175: 728 -1
1176: 1173 686 -1
1177: 32 1173 30 -1
1178: 129 728 76 73 685 -1
1179: 177 5 1173 728 -1
1180: 83 2 6 76 728 3694 -1
1181: 1173 6 5 728 134 83 -1
1182: 1173 2924 681 3922 -1
1183: 728 -1
1184: 728 1880 2378 -1
1185: 3755 138 4158 170 4160 66 1202 4008 8 157 1236 127 728 -1
1186: 6 5 728 1173 -1
1187: 1173 728 681 -1
1188: 8 681 12 102 1177 30 4263 9 1173 70 1 89 728 76 685 4303 2913 1771 27 44 149 53 3408 43 55 3412 38 3413 92 114 95 140 91 34 65 60 3416 56 52 111 117 176 67 3419 45 143 10 161 64 85 54 77 96 57 50 3428 153 98 82 17 3431 14 132 32 63 3417 110 2935 3430 20 -1
1189: 291 728 -1
1190: 5 6 156 -1
1191: 2704 30 3393 180 5 -1
1192: 728 -1
1193: 728 1173 0 100 -1
1194: 2425 8 2 59 4 728 2540 1224 -1
1195: 1173 2324 681 2924 2912 490 -1
1196: 681 -1
1197: 728 -1
1198: 2704 681 84 728 -1
1199: 2886 2883 2880 2863 4303 2859 2913 1771 23 2864 2877 1 9 3393 2933 47 5 32 728 15 2862 -1
1200: 21 0 1173 86 5 30 51 942 -1
1201: -1
1202: -1
1203: -1
1204: -1
1205: -1
1206: -1
1207: -1
1208: -1
1209: 1208 1205 -1
1210: -1
1211: -1
1212: -1
1213: 687 8 683 1304 1305 688 4303 1771 3462 80 105 74 1 680 2896 156 4002 2935 4 681 9 3397 -1
1214: -1
1215: 31 1173 1357 -1
1216: -1
1217: -1
1218: -1
1219: 972 973 1042 2909 1304 1313 162 1244 31 3966 148 1356 12 3401 1357 -1
1220: 885 -1
1221: 885 -1
1222: 885 -1
1223: 31 -1
1224: -1
1225: -1
1226: -1
1227: -1
1228: 31 -1
1229: -1
1230: -1
1231: 31 12 1256 1244 -1
1232: -1
1233: 31 -1
1234: -1
1235: -1
1236: 48 -1
1237: -1
1238: -1
1239: 680 -1
1240: 1215 1173 81 1257 1305 -1
1241: 155 1058 570 571 26 -1
1242: -1
1243: -1
1244: 31 681 -1
1245: 12 31 -1
1246: -1
1247: -1
1248: -1
1249: -1
1250: 12 -1
1251: -1
1252: -1
1253: -1
1254: 1256 -1
1255: -1
1256: -1
1257: -1
1258: -1
1259: -1
1260: -1
1261: -1
1262: -1
1263: 1264 1204 1265 12 -1
1264: -1
1265: -1
1266: -1
1267: 31 -1
1268: -1
1269: 12 680 -1
1270: -1
1271: 31 -1
1272: -1
1273: -1
1274: -1
1275: -1
1276: -1
1277: -1
1278: -1
1279: 570 -1
1280: -1
1281: -1
1282: -1
1283: -1
1284: -1
1285: -1
1286: -1
1287: 1217 569 572 31 1215 0 35 12 -1
1288: -1
1289: -1
1290: -1
1291: -1
1292: 148 -1
1293: 12 -1
1294: 12 31 148 -1
1295: 1055 12 -1
1296: -1
1297: -1
1298: -1
1299: -1
1300: 2329 -1
1301: -1
1302: -1
1303: -1
1304: -1
1305: -1
1306: -1
1307: -1
1308: -1
1309: -1
1310: -1
1311: -1
1312: -1
1313: -1
1314: -1
1315: -1
1316: -1
1317: -1
1318: -1
1319: -1
1320: -1
1321: -1
1322: -1
1323: -1
1324: -1
1325: -1
1326: -1
1327: 680 -1
1328: 1256 -1
1329: 680 -1
1330: 112 81 -1
1331: -1
1332: -1
1333: 1040 -1
1334: 31 1338 1341 1346 1351 1345 1356 1357 -1
1335: -1
1336: 4138 -1
1337: 31 -1
1338: -1
1339: 31 -1
1340: 1401 2907 31 39 -1
1341: -1
1342: 1173 3 9 681 31 603 5 10 153 728 -1
1343: 31 1215 -1
1344: 1324 2 31 -1
1345: -1
1346: -1
1347: 1980 4303 3547 160 1173 31 1 2910 2922 4 683 9 3403 177 108 1870 1902 687 1873 3398 3399 70 3607 128 -1
1348: 5 4152 1173 141 31 1202 15 0 9 1544 2899 2921 1351 -1
1349: 576 31 12 -1
1350: 575 31 -1
1351: -1
1352: 31 -1
1353: 0 9 2924 6 5 31 26 59 688 1879 3396 1771 15 490 -1
1354: 1256 576 128 1274 2909 12 2894 1237 3547 3398 2 137 4061 681 35 102 16 31 1219 1304 1305 1324 1229 1238 397 -1
1355: 0 1173 4 16 26 12 31 162 -1
1356: -1
1357: 1225 -1
1358: 33 681 79 28 1173 7 31 5 84 47 -1
1359: 2425 187 153 166 575 2704 1955 1042 1275 1399 18 1040 4111 31 56 33 -1
1360: 5 1 8 10 2 12 31 1341 0 -1
1361: -1
1362: -1
1363: -1
1364: 1361 1362 -1
1365: 1361 1362 -1
1366: 1362 1361 -1
1367: 1361 1362 -1
1368: 1361 1362 -1
1369: 32 -1
1370: 32 1399 -1
1371: 32 -1
1372: 32 -1
1373: 32 -1
1374: 1361 1362 -1
1375: 1361 1362 -1
1376: 1361 1362 -1
1377: 1361 1362 -1
1378: 1361 1362 -1
1379: 1361 1362 -1
1380: 1361 1362 -1
1381: 1361 1362 -1
1382: 32 -1
1383: 128 32 -1
1384: 187 32 -1
1385: 1361 1362 -1
1386: 1361 1362 -1
1387: 1361 1362 -1
1388: 1361 1362 -1
1389: 1361 1362 -1
1390: 32 1372 -1
1391: 32 1881 -1
1392: 27 44 149 2935 53 33 43 55 104 3412 38 3413 92 114 95 91 34 65 3416 52 111 117 67 45 10 68 85 3411 7 54 77 17 96 57 50 3428 153 98 3430 3431 14 132 32 110 -1
1393: 1361 1362 -1
1394: 1361 1362 -1
1395: 1361 1362 -1
1396: 1361 1362 -1
1397: 1361 1362 -1
1398: 32 -1
1399: 32 -1
1400: 32 -1
1401: -1
1402: -1
1403: 1402 -1
1404: 1402 -1
1405: 3298 3299 3300 -1
1406: 153 2670 3156 575 33 550 128 2920 -1
1407: 149 3419 3415 85 33 55 104 96 57 50 92 91 60 63 -1
1408: 2288 33 44 -1
1409: 3216 3218 2620 33 2907 681 9 15 2 3217 -1
1410: 1402 -1
1411: 33 -1
1412: 33 -1
1413: 2738 2737 33 68 3424 -1
1414: 65 33 -1
1415: 3156 2425 33 -1
1416: 1173 2907 33 50 -1
1417: 3431 14 130 10 140 43 32 110 17 27 146 58 34 54 57 38 56 88 174 68 161 151 53 45 33 50 153 91 60 95 3410 3417 55 52 77 65 64 67 176 75 117 82 63 85 3425 114 104 178 3421 3420 3407 152 2938 3418 96 -1
1418: 1402 -1
1419: 27 96 55 54 161 3425 75 3423 3415 3431 143 50 56 43 142 68 104 44 34 95 65 3417 3416 135 17 92 33 3426 52 111 45 3405 3407 67 3420 60 98 3414 146 53 3410 10 124 64 114 117 140 63 3413 88 57 110 85 32 77 3433 153 14 152 3430 2935 7 20 -1
1420: 1402 -1
1421: 2425 33 187 550 -1
1422: 91 68 33 14 -1
1423: 8 1173 33 68 27 104 34 10 3408 110 3430 14 6 683 -1
1424: 33 68 92 -1
1425: 33 -1
1426: 2369 2375 33 161 75 152 53 65 3407 68 3404 55 38 153 114 32 151 3431 -1
1427: 1402 -1
1428: 1402 -1
1429: 1402 -1
1430: 1402 -1
1431: 681 1 16 1173 68 33 -1
1432: 33 -1
1433: 33 3427 43 1 89 8 63 68 -1
1434: 34 -1
1435: 34 -1
1436: 34 3156 -1
1437: 1446 -1
1438: 3156 34 -1
1439: 34 -1
1440: 34 -1
1441: 34 -1
1442: 3156 34 550 -1
1443: 0 -1
1444: 88 27 38 14 65 2935 34 3417 10 45 64 17 3430 3431 5 7 52 37 63 33 95 -1
1445: 832 840 842 27 55 96 60 3425 50 143 82 54 43 68 34 65 17 52 95 111 176 130 33 10 114 117 149 140 63 110 85 2935 3430 3434 20 3417 843 844 -1
1446: -1
1447: 27 1464 44 149 2935 146 1980 55 104 38 34 65 60 3416 52 45 130 3423 10 2938 85 7 54 153 77 17 3428 3430 82 14 20 32 63 3417 110 681 1 2905 -1
1448: 34 -1
1449: 1 0 34 -1
1450: 1452 34 -1
1451: 27 44 88 58 49 53 43 38 3217 95 140 91 34 123 65 60 52 3418 117 176 45 3421 143 10 68 161 64 85 7 54 77 17 96 3428 3430 142 2555 3431 20 32 151 166 3426 14 110 3419 -1
1452: 34 -1
1453: 34 -1
1454: 3404 3423 1464 38 34 65 176 130 10 -1
1455: -1
1456: -1
1457: -1
1458: 4121 -1
1459: -1
1460: -1
1461: -1
1462: 0 36 510 511 3005 -1
1463: -1
1464: -1
1465: 77 -1
1466: 166 36 -1
1467: 291 2670 36 0 1173 -1
1468: 3108 36 1 683 -1
1469: 4042 669 36 1459 -1
1470: 1486 -1
1471: 36 1486 -1
1472: 36 2 -1
1473: 36 2 -1
1474: 36 -1
1475: 3607 2540 3957 2913 5 36 166 0 1879 -1
1476: 36 -1
1477: 36 1544 3643 3644 -1
1478: 36 -1
1479: 1173 1 36 12 2909 9 681 -1
1480: 36 -1
1481: 36 4128 -1
1482: 608 -1
1483: 47 9 360 1869 1173 23 115 5 6 36 1796 2909 90 16 -1
1484: 0 36 1363 2 -1
1485: 8 2894 108 16 4263 1173 683 4100 2913 1771 12 1257 1276 155 7 34 3417 45 60 53 10 64 140 3413 88 110 2935 36 -1
1486: 36 -1
1487: -1
1488: 15 0 4 5 16 36 291 3607 3374 -1
1489: 1363 2 3393 -1
1490: 291 1173 36 1902 1541 -1
1491: 36 -1
1492: 2540 42 37 291 2 4 36 -1
1493: -1
1494: -1
1495: -1
1496: -1
1497: -1
1498: 1508 -1
1499: 1508 -1
1500: 1508 -1
1501: 1508 -1
1502: 1508 -1
1503: 1508 -1
1504: 1508 -1
1505: 1508 -1
1506: 1508 -1
1507: 1508 -1
1508: -1
1509: 38 -1
1510: 38 -1
1511: 38 44 -1
1512: 38 44 -1
1513: 187 38 -1
1514: 38 -1
1515: 44 38 2329 -1
1516: 38 44 -1
1517: 38 44 575 -1
1518: 23 38 -1
1519: 27 1464 38 3423 153 14 -1
1520: 3298 3299 3300 -1
1521: 38 -1
1522: 38 -1
1523: 110 140 82 27 10 38 85 17 65 -1
1524: 38 -1
1525: 38 -1
1526: 38 -1
1527: 27 149 58 104 38 114 95 91 34 60 3416 52 111 117 67 45 143 10 3431 3430 54 57 151 3417 2935 23 -1
1528: 1173 177 0 4 20 38 27 68 17 63 110 34 33 2620 -1
1529: 3298 3299 3300 -1
1530: -1
1531: 38 -1
1532: 1173 68 2834 681 9 27 58 38 130 10 110 -1
1533: 2425 2920 3853 1955 66 27 10 2035 38 34 60 3431 1463 20 6 187 -1
1534: 3404 23 68 44 2920 38 3421 11 128 1238 32 85 -1
1535: 38 -1
1536: 3298 3299 3300 3324 3325 3326 3327 3328 -1
1537: 38 44 -1
1538: 2920 38 -1
1539: 38 -1
1540: 550 3374 3607 1544 1456 -1
1541: -1
1542: 39 -1
1543: 1495 37 39 291 3607 3374 1456 -1
1544: -1
1545: 2912 100 39 16 -1
1546: 1541 39 291 -1
1547: 35 39 2425 54 -1
1548: 5 177 4152 1173 141 31 1202 15 0 1544 9 35 2921 102 1351 -1
1549: 1541 39 1544 -1
1550: 291 3607 3374 1544 1456 -1
1551: 2 118 3991 23 2940 2912 15 2907 136 2540 8 6 25 134 156 4 154 39 29 2894 -1
1552: 39 -1
1553: 31 154 2852 39 9 1870 1363 -1
1554: 1494 40 -1
1555: 1575 40 291 -1
1556: 40 -1
1557: 40 -1
1558: 681 2 84 5 20 40 1237 -1
1559: 2540 43 38 225 123 65 40 -1
1560: 1494 40 -1
1561: 40 -1
1562: 40 -1
1563: 2428 1040 40 -1
1564: 40 -1
1565: 40 -1
1566: 40 -1
1567: 40 -1
1568: 3430 -1
1569: 16 58 56 60 77 14 32 43 34 110 33 149 57 3428 3430 2935 3432 -1
1570: 291 2 40 -1
1571: 3374 291 40 2670 1541 3607 -1
1572: 40 -1
1573: 3430 -1
1574: 3430 2425 -1
1575: 40 -1
1576: 3256 115 -1
1577: 115 -1
1578: 681 130 110 2670 -1
1579: 41 -1
1580: 41 -1
1581: 187 1604 -1
1582: 80 681 26 149 34 150 110 -1
1583: 115 1980 550 1579 -1
1584: 115 -1
1585: 41 -1
1586: 1955 -1
1587: 52 575 1305 8 5 -1
1588: 972 973 8 2898 126 47 84 4263 723 682 -1
1589: 4238 5 8 1173 9 2901 2891 1872 -1
1590: 41 -1
1591: 115 -1
1592: 7 14 49 135 3419 178 2425 -1
1593: -1
1594: 115 -1
1595: 550 0 -1
1596: 1464 41 -1
1597: 5 8 1 0 3393 3607 -1
1598: 1464 23 53 43 135 130 3423 10 7 153 17 14 49 2872 41 0 1173 9 -1
1599: 0 19 1 2 4 5 14 9 10 3461 3462 2924 129 16 2927 2929 12 122 17 128 2279 4110 2425 2934 3954 -1
1600: 2092 1865 27 3405 88 3415 2935 2425 58 3407 53 3408 33 43 135 57 3409 55 3410 104 3412 38 3413 20 153 92 146 114 95 140 91 34 65 3414 3416 56 52 111 117 176 67 44 3419 3420 45 3421 143 3423 10 68 161 64 124 130 85 7 54 77 17 3425 75 96 50 174 98 3430 142 82 3431 14 132 32 151 166 63 3417 3426 110 3433 152 -1
1601: 20 6 15 7 -1
1602: 20 6 15 7 8 53 3431 -1
1603: 41 2222 -1
1604: 187 -1
1605: 41 -1
1606: 41 -1
1607: 42 -1
1608: 42 -1
1609: 42 -1
1610: 681 42 -1
1611: 42 -1
1612: 42 -1
1613: 42 -1
1614: 3643 -1
1615: 0 35 42 -1
1616: 42 -1
1617: 42 -1
1618: 42 -1
1619: 0 1589 42 -1
1620: 42 -1
1621: 42 -1
1622: 42 -1
1623: 42 -1
1624: 3643 -1
1625: 42 -1
1626: 42 -1
1627: 42 -1
1628: 42 -1
1629: 42 -1
1630: 42 -1
1631: 42 -1
1632: 42 -1
1633: 4121 -1
1634: 42 -1
1635: 42 -1
1636: 42 -1
1637: 8 -1
1638: 42 -1
1639: 42 -1
1640: 43 -1
1641: 43 1663 -1
1642: 1663 43 -1
1643: 43 -1
1644: 43 -1
1645: 43 -1
1646: 43 -1
1647: 43 -1
1648: 43 -1
1649: 43 -1
1650: 3298 3299 3300 -1
1651: 43 -1
1652: 43 -1
1653: 43 -1
1654: 43 -1
1655: 43 -1
1656: 2540 43 110 -1
1657: 43 -1
1658: 43 -1
1659: 43 -1
1660: 43 -1
1661: 43 -1
1662: 43 -1
1663: 18 43 1644 -1
1664: 43 -1
1665: 43 161 -1
1666: 43 -1
1667: 43 -1
1668: 43 1644 -1
1669: 43 -1
1670: 3431 -1
1671: 3431 -1
1672: 58 143 54 41 75 50 3431 -1
1673: 128 3431 550 -1
1674: 3431 -1
1675: 3431 -1
1676: 3431 -1
1677: 3431 -1
1678: 3431 -1
1679: 3431 -1
1680: 3431 -1
1681: 3431 -1
1682: 3431 -1
1683: 3431 -1
1684: 3431 -1
1685: 1464 3431 -1
1686: 3431 -1
1687: 3431 -1
1688: 3431 -1
1689: 10 7 2670 -1
1690: 3431 -1
1691: 550 1464 41 161 58 88 2920 166 2092 56 67 33 54 2425 187 3431 49 -1
1692: 550 3431 166 -1
1693: 3431 -1
1694: 3431 -1
1695: 3431 -1
1696: 41 1464 187 56 3431 -1
1697: 3431 -1
1698: 3431 -1
1699: 3431 128 -1
1700: 54 3431 -1
1701: 3431 128 -1
1702: 575 44 -1
1703: 44 1238 -1
1704: 1464 44 149 92 33 43 3295 153 2425 49 575 104 -1
1705: 44 -1
1706: 44 -1
1707: 23 44 -1
1708: 44 -1
1709: 44 -1
1710: 20 3423 177 3413 44 -1
1711: 44 -1
1712: 44 -1
1713: 27 1238 166 3423 1464 8 14 44 49 3156 53 10 128 153 -1
1714: 3298 3299 3300 -1
1715: 38 44 -1
1716: -1
1717: -1
1718: 45 166 -1
1719: 45 -1
1720: 45 -1
1721: 166 -1
1722: 1955 -1
1723: 3298 3299 3300 3301 -1
1724: 45 -1
1725: 187 45 2329 -1
1726: 45 -1
1727: 45 -1
1728: 3420 45 2920 -1
1729: 145 45 -1
1730: 45 -1
1731: 45 -1
1732: 45 -1
1733: 45 -1
1734: 45 -1
1735: 45 -1
1736: -1
1737: 46 -1
1738: 46 -1
1739: 46 -1
1740: 46 -1
1741: 46 -1
1742: 46 -1
1743: 291 3059 46 -1
1744: 2619 46 6 -1
1745: 46 -1
1746: 46 -1
1747: 46 -1
1748: 46 -1
1749: 46 -1
1750: 577 46 -1
1751: 46 -1
1752: 46 291 -1
1753: 112 84 7 46 -1
1754: 46 -1
1755: 138 112 84 46 4145 550 1238 1363 187 128 -1
1756: 46 -1
1757: 46 -1
1758: 291 3249 46 -1
1759: 46 6 -1
1760: 46 -1
1761: 2576 46 7 -1
1762: 46 -1
1763: 112 84 7 46 -1
1764: 153 2425 2670 46 -1
1765: 46 -1
1766: 20 84 46 186 -1
1767: 3993 -1
1768: 2941 47 -1
1769: 241 2 47 1773 -1
1770: 189 191 2 3547 47 3398 3397 -1
1771: 681 4303 2913 47 80 1455 -1
1772: 2704 0 -1
1773: 1213 2 0 47 2908 1 1227 5 9 74 108 2905 6 157 90 126 2901 154 25 127 2907 2899 1186 31 12 1304 155 1305 3398 3396 2913 1321 1771 -1
1774: 1363 2 21 4 23 3393 86 47 84 4121 -1
1775: 79 8 681 47 -1
1776: 1353 47 3444 -1
1777: 3955 1353 3566 47 2185 -1
1778: 1773 47 -1
1779: 1236 -1
1780: -1
1781: 48 -1
1782: 1236 1779 106 -1
1783: 1236 1779 106 -1
1784: 1236 1779 106 -1
1785: 48 4126 -1
1786: 0 106 20 -1
1787: 48 -1
1788: 48 -1
1789: 48 5 681 2704 -1
1790: 3050 48 -1
1791: 1236 1779 106 -1
1792: 1236 1779 106 -1
1793: 1236 1779 106 -1
1794: 3757 48 -1
1795: 48 106 3053 3054 3055 3056 3057 3058 3059 -1
1796: 48 4 3393 1872 2329 -1
1797: 48 138 2670 -1
1798: 48 -1
1799: 1236 1779 106 -1
1800: 1236 1779 0 205 192 106 -1
1801: 1236 1779 106 -1
1802: 4159 3607 1902 48 128 3058 3059 1363 3064 138 -1
1803: 3050 -1
1804: 3050 -1
1805: 48 -1
1806: 48 -1
1807: 2670 48 -1
1808: 3050 -1
1809: 48 -1
1810: 1236 1779 106 -1
1811: 138 48 1173 1955 728 19 -1
1812: 138 159 4159 291 48 3757 -1
1813: 2670 48 -1
1814: 90 577 145 2913 23 9 21 29 8 189 31 15 137 3 12 1219 51 1 5 4359 4008 48 -1
1815: 2 1917 0 49 153 3415 41 7 20 166 14 728 1589 2917 4 106 4313 66 -1
1816: 48 1795 -1
1817: 49 -1
1818: 49 -1
1819: 550 49 2425 -1
1820: 3410 123 49 52 -1
1821: 2425 49 33 1238 23 -1
1822: 3298 3299 3300 -1
1823: 49 -1
1824: 49 -1
1825: 49 -1
1826: 8 49 112 3396 5 20 -1
1827: 49 -1
1828: 49 23 33 166 -1
1829: 7 2425 49 135 14 178 3419 1203 1592 -1
1830: 49 -1
1831: 49 -1
1832: 49 -1
1833: 49 -1
1834: 2425 550 -1
1835: 49 -1
1836: -1
1837: 43 49 550 -1
1838: 3393 1173 49 2912 -1
1839: 49 550 2425 -1
1840: 49 -1
1841: 550 49 -1
1842: 49 1238 -1
1843: 49 2920 2425 -1
1844: 4126 550 33 49 -1
1845: 575 550 50 3805 -1
1846: 575 550 50 3805 -1
1847: 2375 -1
1848: 2369 2375 50 -1
1849: 3298 3299 3300 -1
1850: 3641 166 41 1238 187 143 75 50 33 575 1955 550 2368 2173 2425 3415 161 82 132 56 -1
1851: 50 -1
1852: 50 -1
1853: 50 -1
1854: 575 550 50 3805 -1
1855: 2369 2375 161 50 2376 1238 -1
1856: 550 66 27 149 2935 53 33 43 55 104 38 3413 92 114 95 140 34 65 60 3416 52 111 117 176 67 45 143 10 68 161 64 85 7 54 77 17 3408 96 57 50 3428 153 3430 82 14 132 20 32 63 3417 110 -1
1857: 3404 2425 53 43 38 92 146 34 60 45 10 64 124 85 54 50 98 14 110 -1
1858: 75 2369 50 -1
1859: 575 550 50 3805 -1
1860: 161 1177 2896 12 2891 2913 2928 1173 16 8 27 44 88 2935 53 3408 43 55 3412 38 3413 92 114 95 91 34 65 60 3415 52 111 117 176 67 3419 45 3421 143 10 64 85 3411 7 77 17 33 3425 75 96 57 50 174 153 98 3430 82 3431 132 20 32 63 3417 110 -1
1861: 575 550 50 3805 -1
1862: 166 575 550 50 3805 -1
1863: 41 23 2092 58 2375 575 49 50 -1
1864: 27 88 58 3407 53 33 43 55 3410 104 38 146 114 95 140 91 34 123 65 60 2938 56 52 3418 117 176 67 3420 45 3421 10 68 161 64 85 54 77 17 3425 75 57 50 130 174 153 82 3431 14 32 151 178 63 3417 110 152 1203 1417 -1
1865: 88 58 33 43 55 146 3217 95 3764 91 34 123 65 60 52 3418 117 176 130 143 10 85 54 41 153 17 75 50 57 174 142 3431 110 3433 -1
1866: 3298 3299 3300 -1
1867: 27 149 2935 53 3408 43 55 104 3412 38 3413 92 114 95 140 91 34 65 60 3416 52 111 117 176 67 3419 45 143 68 10 161 64 85 7 54 77 17 33 3425 96 57 50 3428 153 3430 82 14 132 20 32 63 3417 110 -1
1868: 50 -1
1869: 27 55 178 96 3415 58 3423 132 56 143 161 54 3425 75 50 82 3431 43 142 14 3406 104 68 44 38 34 3410 123 49 65 3417 92 135 17 52 33 95 166 111 176 60 67 3420 45 3405 3412 146 91 3414 130 3428 98 66 3407 3421 113 53 3424 10 114 124 64 3408 151 117 128 88 3413 140 57 63 110 3419 85 32 153 3409 152 3434 3430 3427 2425 7 20 136 182 3435 121 2329 -1
1870: -1
1871: -1
1872: -1
1873: -1
1874: -1
1875: -1
1876: 1877 -1
1877: -1
1878: 1877 -1
1879: 1877 -1
1880: -1
1881: -1
1882: 1870 51 -1
1883: 191 51 -1
1884: 94 248 122 1173 2950 2339 2511 985 51 72 1 101 3376 4108 100 1913 1989 -1
1885: -1
1886: 29 687 51 -1
1887: 51 -1
1888: 1870 51 -1
1889: 1870 2670 51 177 -1
1890: 51 291 177 -1
1891: 51 1173 -1
1892: 1495 241 177 51 189 1874 -1
1893: 2704 1874 0 1870 1173 51 -1
1894: 1870 687 191 51 -1
1895: 70 2894 1173 51 102 669 -1
1896: 51 681 -1
1897: 3400 2941 51 -1
1898: 1224 2872 51 1901 -1
1899: 2913 83 22 1173 51 177 -1
1900: 3607 187 76 51 2670 -1
1901: -1
1902: -1
1903: 28 712 25 2 5 51 3397 3399 128 3396 24 -1
1904: 3547 177 51 0 -1
1905: -1
1906: 28 712 25 2 5 51 3397 3399 128 3396 24 -1
1907: 2894 681 1 51 -1
1908: 1870 1885 51 1872 1874 -1
1909: 83 681 51 9 2 31 8 120 1773 3398 -1
1910: 51 -1
1911: 681 4359 1173 51 -1
1912: 687 51 -1
1913: 16 51 5 3741 -1
1914: 2912 3 728 23 4 5 51 681 -1
1915: 1173 25 51 1 5 681 -1
1916: 83 5 2 3 51 -1
1917: 89 74 2907 185 86 1363 35 3393 1901 21 1871 1870 3392 9 1872 1873 51 2924 728 2498 2670 173 698 36 70 108 8 -1
1918: 1224 3413 52 -1
1919: 52 -1
1920: 52 -1
1921: 3298 3299 3300 -1
1922: 52 187 4121 -1
1923: 52 -1
1924: 33 52 -1
1925: 128 52 -1
1926: 52 -1
1927: 291 27 60 1980 149 104 3416 38 56 58 3246 52 111 114 95 91 34 -1
1928: 1040 52 3134 187 -1
1929: 2571 56 550 25 52 17 20 1 31 518 1955 116 -1
1930: 52 -1
1931: 128 52 33 2329 -1
1932: 52 -1
1933: 575 52 -1
1934: 52 -1
1935: 27 149 2935 33 55 104 38 95 34 52 65 60 3417 64 85 54 17 3430 3431 1 63 110 2425 1173 -1
1936: 52 -1
1937: 2425 4171 52 -1
1938: -1
1939: 53 1938 -1
1940: 65 45 3421 113 53 33 2425 114 64 124 117 -1
1941: 53 96 2920 -1
1942: 53 1938 1955 -1
1943: 1238 53 550 -1
1944: 49 53 65 130 7 177 -1
1945: 53 1173 2670 49 1042 3134 -1
1946: 53 1938 -1
1947: 53 85 -1
1948: 53 3134 -1
1949: 2425 53 -1
1950: 53 85 -1
1951: 53 85 1938 -1
1952: 53 85 -1
1953: 53 -1
1954: 53 33 187 -1
1955: -1
1956: 53 -1
1957: 49 575 1053 54 128 -1
1958: 161 54 -1
1959: 1464 54 -1
1960: 1464 54 -1
1961: 1464 187 41 58 550 2092 56 54 2329 -1
1962: 54 -1
1963: 58 10 54 -1
1964: 2670 153 1464 58 56 10 54 -1
1965: 54 -1
1966: 1955 1464 41 49 58 2092 166 187 56 33 23 3428 54 0 -1
1967: 3298 3299 3300 -1
1968: 8 2 291 58 3431 2620 -1
1969: 161 1464 187 58 2092 550 49 56 54 -1
1970: 1464 54 128 550 -1
1971: 54 49 -1
1972: 1464 54 -1
1973: 49 54 -1
1974: 3607 159 3393 2670 58 54 -1
1975: 54 -1
1976: 54 -1
1977: 49 54 161 128 -1
1978: 1464 54 56 166 3431 -1
1979: 3404 3407 53 33 43 135 57 104 38 92 34 65 60 56 45 64 124 85 54 14 63 110 1177 -1
1980: -1
1981: 55 -1
1982: 55 -1
1983: 55 2920 -1
1984: 55 -1
1985: 3298 3299 3300 -1
1986: 55 -1
1987: 55 -1
1988: 55 -1
1989: 138 683 6 141 66 20 19 1173 23 4 182 2905 177 3 9 29 134 3265 105 1041 2279 3403 728 128 90 16 3404 3406 149 2935 53 43 55 38 3413 92 91 34 65 56 52 176 67 3419 45 3420 10 68 64 124 85 54 3430 3431 14 151 178 63 152 12 -1
1990: 1983 55 2329 -1
1991: 55 -1
1992: 1040 56 1494 -1
1993: 58 128 -1
1994: 56 -1
1995: 1464 56 -1
1996: 56 -1
1997: 4153 56 575 -1
1998: 56 1238 3134 1042 -1
1999: 56 -1
2000: 56 -1
2001: 56 10 -1
2002: 56 -1
2003: 27 1464 2375 56 43 575 14 38 34 17 92 3417 2782 45 91 130 166 33 10 57 32 153 -1
2004: 1042 10 56 1464 669 -1
2005: 2920 57 33 153 -1
2006: 2701 88 128 57 140 3413 63 3643 3644 -1
2007: 57 128 2425 4126 -1
2008: 57 -1
2009: 57 159 1494 -1
2010: 57 -1
2011: 57 128 2425 4126 -1
2012: 57 128 2425 4126 -1
2013: 128 33 49 57 550 -1
2014: 88 57 128 63 3413 -1
2015: 57 -1
2016: 57 -1
2017: 128 57 2920 -1
2018: 57 -1
2019: 57 128 2425 4126 -1
2020: 57 -1
2021: 57 -1
2022: 3607 57 -1
2023: 57 128 2425 4126 -1
2024: 57 128 2425 4126 -1
2025: 57 128 2425 4126 -1
2026: 57 128 2425 4126 -1
2027: 57 128 2425 4126 -1
2028: 57 -1
2029: 57 -1
2030: 57 -1
2031: 57 -1
2032: 88 1955 4126 57 128 2425 140 3764 63 3413 2329 -1
2033: 3298 3299 3300 -1
2034: 57 128 -1
2035: -1
2036: 58 65 -1
2037: 58 1040 2173 -1
2038: 58 56 -1
2039: 58 49 -1
2040: 128 166 58 -1
2041: 58 3428 -1
2042: 58 166 23 -1
2043: 58 -1
2044: 1463 58 -1
2045: 1173 1 681 58 10 -1
2046: 550 58 -1
2047: 2540 2035 187 1536 0 -1
2048: 58 1238 4126 550 2384 -1
2049: 58 -1
2050: 550 1042 681 1456 58 -1
2051: 58 -1
2052: 1464 58 3423 550 2920 2375 57 2369 -1
2053: 58 -1
2054: 58 -1
2055: 58 -1
2056: 59 66 -1
2057: 59 -1
2058: 128 5 59 20 1 -1
2059: 59 1173 -1
2060: 1541 2894 59 8 1773 -1
2061: 25 161 10 59 1 1042 291 18 3607 1456 -1
2062: 59 -1
2063: 3298 3299 3300 -1
2064: 59 5 -1
2065: 121 59 0 20 -1
2066: 1173 15 1 681 4086 59 8 490 688 1879 1878 -1
2067: 3607 1456 1042 3374 59 -1
2068: 1 8 2 59 16 1224 -1
2069: 5 2905 59 1173 -1
2070: 184 25 2917 2918 59 8 9 2922 2 127 105 2923 6 4 175 141 3 23 1 2927 2926 2929 1202 728 -1
2071: 59 -1
2072: 3006 2704 16 0 1173 59 2929 -1
2073: 2670 59 -1
2074: 681 1173 59 -1
2075: 681 59 1 2670 -1
2076: 681 1 59 18 1456 3938 2704 1549 2670 3932 1042 -1
2077: 187 59 1040 -1
2078: 887 59 490 1202 5 132 3038 2924 2909 1275 3643 3644 -1
2079: 6 59 112 506 4379 16 188 31 12 1215 26 1257 162 1304 1305 155 1220 2894 -1
2080: 12 70 3 1288 572 571 1258 5 3462 59 20 -1
2081: 3932 -1
2082: 1173 6 28 2902 59 3462 2905 182 177 23 728 2891 2920 2913 108 16 2901 -1
2083: 2 728 59 4 -1
2084: 59 -1
2085: 0 1 5 59 -1
2086: 59 -1
2087: 59 7 -1
2088: 3607 35 -1
2089: 3393 59 7 31 20 17 1202 36 3 84 3643 3644 -1
2090: 2092 -1
2091: 60 -1
2092: 60 -1
2093: 60 -1
2094: 60 -1
2095: 60 -1
2096: 60 -1
2097: 60 -1
2098: 60 -1
2099: 3298 3299 3300 -1
2100: 60 -1
2101: 10 2092 60 166 -1
2102: 60 2092 -1
2103: 2092 60 -1
2104: 60 -1
2105: 2092 -1
2106: 60 -1
2107: 60 -1
2108: 61 24 3400 -1
2109: 42 3400 61 -1
2110: 62 -1
2111: 291 1541 62 2540 474 20 2950 1589 191 2670 -1
2112: -1
2113: 4173 62 -1
2114: 687 681 62 -1
2115: 291 62 -1
2116: 54 291 62 -1
2117: 3059 2670 62 -1
2118: 62 2112 678 2670 669 -1
2119: 62 3547 -1
2120: 2704 4173 62 -1
2121: 25 0 191 4305 2 21 3355 15 1 62 145 1363 2540 166 -1
2122: 63 -1
2123: 63 -1
2124: 63 -1
2125: 63 -1
2126: 63 -1
2127: 153 130 63 534 -1
2128: 63 -1
2129: 63 -1
2130: 63 -1
2131: 63 -1
2132: 63 -1
2133: 3298 3299 3300 -1
2134: 63 -1
2135: 2920 149 128 3764 63 3413 -1
2136: 128 88 1955 2425 3413 33 57 63 550 3764 -1
2137: 10 110 63 3428 291 -1
2138: -1
2139: 64 -1
2140: 64 -1
2141: 64 -1
2142: 14 32 64 -1
2143: 2920 64 187 1955 114 1399 2329 -1
2144: 136 17 68 43 64 -1
2145: 64 -1
2146: 3784 -1
2147: -1
2148: 2147 -1
2149: 3298 3299 3300 -1
2150: 64 -1
2151: 64 187 124 550 166 -1
2152: 65 -1
2153: 3298 3299 3300 -1
2154: 65 -1
2155: 1040 65 2571 3006 -1
2156: 65 -1
2157: 4218 65 -1
2158: 187 128 65 18 -1
2159: 65 550 2425 3134 -1
2160: 65 -1
2161: 2942 65 1401 -1
2162: 65 -1
2163: 65 -1
2164: 65 -1
2165: 65 -1
2166: 65 -1
2167: 65 -1
2168: 3134 65 -1
2169: 65 -1
2170: 65 1401 -1
2171: 65 -1
2172: 65 -1
2173: 66 -1
2174: 683 12 66 3759 3643 3644 -1
2175: 1330 6 0 122 20 12 66 1173 -1
2176: 0 9 1173 31 1256 2909 23 66 1 -1
2177: 1955 66 2181 -1
2178: 3298 3299 3300 3324 3325 3326 3327 3328 -1
2179: 2369 56 1135 23 66 -1
2180: 66 -1
2181: 1955 66 -1
2182: 66 -1
2183: 66 -1
2184: 66 -1
2185: 128 162 1276 31 575 26 1257 1304 3401 155 1 28 1173 683 6 681 16 66 2670 -1
2186: 3298 3299 3300 -1
2187: 128 90 12 66 -1
2188: 21 9 4377 189 157 8 6 20 7 16 66 728 84 -1
2189: 66 -1
2190: 28 9 12 66 4 728 89 5 26 681 2913 -1
2191: 66 -1
2192: 66 -1
2193: 66 33 2620 124 2907 -1
2194: 6 182 2905 12 66 -1
2195: 3298 3299 3300 -1
2196: 7 8 6 12 70 141 66 188 -1
2197: 66 -1
2198: 7 66 -1
2199: 3298 3299 3300 -1
2200: 67 60 -1
2201: 67 -1
2202: 2425 3138 23 67 -1
2203: 3298 3299 3300 -1
2204: 3562 1955 67 175 550 4263 -1
2205: 4126 -1
2206: 67 -1
2207: 67 2092 -1
2208: 1463 67 4111 3428 -1
2209: 60 67 2329 -1
2210: 3298 3299 3300 -1
2211: 60 -1
2212: 60 2872 67 -1
2213: 23 96 550 67 187 161 -1
2214: 60 67 -1
2215: 67 -1
2216: 67 -1
2217: 67 -1
2218: 68 161 -1
2219: 68 -1
2220: -1
2221: -1
2222: -1
2223: -1
2224: 153 -1
2225: 159 550 9 1 69 0 -1
2226: 69 83 -1
2227: 191 69 -1
2228: 2910 12 69 728 1173 3759 2901 -1
2229: 206 -1
2230: 84 69 1 2 -1
2231: 69 -1
2232: 69 -1
2233: 69 -1
2234: 70 -1
2235: 70 -1
2236: 108 3399 2913 5 70 1173 3547 2950 -1
2237: 70 -1
2238: 2 70 5 -1
2239: 189 70 8 2670 2901 7 5 -1
2240: 577 70 728 90 681 -1
2241: 70 577 -1
2242: 70 -1
2243: 5 70 -1
2244: 166 1463 130 187 27 91 10 14 7 20 0 8 70 -1
2245: 550 56 70 -1
2246: 70 4108 7 12 1305 1 -1
2247: 5 70 687 9 2907 3398 681 -1
2248: 3298 3299 3300 -1
2249: 70 43 0 3398 2 2921 4 5 47 6 14 1166 -1
2250: 70 153 1955 166 3938 728 3156 -1
2251: 70 2 189 -1
2252: 70 7 20 -1
2253: 70 -1
2254: 70 1 4108 -1
2255: 70 16 -1
2256: 4268 -1
2257: 71 -1
2258: 71 -1
2259: 2425 2571 71 -1
2260: 71 -1
2261: 71 -1
2262: 11 71 2265 -1
2263: 18 71 -1
2264: 71 -1
2265: 11 71 -1
2266: 71 4268 2571 2900 -1
2267: 71 2425 -1
2268: 71 -1
2269: 23 11 71 1955 291 2571 33 187 4126 1399 16 -1
2270: 11 144 71 -1
2271: -1
2272: -1
2273: -1
2274: -1
2275: 159 -1
2276: 291 3607 3374 3938 2273 72 -1
2277: 72 2282 3270 -1
2278: 2913 49 2894 187 3427 128 72 1173 2928 105 37 1771 3975 -1
2279: -1
2280: -1
2281: 2894 -1
2282: -1
2283: 1213 -1
2284: 4305 2941 191 2704 1541 291 35 2909 15 25 31 2912 39 102 9 22 6 5 3 29 128 23 2 72 13 1 681 159 -1
2285: 2 4 5 12 9 72 413 99 -1
2286: 2894 47 128 380 1 72 0 1173 23 126 982 3547 181 9 1041 683 -1
2287: 72 -1
2288: 1955 33 1224 2872 1 681 25 29 1173 72 2911 76 20 4086 2935 -1
2289: 72 -1
2290: 2283 94 72 -1
2291: 2657 72 -1
2292: 3393 72 1173 112 5 728 681 22 -1
2293: 72 -1
2294: 4357 -1
2295: 2279 2274 72 2272 2282 -1
2296: 3393 1173 72 -1
2297: 1773 191 2670 2894 241 120 1173 20 28 3393 728 72 -1
2298: 291 1496 2657 49 -1
2299: -1
2300: -1
2301: 73 -1
2302: 3274 -1
2303: 3006 3607 187 1955 2941 3547 2112 -1
2304: 2921 1 674 7 1836 179 -1
2305: 4303 2913 1173 9 728 2901 -1
2306: -1
2307: 4309 -1
2308: 682 1 153 15 7 3293 83 179 -1
2309: -1
2310: 2772 681 683 2306 73 2300 2309 2322 2324 1292 3866 2299 728 -1
2311: 1173 681 153 -1
2312: 1173 134 3690 681 2924 2912 16 490 -1
2313: 3393 73 -1
2314: 25 5 6 1 15 -1
2315: 73 -1
2316: -1
2317: -1
2318: 1212 3394 119 2912 -1
2319: 23 109 5 20 1173 3393 3 2910 134 4 4352 110 -1
2320: 981 1 674 2921 83 -1
2321: -1
2322: -1
2323: -1
2324: -1
2325: 73 -1
2326: 187 5 692 1 15 2704 -1
2327: 5 156 6 1212 -1
2328: 1173 2924 681 2912 4 -1
2329: -1
2330: -1
2331: -1
2332: 74 -1
2333: 681 74 -1
2334: 2331 -1
2335: 9 5 74 1173 680 1214 4 2924 12 1215 2913 3399 683 3607 -1
2336: 1870 74 -1
2337: 1363 191 681 74 1042 3607 1456 4138 -1
2338: 681 9 679 74 -1
2339: 2331 -1
2340: 2331 -1
2341: 2331 -1
2342: 2331 -1
2343: 1870 191 3547 681 679 1 128 74 -1
2344: 9 74 -1
2345: 2331 -1
2346: 2331 -1
2347: 74 4126 291 -1
2348: 1173 2924 9 12 1215 5 4 154 2913 3399 3396 683 3398 -1
2349: 3462 1 74 25 291 -1
2350: 1873 3399 42 3396 1874 1870 681 1173 74 1872 291 128 -1
2351: 74 681 -1
2352: 2331 -1
2353: 2331 -1
2354: 2331 -1
2355: 2331 -1
2356: 2331 -1
2357: 74 681 -1
2358: 2704 681 74 -1
2359: 74 -1
2360: 2330 74 3993 378 -1
2361: 1773 3396 2913 1771 681 1173 74 1872 -1
2362: 74 -1
2363: 74 1 80 -1
2364: 2331 -1
2365: 2331 -1
2366: 74 1 3462 5 1173 -1
2367: 681 74 -1
2368: 75 -1
2369: -1
2370: -1
2371: -1
2372: -1
2373: -1
2374: -1
2375: -1
2376: 2369 -1
2377: -1
2378: -1
2379: -1
2380: -1
2381: -1
2382: -1
2383: -1
2384: -1
2385: -1
2386: 145 75 -1
2387: 75 -1
2388: 75 -1
2389: 23 153 75 -1
2390: 145 75 -1
2391: 75 2369 -1
2392: 2920 2425 1955 2368 2173 75 4126 -1
2393: 75 -1
2394: 75 -1
2395: 2374 -1
2396: -1
2397: 75 -1
2398: 2402 2408 2403 76 2407 3607 -1
2399: 2404 2398 -1
2400: 2398 -1
2401: 2398 -1
2402: 2398 -1
2403: 2398 -1
2404: -1
2405: 76 -1
2406: 76 -1
2407: 2404 2398 -1
2408: -1
2409: 76 -1
2410: 76 -1
2411: 681 3607 2670 76 11 -1
2412: 1494 1040 33 -1
2413: 3607 76 2670 -1
2414: 2950 2913 0 5 -1
2415: 681 1173 162 5 105 156 86 291 -1
2416: 1494 -1
2417: 2398 -1
2418: 76 -1
2419: 76 -1
2420: 76 -1
2421: 76 -1
2422: 2571 4126 76 -1
2423: 76 -1
2424: 76 -1
2425: -1
2426: 2425 -1
2427: 550 -1
2428: 76 -1
2429: 76 -1
2430: 76 187 49 -1
2431: 3607 76 -1
2432: 2 291 -1
2433: 159 2571 33 2670 1955 -1
2434: 76 -1
2435: 1040 -1
2436: 1363 3607 2423 76 -1
2437: 2895 -1
2438: 2895 -1
2439: 76 -1
2440: 33 1541 76 -1
2441: 76 -1
2442: 1173 76 -1
2443: 76 -1
2444: 77 -1
2445: 77 -1
2446: 153 77 -1
2447: 77 10 -1
2448: 153 77 -1
2449: 3156 153 77 56 -1
2450: 77 153 -1
2451: 161 56 153 77 3433 -1
2452: 77 -1
2453: 77 10 153 3249 -1
2454: 153 161 54 550 2920 77 2425 3433 -1
2455: 10 2935 153 34 3921 77 3433 -1
2456: 36 54 2425 77 3433 3156 -1
2457: 135 -1
2458: 153 77 -1
2459: 77 153 2454 -1
2460: 77 -1
2461: 161 54 77 -1
2462: 77 -1
2463: 77 -1
2464: 2671 -1
2465: 1276 1955 187 116 -1
2466: 2672 -1
2467: 79 -1
2468: 79 -1
2469: 79 -1
2470: 79 -1
2471: 128 2670 681 79 191 154 1173 -1
2472: 79 -1
2473: 79 678 -1
2474: 79 -1
2475: 79 -1
2476: 49 1456 79 681 189 -1
2477: 79 -1
2478: 79 -1
2479: 2670 3607 191 79 -1
2480: 79 -1
2481: 79 -1
2482: 79 -1
2483: 79 -1
2484: 79 -1
2485: 79 -1
2486: 79 681 -1
2487: 79 177 -1
2488: 79 1870 -1
2489: 79 -1
2490: 79 -1
2491: 42 681 79 1870 90 -1
2492: 79 -1
2493: 79 -1
2494: 79 -1
2495: 79 -1
2496: 79 -1
2497: 79 -1
2498: -1
2499: 79 191 -1
2500: 79 -1
2501: 79 -1
2502: 79 -1
2503: 79 -1
2504: 79 -1
2505: 1541 3437 154 49 79 39 2402 -1
2506: 79 -1
2507: 80 3607 -1
2508: 0 80 -1
2509: 0 3005 680 688 80 -1
2510: 80 -1
2511: 80 1 5 14 107 -1
2512: 80 -1
2513: 80 -1
2514: 1873 2950 2913 80 681 -1
2515: 550 80 681 1 2924 1304 155 -1
2516: 4303 80 -1
2517: 12 1173 80 0 -1
2518: 681 1 1173 80 -1
2519: 80 -1
2520: 3607 3932 2670 80 1 291 1456 -1
2521: 12 80 1 -1
2522: 3396 1873 2950 2913 80 9 681 47 -1
2523: 1 2670 4303 80 -1
2524: 3607 80 1042 3156 -1
2525: 80 -1
2526: 360 191 9 21 80 1 2888 5 8 108 2913 1042 -1
2527: 681 80 26 -1
2528: 80 1 8 16 12 680 26 -1
2529: 687 681 80 -1
2530: 9 80 680 2941 -1
2531: 1456 3607 3374 107 0 80 3006 -1
2532: 681 1 80 -1
2533: 80 -1
2534: 9 80 1 5 108 2913 1042 -1
2535: 1 107 80 9 74 2905 27 680 5 1304 12 3396 -1
2536: 26 680 107 683 17 2 5 80 -1
2537: 80 -1
2538: 9 80 1 5 108 2913 -1
2539: 2670 3607 2921 1173 680 132 1 2929 291 575 97 -1
2540: 2670 3607 0 9 1173 680 3395 132 1 2929 291 575 2571 97 1224 -1
2541: 189 5 680 573 -1
2542: 12 572 569 680 -1
2543: 26 12 81 1304 23 1173 155 3263 145 -1
2544: 1173 156 81 248 16 -1
2545: 681 26 680 683 3396 -1
2546: 670 680 3607 -1
2547: 1401 8 1 681 12 1173 84 680 2924 683 10 -1
2548: 12 680 -1
2549: 49 680 -1
2550: 680 -1
2551: 81 -1
2552: 680 12 -1
2553: 49 82 -1
2554: 82 -1
2555: -1
2556: 82 161 189 36 -1
2557: 3298 3299 3300 -1
2558: 27 3406 2935 85 38 95 91 34 65 2938 56 111 45 150 68 161 7 77 3425 17 3428 3430 82 14 20 32 44 110 3419 -1
2559: 7 83 -1
2560: -1
2561: 83 -1
2562: 2 83 2670 -1
2563: 41 83 2670 291 -1
2564: 83 2670 -1
2565: 83 -1
2566: 83 -1
2567: 5 2909 2 118 83 1224 2540 -1
2568: 1042 3134 3607 83 -1
2569: 10 2921 153 3436 505 83 664 0 681 -1
2570: 0 83 29 191 2 -1
2571: 83 681 3938 2670 4121 -1
2572: 291 83 -1
2573: 2425 4305 1363 1372 83 189 32 49 -1
2574: 83 -1
2575: -1
2576: -1
2577: 2583 109 2609 84 -1
2578: -1
2579: -1
2580: -1
2581: -1
2582: -1
2583: 2576 2578 -1
2584: 2576 -1
2585: 2576 -1
2586: 2576 -1
2587: 84 -1
2588: 3607 33 84 550 -1
2589: 84 -1
2590: 84 -1
2591: 2576 -1
2592: 2576 -1
2593: 2576 -1
2594: 7 84 -1
2595: 84 -1
2596: 84 2576 -1
2597: 84 -1
2598: 5 84 1173 -1
2599: 2576 -1
2600: 2576 -1
2601: 2576 -1
2602: 2576 -1
2603: 2950 84 -1
2604: 20 84 -1
2605: 889 84 -1
2606: 84 -1
2607: 2576 -1
2608: 2576 -1
2609: 2576 -1
2610: 2576 -1
2611: 2576 -1
2612: 2576 -1
2613: 2576 -1
2614: 2576 -1
2615: 2576 -1
2616: 2576 -1
2617: 84 6 -1
2618: 84 -1
2619: -1
2620: -1
2621: 4126 85 -1
2622: 2620 -1
2623: 85 -1
2624: 3419 85 49 -1
2625: 85 23 2425 32 3419 -1
2626: 85 14 3419 550 32 -1
2627: 85 3419 32 2329 -1
2628: 2620 -1
2629: 2620 -1
2630: 85 3134 -1
2631: 85 -1
2632: 85 32 -1
2633: 14 85 3419 32 -1
2634: 2620 -1
2635: 85 32 -1
2636: 27 44 38 65 85 32 -1
2637: 85 -1
2638: 2704 2928 -1
2639: 4138 86 -1
2640: 191 -1
2641: 86 -1
2642: 86 4359 -1
2643: 687 1173 681 728 86 -1
2644: 86 3089 -1
2645: 189 86 664 -1
2646: 2704 2928 -1
2647: 2657 2928 292 291 37 3428 -1
2648: 86 -1
2649: 2704 -1
2650: 86 -1
2651: 86 -1
2652: 86 -1
2653: 86 -1
2654: 86 2704 3374 -1
2655: 86 -1
2656: 0 86 2704 -1
2657: -1
2658: 86 -1
2659: 2928 3374 -1
2660: 2928 -1
2661: 86 -1
2662: 2928 -1
2663: 86 -1
2664: 2928 -1
2665: 86 -1
2666: 2928 -1
2667: 86 3374 2670 -1
2668: 3006 291 681 2928 -1
2669: 86 -1
2670: 2671 -1
2671: -1
2672: 2670 87 -1
2673: 2671 -1
2674: 87 -1
2675: 87 -1
2676: 87 2670 -1
2677: 87 -1
2678: 87 2670 -1
2679: 87 -1
2680: 87 -1
2681: 2670 87 -1
2682: 87 -1
2683: 87 -1
2684: 87 2670 -1
2685: 87 -1
2686: 87 -1
2687: 2670 87 -1
2688: 88 -1
2689: 88 -1
2690: 550 577 88 -1
2691: 2425 88 -1
2692: 1040 3643 49 187 2920 88 -1
2693: 3298 3299 3300 -1
2694: 88 -1
2695: 550 1955 88 65 3426 33 187 -1
2696: 11 4069 1494 88 2894 3607 -1
2697: 88 -1
2698: 57 128 88 -1
2699: 3643 2670 88 3607 3134 3097 1363 291 4218 1401 -1
2700: 88 3643 3644 -1
2701: 88 -1
2702: 88 -1
2703: -1
2704: -1
2705: 89 2519 184 2921 -1
2706: 89 681 -1
2707: -1
2708: 939 2913 291 19 89 1173 10 29 76 1 35 118 4303 4304 2860 49 4312 4310 687 4305 1363 2704 -1
2709: 687 2707 89 -1
2710: 89 -1
2711: 90 41 1873 -1
2712: 90 -1
2713: 9 90 -1
2714: -1
2715: 90 -1
2716: 90 3607 -1
2717: 3396 90 4303 2891 2 1212 126 6 1202 712 2894 -1
2718: -1
2719: -1
2720: -1
2721: -1
2722: 3298 3299 3300 3324 3325 3326 3327 3328 -1
2723: 3398 3399 1237 90 742 2921 126 1220 4377 1351 -1
2724: 3399 128 126 16 3 24 90 3643 3644 -1
2725: 91 -1
2726: 18 577 23 2920 49 56 166 575 550 161 91 187 41 -1
2727: 98 187 3428 91 1305 146 142 2425 550 2329 -1
2728: 130 91 -1
2729: 146 91 130 174 -1
2730: 3298 3299 3300 -1
2731: 91 2425 -1
2732: 91 -1
2733: 91 -1
2734: 91 -1
2735: 3298 3299 3300 -1
2736: -1
2737: -1
2738: -1
2739: -1
2740: 92 -1
2741: -1
2742: -1
2743: -1
2744: 92 -1
2745: 93 2749 2747 2762 2769 2764 -1
2746: 93 2763 2749 2754 2765 -1
2747: 18 -1
2748: 821 -1
2749: 2745 -1
2750: 93 2764 -1
2751: 2920 93 -1
2752: 93 789 -1
2753: 93 2920 2900 -1
2754: -1
2755: 18 -1
2756: 93 2920 -1
2757: 128 93 -1
2758: 93 -1
2759: 93 18 -1
2760: 93 -1
2761: 2745 18 -1
2762: 18 -1
2763: 2745 -1
2764: 2745 18 -1
2765: 789 2746 93 2763 2749 791 2754 790 -1
2766: 93 -1
2767: 93 11 -1
2768: 18 93 11 -1
2769: 2745 18 -1
2770: 93 -1
2771: -1
2772: -1
2773: 4121 -1
2774: 31 1173 86 -1
2775: 94 3607 2329 -1
2776: 94 -1
2777: 1173 23 12 31 1257 6 -1
2778: 2907 25 94 2 15 3 23 728 181 681 21 29 3393 9 3865 1177 1321 31 1256 12 2909 119 2929 4240 2888 16 3026 105 271 3031 -1
2779: 95 -1
2780: 95 -1
2781: 95 -1
2782: 95 -1
2783: 33 68 95 49 43 2620 -1
2784: 95 -1
2785: 95 2782 4117 -1
2786: 95 -1
2787: 95 3134 187 -1
2788: 39 3393 95 79 -1
2789: 95 -1
2790: 95 2782 41 -1
2791: 95 2782 3134 -1
2792: 96 -1
2793: 96 2329 -1
2794: 3298 3299 3300 -1
2795: 96 -1
2796: -1
2797: -1
2798: -1
2799: 2800 -1
2800: -1
2801: 748 97 2799 -1
2802: 1401 -1
2803: 672 97 -1
2804: 97 -1
2805: 670 2806 97 2832 -1
2806: 97 -1
2807: 97 -1
2808: 670 2900 -1
2809: 2798 2801 -1
2810: 2801 -1
2811: 2802 97 -1
2812: 97 -1
2813: 2802 291 97 -1
2814: 97 -1
2815: 97 -1
2816: 3298 3299 3300 -1
2817: 550 -1
2818: 97 -1
2819: 97 -1
2820: 1878 -1
2821: 97 2800 2802 -1
2822: 97 670 2802 -1
2823: 97 -1
2824: 2829 2828 97 -1
2825: 161 -1
2826: 681 97 2540 -1
2827: 97 2802 -1
2828: -1
2829: -1
2830: 97 -1
2831: 97 2802 1238 2571 -1
2832: 97 2806 670 -1
2833: 2834 -1
2834: 98 2833 -1
2835: 2833 57 98 -1
2836: 98 -1
2837: 3298 3299 3300 -1
2838: 98 -1
2839: 98 2833 -1
2840: 98 -1
2841: 3298 3299 3300 -1
2842: 3298 3299 3300 -1
2843: 3298 3299 3300 -1
2844: 98 -1
2845: 98 92 1 2311 2220 1530 15 -1
2846: 98 91 -1
2847: 98 -1
2848: -1
2849: -1
2850: -1
2851: -1
2852: 2853 2854 2855 -1
2853: 2852 1223 2848 2854 2855 99 2872 -1
2854: 2852 1223 2848 99 -1
2855: 2872 2852 1223 2848 2853 99 -1
2856: -1
2857: -1
2858: 2851 -1
2859: 2851 -1
2860: 2851 -1
2861: 2851 -1
2862: 2851 -1
2863: -1
2864: 2851 -1
2865: 99 1053 -1
2866: 2851 -1
2867: 2851 -1
2868: 2851 -1
2869: 2851 -1
2870: 2851 -1
2871: 2851 -1
2872: -1
2873: 23 99 187 -1
2874: 2855 2852 1223 2848 2854 99 2872 -1
2875: 2851 -1
2876: 2851 -1
2877: 2851 -1
2878: 2851 -1
2879: 2851 -1
2880: 2851 -1
2881: 2851 -1
2882: 2855 2852 1223 2848 2854 99 2872 -1
2883: 2851 -1
2884: 2851 -1
2885: 2851 -1
2886: 2851 -1
2887: 2 12 3 23 99 109 -1
2888: -1
2889: 35 129 1 16 2927 2929 12 1173 122 51 17 -1
2890: -1
2891: -1
2892: -1
2893: -1
2894: -1
2895: -1
2896: -1
2897: -1
2898: -1
2899: -1
2900: -1
2901: -1
2902: -1
2903: -1
2904: -1
2905: -1
2906: -1
2907: 1409 373 -1
2908: 21 1871 4218 -1
2909: -1
2910: -1
2911: -1
2912: -1
2913: -1
2914: 1870 4305 -1
2915: 1162 -1
2916: 0 100 1955 -1
2917: -1
2918: -1
2919: -1
2920: -1
2921: -1
2922: -1
2923: -1
2924: 1173 2940 -1
2925: -1
2926: -1
2927: -1
2928: -1
2929: -1
2930: -1
2931: -1
2932: -1
2933: -1
2934: 19 881 3264 2933 569 366 1 128 884 2909 -1
2935: -1
2936: -1
2937: 921 920 -1
2938: -1
2939: -1
2940: -1
2941: 1878 678 687 3396 -1
2942: 101 3607 -1
2943: 3607 2670 101 2704 1363 -1
2944: 3438 189 9 2928 2939 101 132 1 -1
2945: 101 -1
2946: 3607 1456 -1
2947: 1870 191 122 1173 -1
2948: 2045 3547 101 241 681 108 1173 1 683 688 12 2913 1877 -1
2949: 145 2941 101 -1
2950: 1173 9 506 2620 177 31 1219 1773 126 3547 1211 681 2913 1771 116 1135 -1
2951: -1
2952: 2951 102 2953 -1
2953: 102 -1
2954: 2951 -1
2955: 2951 -1
2956: 2951 -1
2957: 2951 -1
2958: 2951 -1
2959: 2951 -1
2960: 2951 -1
2961: 2951 -1
2962: 2951 -1
2963: 681 -1
2964: 2951 -1
2965: 2951 -1
2966: 2951 -1
2967: 2951 -1
2968: 2951 -1
2969: 2951 -1
2970: 2951 -1
2971: 2951 -1
2972: 2951 -1
2973: 2951 -1
2974: 2951 -1
2975: 2951 -1
2976: 2951 -1
2977: 2951 -1
2978: 2951 -1
2979: 2951 -1
2980: 2951 -1
2981: 2951 -1
2982: 2951 -1
2983: 2951 -1
2984: 2951 -1
2985: 2951 -1
2986: 2951 -1
2987: 2951 -1
2988: 2951 -1
2989: 2951 -1
2990: 2951 -1
2991: 2951 -1
2992: 2951 -1
2993: 2951 -1
2994: 2951 -1
2995: 2951 -1
2996: 2951 -1
2997: 2951 -1
2998: 2951 -1
2999: 2951 -1
3000: 2671 -1
3001: 550 -1
3002: 2464 -1
3003: 20 -1
3004: 2671 -1
3005: -1
3006: -1
3007: 3006 -1
3008: 3006 -1
3009: 1955 104 49 68 3406 2329 -1
3010: 3298 3299 3300 -1
3011: 3006 -1
3012: 3006 -1
3013: 3006 -1
3014: 3006 -1
3015: 3006 -1
3016: 3006 -1
3017: 104 -1
3018: 3005 3006 -1
3019: 3006 -1
3020: 104 -1
3021: 2911 -1
3022: -1
3023: -1
3024: -1
3025: -1
3026: -1
3027: -1
3028: -1
3029: -1
3030: 3607 -1
3031: 105 1401 -1
3032: 105 -1
3033: 105 -1
3034: 105 3047 -1
3035: 3048 105 -1
3036: 4308 3025 105 -1
3037: 105 4308 -1
3038: 2718 3540 3539 2719 1042 105 683 2721 -1
3039: 6 105 12 -1
3040: 105 -1
3041: 1871 683 3782 105 1351 371 -1
3042: 291 -1
3043: 3298 3299 3300 -1
3044: 3298 3299 3300 -1
3045: 105 -1
3046: 4134 4126 105 -1
3047: 105 -1
3048: 3023 105 -1
3049: 2670 -1
3050: -1
3051: 106 -1
3052: -1
3053: 3058 -1
3054: -1
3055: -1
3056: -1
3057: 3059 -1
3058: -1
3059: -1
3060: 1795 -1
3061: 106 -1
3062: 106 -1
3063: 106 3055 3064 -1
3064: 106 -1
3065: 106 -1
3066: 106 -1
3067: 106 -1
3068: 106 -1
3069: 3059 -1
3070: 3058 -1
3071: 106 -1
3072: 3050 -1
3073: 1236 -1
3074: 106 -1
3075: 3059 -1
3076: 106 -1
3077: 106 -1
3078: 3059 -1
3079: 3059 -1
3080: 1795 1456 2670 3064 3059 -1
3081: 107 -1
3082: 681 107 -1
3083: 1173 107 -1
3084: 681 679 -1
3085: 5 80 107 -1
3086: 107 681 16 678 -1
3087: 1135 2704 2894 1173 107 108 28 9 156 3398 990 2922 2913 1771 16 3399 5 2082 20 3607 452 4007 -1
3088: 1173 23 19 141 107 1 16 5 681 2670 1456 -1
3089: 291 3263 2280 681 107 16 695 588 -1
3090: 3006 3607 1363 107 1456 678 -1
3091: -1
3092: 3006 3607 1363 107 1870 291 1456 678 -1
3093: 107 679 -1
3094: 107 681 16 678 -1
3095: 107 681 16 678 -1
3096: 728 6 107 -1
3097: -1
3098: 2913 108 -1
3099: 108 -1
3100: 90 177 108 -1
3101: 157 28 6 108 452 5 7 2620 20 3759 2 141 47 -1
3102: 177 1870 -1
3103: 108 683 12 3462 1173 2924 15 -1
3104: 8 2704 2894 681 9 108 28 1173 20 26 156 990 2922 1 687 2913 1771 16 3396 3399 3547 47 -1
3105: 42 -1
3106: 42 108 -1
3107: 187 108 12 33 23 6 3462 2922 1173 1470 2924 15 2571 1224 -1
3108: -1
3109: 681 1269 128 16 1055 1266 1173 1874 -1
3110: 2581 2582 -1
3111: 2578 2581 2582 2576 -1
3112: 1224 1744 109 -1
3113: 84 109 -1
3114: 84 109 2583 -1
3115: 13 413 23 347 109 112 84 1190 -1
3116: 2905 182 109 -1
3117: 189 1487 -1
3118: 291 3023 3024 2950 191 2913 187 109 1212 3436 3393 12 1219 1322 1327 2912 1 3 728 2924 76 683 -1
3119: 3396 2465 109 1212 3436 3393 12 1219 1322 1327 2912 1 3 728 2924 76 3401 105 3048 3024 2896 -1
3120: 25 84 7 109 -1
3121: 3993 3994 7 6 112 109 84 -1
3122: 92 109 -1
3123: 0 1173 1773 9 28 490 109 2909 -1
3124: 109 -1
3125: 109 -1
3126: 2576 -1
3127: 2578 2581 2582 2576 -1
3128: 2576 2577 2578 2580 2581 2582 -1
3129: 2884 2886 1955 177 2859 4303 1321 1771 2535 25 31 3393 8 1173 507 7 1 109 21 1773 -1
3130: 84 109 2583 -1
3131: 109 5 3393 -1
3132: 84 -1
3133: 109 -1
3134: -1
3135: -1
3136: -1
3137: -1
3138: -1
3139: 110 -1
3140: 110 -1
3141: 3298 3299 3300 -1
3142: 110 -1
3143: 110 -1
3144: 3156 2425 -1
3145: 110 -1
3146: 110 -1
3147: 110 -1
3148: 110 -1
3149: 10 110 -1
3150: 110 -1
3151: 110 -1
3152: 110 -1
3153: 110 -1
3154: 110 -1
3155: 110 -1
3156: 110 -1
3157: 3418 -1
3158: 3418 -1
3159: 3298 3299 3300 -1
3160: 3298 3299 3300 -1
3161: 3418 -1
3162: 111 2329 -1
3163: 3298 3299 3300 -1
3164: 111 -1
3165: 550 3418 166 2920 -1
3166: 111 -1
3167: 111 -1
3168: 112 -1
3169: 291 186 1320 -1
3170: 112 -1
3171: 112 7 1363 1955 -1
3172: 112 -1
3173: 112 -1
3174: 1173 84 112 -1
3175: 112 7 -1
3176: 6 7 112 -1
3177: 46 112 -1
3178: 112 2670 1363 -1
3179: 112 5 1173 0 7 -1
3180: 112 -1
3181: 112 -1
3182: 4009 242 112 1224 -1
3183: 84 112 -1
3184: 112 -1
3185: 46 6 112 84 -1
3186: 84 112 115 -1
3187: 112 -1
3188: 6 7 112 -1
3189: 112 577 -1
3190: 112 -1
3191: 112 84 7 46 -1
3192: 1 112 -1
3193: 112 -1
3194: 2670 112 -1
3195: 112 84 -1
3196: 112 -1
3197: 7 112 6 -1
3198: 7 112 6 -1
3199: 3298 3299 3300 -1
3200: 84 112 -1
3201: 112 46 -1
3202: 1224 5 112 4152 -1
3203: 7 112 20 5 -1
3204: 9 2309 6 112 -1
3205: 113 -1
3206: 113 -1
3207: 23 113 3421 2578 3407 2329 -1
3208: 113 -1
3209: 2425 3407 550 2578 3421 113 -1
3210: 1955 187 1305 113 -1
3211: 113 3209 -1
3212: 3209 -1
3213: 166 2670 3421 113 -1
3214: 113 -1
3215: 3209 33 2670 -1
3216: -1
3217: 114 3222 3218 -1
3218: -1
3219: 3217 -1
3220: 3217 -1
3221: 3217 -1
3222: 3217 -1
3223: 114 -1
3224: 3218 3216 2620 3217 -1
3225: 3217 -1
3226: 3217 -1
3227: 3217 -1
3228: 114 -1
3229: 114 3218 -1
3230: 3217 -1
3231: 3217 -1
3232: 3217 -1
3233: 3217 -1
3234: 3217 -1
3235: 114 3218 -1
3236: 3217 -1
3237: 3217 -1
3238: 3217 -1
3239: 3217 -1
3240: 3217 -1
3241: 114 -1
3242: 3217 -1
3243: 3217 -1
3244: 3217 -1
3245: 575 114 -1
3246: -1
3247: 115 -1
3248: 115 -1
3249: 3252 -1
3250: 115 -1
3251: 115 -1
3252: -1
3253: 115 -1
3254: 115 -1
3255: 115 4375 -1
3256: 1576 -1
3257: 20 115 -1
3258: 7 20 115 -1
3259: 577 115 -1
3260: 115 -1
3261: 1593 3249 -1
3262: 115 -1
3263: -1
3264: 692 681 -1
3265: 681 -1
3266: -1
3267: -1
3268: -1
3269: 681 -1
3270: -1
3271: 29 -1
3272: -1
3273: -1
3274: 246 -1
3275: 10 28 1173 3 23 1 26 3403 2670 3293 1860 -1
3276: 116 -1
3277: 0 116 -1
3278: 116 -1
3279: 116 291 -1
3280: 1 116 -1
3281: 3607 1456 35 116 -1
3282: 3263 116 29 1870 191 681 -1
3283: 2940 2912 23 15 2907 116 371 -1
3284: 116 12 -1
3285: 1305 1870 8 191 4305 2913 575 177 0 1173 3393 15 5 20 86 2 6 4 1 12 116 155 145 56 -1
3286: 116 2566 -1
3287: 146 2425 116 1 -1
3288: 3607 3374 0 1 687 116 3263 49 1363 -1
3289: 0 1211 1 9 2913 22 12 2 4 3 982 116 185 360 -1
3290: 1304 2913 1173 116 681 4303 -1
3291: 117 -1
3292: 1053 -1
3293: -1
3294: 2920 166 1224 4118 4117 21 4116 3393 27 1464 117 3423 10 115 7 14 110 -1
3295: 117 4121 -1
3296: 128 117 -1
3297: 117 -1
3298: 3607 -1
3299: -1
3300: -1
3301: -1
3302: 118 -1
3303: 3607 118 -1
3304: 206 19 -1
3305: 360 -1
3306: 972 973 974 2 975 -1
3307: 2927 -1
3308: 1171 723 1172 16 1173 681 4 -1
3309: 246 -1
3310: 4334 4335 4336 4337 4338 4339 4340 4341 4342 4343 4344 4345 4346 4347 4348 4349 4350 838 19 -1
3311: 921 920 -1
3312: 3401 3974 -1
3313: 2703 2704 -1
3314: 3021 3022 3023 3024 3025 3026 3027 3028 12 1 80 681 3029 3030 -1
3315: 412 413 -1
3316: 360 -1
3317: 4218 -1
3318: 4121 -1
3319: 972 973 974 2 975 -1
3320: 206 19 -1
3321: 89 74 2907 185 86 1363 35 3393 1901 21 1871 1870 3392 9 1872 1873 51 2924 728 2498 2670 173 698 36 70 108 8 -1
3322: 2927 -1
3323: 1171 723 1172 16 1173 681 4 -1
3324: 3301 -1
3325: 3301 -1
3326: 3301 -1
3327: 3607 -1
3328: 3607 -1
3329: 3298 3299 3300 3324 3325 3326 3327 3328 -1
3330: 3617 -1
3331: 3298 3299 3300 3324 3325 3326 3327 3328 -1
3332: 3298 3299 3300 3324 3325 3326 3327 3328 -1
3333: 3298 3299 3300 3324 3325 3326 3327 3328 -1
3334: 2540 118 154 -1
3335: 118 3199 -1
3336: 118 3199 -1
3337: 118 3199 -1
3338: 118 3199 -1
3339: 3199 118 -1
3340: 3298 3299 3300 3324 3325 3326 3327 3328 -1
3341: 3617 -1
3342: 3617 -1
3343: 3617 -1
3344: 3298 3299 3300 3324 3325 3326 3327 3328 -1
3345: 3617 -1
3346: 3298 3299 3300 3324 3325 3326 3327 3328 -1
3347: 3617 -1
3348: 3298 3299 3300 3324 3325 3326 3327 3328 -1
3349: 3298 3299 3300 3324 3325 3326 3327 3328 -1
3350: 118 3199 -1
3351: 4007 3199 118 -1
3352: 118 -1
3353: 3617 -1
3354: 3298 3299 3300 3324 3325 3326 3327 3328 -1
3355: 3298 3299 3300 3324 3325 3326 3327 3328 -1
3356: 3298 3299 3300 3324 3325 3326 3327 3328 -1
3357: 3298 3299 3300 3324 3325 3326 3327 3328 -1
3358: 3617 -1
3359: 3617 -1
3360: 3617 -1
3361: 5 1173 118 688 -1
3362: 2 0 118 29 1870 -1
3363: 3298 3299 3300 3324 3325 3326 3327 3328 -1
3364: 3298 3299 3300 3324 3325 3326 3327 3328 -1
3365: 3617 -1
3366: 3298 3299 3300 3324 3325 3326 3327 3328 -1
3367: 118 0 1 156 -1
3368: 3199 118 187 -1
3369: 3199 118 -1
3370: 3199 118 -1
3371: 12 26 681 3393 28 6 1536 128 16 -1
3372: 118 -1
3373: -1
3374: -1
3375: -1
3376: -1
3377: 119 41 -1
3378: 1042 37 291 119 4273 -1
3379: 119 3382 -1
3380: 119 -1
3381: 119 -1
3382: 119 -1
3383: 1541 119 2894 3374 2425 -1
3384: 33 119 3374 -1
3385: 23 3263 1955 1042 119 -1
3386: 119 41 -1
3387: 119 -1
3388: 119 2704 -1
3389: 681 5 723 119 137 13 -1
3390: -1
3391: -1
3392: -1
3393: -1
3394: 6 59 112 506 4379 16 188 31 12 1215 26 1257 162 1304 1305 155 1220 2894 -1
3395: -1
3396: -1
3397: -1
3398: -1
3399: -1
3400: -1
3401: -1
3402: -1
3403: 4313 38 1173 -1
3404: -1
3405: -1
3406: -1
3407: 3607 -1
3408: -1
3409: -1
3410: -1
3411: -1
3412: -1
3413: -1
3414: 1463 -1
3415: -1
3416: -1
3417: -1
3418: -1
3419: -1
3420: -1
3421: -1
3422: -1
3423: -1
3424: -1
3425: -1
3426: -1
3427: -1
3428: -1
3429: -1
3430: -1
3431: -1
3432: -1
3433: -1
3434: -1
3435: 2425 -1
3436: 921 920 -1
3437: -1
3438: -1
3439: -1
3440: 180 2909 3265 3274 2316 -1
3441: 20 7 2670 -1
3442: 3274 3271 -1
3443: 4311 145 180 2909 2321 3270 3269 -1
3444: 25 1873 3437 1870 8 191 9 2913 1278 2894 156 141 20 182 126 681 157 -1
3445: 1173 120 118 20 506 3404 3423 10 7 33 17 110 -1
3446: 121 3055 4159 -1
3447: 121 -1
3448: 121 -1
3449: 121 -1
3450: 138 -1
3451: 138 -1
3452: 138 -1
3453: 121 -1
3454: 121 -1
3455: 121 -1
3456: 121 -1
3457: -1
3458: 121 -1
3459: 121 -1
3460: 121 -1
3461: -1
3462: -1
3463: 122 -1
3464: 4303 122 -1
3465: 4303 122 -1
3466: 191 122 1173 5 128 -1
3467: 681 122 -1
3468: 1173 2929 122 681 47 -1
3469: 2941 1173 122 8 -1
3470: 2704 2518 2 3355 -1
3471: 1456 3607 2670 2704 182 122 6 20 5 -1
3472: 3298 3299 3300 3324 3325 3326 3327 3328 -1
3473: 1597 1173 9 122 -1
3474: 4303 122 -1
3475: 122 -1
3476: 123 -1
3477: 123 -1
3478: 123 -1
3479: 123 -1
3480: 123 -1
3481: 123 -1
3482: 123 -1
3483: 123 -1
3484: 123 -1
3485: 123 -1
3486: 123 -1
3487: 123 -1
3488: 123 2540 -1
3489: 123 -1
3490: 123 -1
3491: 123 -1
3492: 123 -1
3493: 123 -1
3494: 123 -1
3495: 123 -1
3496: 123 -1
3497: 123 -1
3498: 123 -1
3499: 123 -1
3500: 124 -1
3501: 124 -1
3502: 124 -1
3503: 64 2920 -1
3504: 124 3784 -1
3505: 2540 2670 124 -1
3506: 124 -1
3507: 3784 124 3518 -1
3508: 124 -1
3509: 124 -1
3510: 33 124 -1
3511: 124 3784 -1
3512: 124 -1
3513: 124 -1
3514: 124 -1
3515: 3784 124 187 -1
3516: 124 -1
3517: 124 41 -1
3518: -1
3519: 124 4126 -1
3520: 124 -1
3521: 3398 125 1173 4 90 -1
3522: 125 -1
3523: 125 1173 -1
3524: 125 -1
3525: 125 -1
3526: 125 -1
3527: 125 -1
3528: 125 -1
3529: 125 -1
3530: 3535 3545 90 3547 1341 -1
3531: 3535 3545 90 3547 1341 -1
3532: 3535 3545 90 3547 1341 -1
3533: 3535 3545 90 3547 1341 -1
3534: 3535 3545 90 3547 1341 -1
3535: -1
3536: -1
3537: -1
3538: -1
3539: -1
3540: -1
3541: -1
3542: -1
3543: -1
3544: -1
3545: -1
3546: 3545 -1
3547: -1
3548: 3398 3396 3397 126 577 -1
3549: 23 126 28 485 76 -1
3550: 127 2907 23 -1
3551: 43 2739 127 550 -1
3552: 127 -1
3553: 4306 3396 127 3643 3644 -1
3554: 3298 3299 3300 3324 3325 3326 3327 3328 -1
3555: -1
3556: 0 1870 128 -1
3557: 1042 128 1363 -1
3558: 3298 3299 3300 3324 3325 3326 3327 3328 -1
3559: 19 1173 128 3 0 -1
3560: -1
3561: -1
3562: -1
3563: 1955 129 1211 191 1771 -1
3564: 3298 3299 3300 3324 3325 3326 3327 3328 -1
3565: 2425 1955 129 -1
3566: 1177 2548 2927 685 97 2929 2928 2888 2917 682 129 2902 3030 -1
3567: 130 -1
3568: 130 -1
3569: 130 -1
3570: 130 -1
3571: 130 -1
3572: 130 18 -1
3573: 187 49 23 56 18 130 -1
3574: 130 -1
3575: 130 -1
3576: 130 -1
3577: 130 -1
3578: 130 18 575 1463 4126 -1
3579: 130 49 -1
3580: 1464 146 153 130 -1
3581: 18 56 575 130 550 187 2920 49 2425 -1
3582: 130 -1
3583: 130 -1
3584: 130 -1
3585: 130 -1
3586: 130 -1
3587: 130 11 187 1224 150 33 2872 1955 -1
3588: 1040 166 2670 2900 159 130 -1
3589: 130 575 2425 56 1040 -1
3590: 130 -1
3591: 66 130 56 575 -1
3592: 18 130 66 -1
3593: 291 2715 130 360 177 -1
3594: 2571 1040 4126 130 -1
3595: 130 3156 -1
3596: 130 153 -1
3597: 130 -1
3598: 18 166 130 575 -1
3599: 4159 130 -1
3600: 130 -1
3601: 130 49 41 1955 128 550 -1
3602: 130 -1
3603: 130 -1
3604: 3298 3299 3300 -1
3605: 1040 1494 -1
3606: -1
3607: -1
3608: -1
3609: 3607 -1
3610: 3607 -1
3611: -1
3612: 3607 -1
3613: 3607 -1
3614: 3607 -1
3615: 3607 -1
3616: 3607 -1
3617: -1
3618: 3298 3299 3300 3324 3325 3326 3327 3328 -1
3619: 3298 3299 3300 3324 3325 3326 3327 3328 -1
3620: 3607 -1
3621: 3607 -1
3622: 3607 -1
3623: 3607 -1
3624: 3607 -1
3625: 3607 -1
3626: 3607 -1
3627: 3607 -1
3628: 3607 -1
3629: 3607 -1
3630: 3607 -1
3631: 3607 -1
3632: 3606 3374 3607 3608 3609 3610 3611 3612 3613 3614 3615 3616 3620 3621 3622 3623 3624 3625 3626 3627 3628 3629 3630 3631 -1
3633: 3617 -1
3634: 3606 3374 3607 3608 3609 3610 3611 3612 3613 3614 3615 3616 3620 3621 3622 3623 3624 3625 3626 3627 3628 3629 3630 3631 -1
3635: 131 -1
3636: 3606 3374 3607 3608 3609 3610 3611 3612 3613 3614 3615 3616 3620 3621 3622 3623 3624 3625 3626 3627 3628 3629 3630 3631 -1
3637: 3617 -1
3638: 2941 131 4305 -1
3639: 3617 -1
3640: 132 -1
3641: 1850 33 1955 2425 187 132 550 2329 -1
3642: -1
3643: -1
3644: 133 -1
3645: -1
3646: 133 -1
3647: 133 -1
3648: 133 -1
3649: 3643 3644 3645 133 -1
3650: 3642 3643 3644 -1
3651: 133 -1
3652: 3643 3644 -1
3653: 3642 133 3097 -1
3654: 3642 3643 3644 -1
3655: 3642 3643 3644 -1
3656: 3642 3643 3644 -1
3657: 3643 3644 -1
3658: 133 3642 -1
3659: 133 -1
3660: 133 -1
3661: 133 -1
3662: 3642 133 -1
3663: 3643 3644 -1
3664: 3643 3644 -1
3665: 3642 3643 3644 -1
3666: 3642 3643 3644 -1
3667: 3642 3643 3644 -1
3668: 133 -1
3669: 133 -1
3670: 133 -1
3671: 3642 3643 3644 -1
3672: 3642 3643 3644 -1
3673: 133 -1
3674: 133 -1
3675: 133 -1
3676: 133 -1
3677: 133 -1
3678: 3644 1030 3643 -1
3679: 3643 3644 -1
3680: 133 -1
3681: 3642 3643 3644 -1
3682: 3642 3688 3643 3644 -1
3683: 133 3642 -1
3684: 3643 3644 3645 133 -1
3685: 3642 133 -1
3686: 133 88 2699 -1
3687: 133 -1
3688: 3643 3644 3645 133 -1
3689: 3642 133 -1
3690: -1
3691: 672 -1
3692: 4103 134 -1
3693: -1
3694: -1
3695: 2894 3 1173 134 -1
3696: 681 134 -1
3697: -1
3698: -1
3699: 672 -1
3700: 134 -1
3701: 135 -1
3702: 135 49 56 4126 -1
3703: 135 -1
3704: 2920 4126 135 550 56 4111 -1
3705: 56 4111 550 135 4126 2920 -1
3706: 135 -1
3707: 1040 135 550 4111 -1
3708: 135 130 -1
3709: 17 135 -1
3710: 135 -1
3711: 3298 3299 3300 -1
3712: 135 -1
3713: 3298 3299 3300 -1
3714: 135 -1
3715: 135 -1
3716: 88 135 -1
3717: 3715 135 3417 -1
3718: 1494 135 -1
3719: 135 -1
3720: 135 575 -1
3721: 1399 550 159 135 1494 -1
3722: 135 -1
3723: 135 -1
3724: 187 2425 136 550 3050 3108 577 2596 2900 126 2571 3249 27 1464 92 33 166 153 49 1305 38 23 91 34 18 130 45 161 3423 10 68 77 32 3405 1463 14 3417 110 -1
3725: 136 -1
3726: 136 1224 -1
3727: 136 -1
3728: 136 -1
3729: 136 -1
3730: 136 1955 187 3435 2425 163 2329 -1
3731: 136 -1
3732: 136 -1
3733: 136 -1
3734: 3298 3299 3300 -1
3735: 187 2425 136 550 3050 3108 577 2596 2900 126 2571 3249 27 1464 92 33 166 153 49 1305 38 23 91 34 18 130 45 161 3423 10 68 77 32 3405 1463 14 3417 110 -1
3736: 136 -1
3737: 136 -1
3738: 136 -1
3739: 136 -1
3740: 112 -1
3741: -1
3742: 137 187 4273 112 -1
3743: 137 -1
3744: 3607 1363 137 -1
3745: 159 187 -1
3746: 112 -1
3747: 33 137 -1
3748: 33 -1
3749: 138 -1
3750: 138 -1
3751: 138 -1
3752: 138 -1
3753: 138 90 -1
3754: 138 -1
3755: 138 3759 4158 8 577 -1
3756: 743 3088 3091 2941 291 241 25 2 3 2908 138 8 35 9 2894 -1
3757: 138 -1
3758: 138 3058 3757 48 3050 3056 550 3457 3055 -1
3759: 1173 1202 4008 4007 4151 7 4152 4153 5 6 9 4154 4155 4156 138 4157 4158 141 4159 -1
3760: 138 -1
3761: 138 -1
3762: 138 170 -1
3763: 138 -1
3764: -1
3765: 140 -1
3766: 153 10 -1
3767: 1 681 -1
3768: 3423 1042 140 45 -1
3769: 4154 2188 -1
3770: 3542 49 3540 3541 3538 3536 3537 3555 2560 -1
3771: 4263 206 -1
3772: 4165 4 2888 5 156 -1
3773: 141 -1
3774: 141 687 -1
3775: 1173 2907 141 1213 577 -1
3776: 2896 -1
3777: 3437 -1
3778: 173 2571 -1
3779: 141 -1
3780: 173 2714 -1
3781: 1871 4154 2188 452 154 173 4008 2907 1801 -1
3782: -1
3783: 2 141 47 7 -1
3784: -1
3785: 142 -1
3786: 3298 3299 3300 -1
3787: 142 -1
3788: 142 -1
3789: 142 -1
3790: 3298 3299 3300 -1
3791: 142 -1
3792: 142 -1
3793: 142 -1
3794: 142 -1
3795: 142 -1
3796: 142 -1
3797: 142 -1
3798: 2425 142 550 2329 -1
3799: 142 2920 -1
3800: 142 -1
3801: 143 -1
3802: 143 -1
3803: 143 1238 187 575 -1
3804: 143 -1
3805: -1
3806: 143 -1
3807: 1955 144 -1
3808: 128 49 -1
3809: 144 -1
3810: 144 -1
3811: 144 -1
3812: 144 -1
3813: 144 3812 -1
3814: 144 -1
3815: 550 -1
3816: 145 2901 -1
3817: 145 -1
3818: 3815 -1
3819: 3815 -1
3820: 145 2901 -1
3821: 145 -1
3822: 145 -1
3823: 145 -1
3824: 145 -1
3825: 3815 -1
3826: 145 -1
3827: 146 49 -1
3828: 146 -1
3829: 3298 3299 3300 -1
3830: 146 -1
3831: 3298 3299 3300 -1
3832: 3298 3299 3300 -1
3833: 3298 3299 3300 -1
3834: 3298 3299 3300 -1
3835: 147 -1
3836: 3048 -1
3837: 1877 -1
3838: 147 0 1173 -1
3839: 3048 -1
3840: 3398 3396 1870 3393 3547 -1
3841: 163 147 -1
3842: 42 -1
3843: 147 24 2540 291 -1
3844: 2 1213 -1
3845: 147 -1
3846: 177 -1
3847: 42 -1
3848: 42 -1
3849: 147 -1
3850: 1870 -1
3851: 42 -1
3852: 147 -1
3853: -1
3854: -1
3855: 3853 3854 -1
3856: 3865 1294 -1
3857: 3853 -1
3858: 1237 576 3854 -1
3859: 128 -1
3860: 576 1256 -1
3861: 148 -1
3862: 3853 -1
3863: 148 -1
3864: 148 12 1321 575 -1
3865: 569 148 575 1219 1321 31 -1
3866: 148 -1
3867: 12 576 1238 -1
3868: 1 681 5 20 12 3028 3 148 -1
3869: 149 -1
3870: 2701 149 -1
3871: 149 -1
3872: 149 3643 -1
3873: 149 -1
3874: 149 -1
3875: 149 -1
3876: 27 149 2935 58 3407 33 -1
3877: 0 149 -1
3878: 3643 149 -1
3879: 683 0 110 150 679 15 2924 -1
3880: 1464 150 -1
3881: 150 -1
3882: 4069 150 -1
3883: 150 -1
3884: 153 150 -1
3885: 150 -1
3886: 2935 2921 150 14 -1
3887: 130 11 187 1224 150 33 2872 1955 -1
3888: 3607 2670 150 10 -1
3889: 150 -1
3890: 518 -1
3891: 150 -1
3892: 4069 150 -1
3893: 2935 3249 27 1464 92 33 38 34 130 45 150 550 -1
3894: 150 -1
3895: 151 11 -1
3896: 151 11 -1
3897: 11 151 3134 -1
3898: 3298 3299 3300 -1
3899: 151 11 3134 -1
3900: 151 11 -1
3901: 1042 681 151 -1
3902: 11 151 -1
3903: 151 11 -1
3904: 161 11 151 -1
3905: 11 -1
3906: 3408 11 2329 -1
3907: 11 151 -1
3908: 151 11 3902 -1
3909: 3404 53 33 91 68 64 3408 151 110 291 2891 681 26 1173 156 3 23 1 -1
3910: 151 11 -1
3911: 152 -1
3912: 152 -1
3913: 681 152 -1
3914: 2425 187 1305 152 -1
3915: 3409 187 3912 1305 152 1955 2425 2329 -1
3916: 4356 152 1 7 674 -1
3917: 3607 152 -1
3918: 152 -1
3919: 1955 2425 187 1305 152 3912 550 43 4263 -1
3920: -1
3921: -1
3922: 3920 3921 3928 3929 3930 3931 3932 -1
3923: 3928 3929 3930 3931 3932 3921 -1
3924: 3928 3929 3930 3931 3932 3921 -1
3925: 3928 3929 3930 3931 3932 3921 -1
3926: 3930 3928 3929 3931 3932 3921 -1
3927: 3928 3929 3930 3931 3932 3921 -1
3928: -1
3929: -1
3930: -1
3931: -1
3932: -1
3933: 3298 3299 3300 -1
3934: 153 291 -1
3935: 153 3156 23 161 10 3433 -1
3936: 3607 1333 291 1456 1042 2670 3932 153 187 -1
3937: 153 77 3433 -1
3938: 54 153 1401 -1
3939: 153 3433 3921 -1
3940: 153 -1
3941: 3921 3433 153 -1
3942: 153 4377 1 674 -1
3943: 153 1363 -1
3944: 153 3156 166 77 -1
3945: 3921 3928 3929 3930 3931 3932 -1
3946: 3607 1333 291 1456 1042 2670 3932 153 187 -1
3947: 153 3433 -1
3948: 3298 3299 3300 -1
3949: 154 -1
3950: 2950 154 5 1872 3544 3543 1589 360 452 -1
3951: 154 1040 -1
3952: 154 0 742 7 5 23 -1
3953: 2540 154 23 3413 2670 -1
3954: -1
3955: -1
3956: 154 0 -1
3957: 21 1173 25 154 128 12 141 360 15 16 26 23 22 1905 1870 2908 728 3403 -1
3958: 1870 170 154 -1
3959: 3975 154 -1
3960: 154 -1
3961: 2 4008 1213 20 154 1872 0 9 413 31 -1
3962: 25 154 -1
3963: 1871 3392 2892 4154 2188 452 154 173 2498 729 2907 -1
3964: -1
3965: -1
3966: 1304 1305 -1
3967: 1305 155 1 -1
3968: 1304 155 -1
3969: 155 177 1304 -1
3970: 187 159 3976 155 1363 -1
3971: 155 -1
3972: 155 -1
3973: 155 -1
3974: 162 1304 155 -1
3975: 577 3396 2913 3274 1 155 687 8 3645 -1
3976: 1717 155 -1
3977: 29 1111 155 56 3607 1456 3374 681 128 166 -1
3978: 155 1305 -1
3979: 155 -1
3980: 155 -1
3981: 3393 160 1304 155 3964 3966 162 -1
3982: 2188 31 1219 1254 12 1215 1304 155 1223 1322 1321 -1
3983: 1955 1305 155 -1
3984: 155 -1
3985: 191 155 -1
3986: 128 5 189 156 0 -1
3987: 20 7 156 -1
3988: 1173 156 2941 1497 291 -1
3989: 156 1238 -1
3990: 688 1173 681 26 5 156 16 -1
3991: 1173 47 3444 1773 2908 6 5 177 4157 4156 3759 4009 90 28 157 42 31 4008 154 723 15 373 9 0 35 21 3547 1870 -1
3992: 156 -1
3993: 3994 4016 4017 4018 4014 4019 -1
3994: 3993 4009 -1
3995: 3993 -1
3996: 3993 -1
3997: 3993 -1
3998: 3993 -1
3999: 3993 -1
4000: 3993 -1
4001: 3993 -1
4002: 3993 4008 4009 452 -1
4003: 3993 4008 4009 -1
4004: 3993 4008 4009 -1
4005: 3993 4008 4009 -1
4006: 3993 4008 4009 -1
4007: 3993 4008 4009 20 1980 7 -1
4008: -1
4009: 3993 3994 -1
4010: 3993 -1
4011: 3993 -1
4012: 3993 -1
4013: 3993 -1
4014: 3993 -1
4015: 3993 -1
4016: 3993 -1
4017: 3993 -1
4018: 3993 -1
4019: 3993 -1
4020: 3993 3994 157 -1
4021: 157 6 -1
4022: 6 4009 157 577 -1
4023: 3398 42 9 157 -1
4024: 8 157 -1
4025: 20 7 23 3 1917 157 1980 -1
4026: -1
4027: 187 158 -1
4028: 291 158 -1
4029: 41 1238 158 1955 -1
4030: 291 2425 187 2894 158 -1
4031: 128 158 -1
4032: 187 291 -1
4033: 158 -1
4034: 158 2425 -1
4035: 3298 3299 3300 -1
4036: 2329 -1
4037: -1
4038: -1
4039: 2329 -1
4040: 2329 -1
4041: 2329 -1
4042: -1
4043: 159 -1
4044: 159 -1
4045: 159 33 577 550 3410 -1
4046: 159 4044 -1
4047: 159 -1
4048: 159 -1
4049: 159 -1
4050: 159 1494 -1
4051: 159 -1
4052: 159 1494 -1
4053: 159 -1
4054: 159 -1
4055: 159 -1
4056: 160 0 -1
4057: 2 160 -1
4058: 3374 160 3607 10 -1
4059: 160 -1
4060: 160 2540 -1
4061: 21 160 -1
4062: 160 -1
4063: 1173 160 5 -1
4064: 160 -1
4065: 2704 160 -1
4066: 3607 160 -1
4067: 153 291 1955 1541 21 0 160 3274 9 2909 -1
4068: 160 1041 -1
4069: -1
4070: 166 161 -1
4071: 23 2920 1238 166 161 3410 -1
4072: 161 -1
4073: -1
4074: -1
4075: 162 4073 -1
4076: 162 -1
4077: 2909 1219 1215 575 2548 162 1258 1229 1278 1239 1282 -1
4078: 3607 1456 -1
4079: 688 -1
4080: 3462 -1
4081: 2924 490 -1
4082: 0 9 3393 -1
4083: 74 -1
4084: 2905 -1
4085: 2905 -1
4086: -1
4087: 2905 -1
4088: 163 2905 187 -1
4089: 20 5 2905 182 -1
4090: 20 3085 4314 2905 4313 728 490 3438 9 687 3547 16 2894 8 1872 1 2902 1173 -1
4091: 163 7 728 -1
4092: 29 182 2905 3372 -1
4093: 29 3372 182 2905 1203 4092 -1
4094: 2905 -1
4095: 20 4313 4314 2905 -1
4096: 6 2905 20 -1
4097: 102 164 3392 687 -1
4098: 102 164 3392 687 -1
4099: 164 -1
4100: -1
4101: 2 164 35 20 3 -1
4102: 22 3393 29 2771 9 164 1871 3643 3644 -1
4103: -1
4104: 90 4303 28 1173 6 164 -1
4105: 3 0 25 2910 164 2704 1173 -1
4106: 4143 1173 1795 3607 -1
4107: 3056 1795 2670 -1
4108: 9 1872 1795 16 1173 681 -1
4109: 1795 -1
4110: -1
4111: -1
4112: 128 3156 -1
4113: 49 153 -1
4114: 2920 49 -1
4115: 56 -1
4116: -1
4117: -1
4118: -1
4119: 2671 -1
4120: 166 -1
4121: -1
4122: 187 167 1955 -1
4123: 167 187 -1
4124: 167 -1
4125: 168 -1
4126: 168 -1
4127: 168 -1
4128: 168 -1
4129: 187 168 -1
4130: 168 -1
4131: 168 -1
4132: 168 3607 3030 -1
4133: 168 -1
4134: -1
4135: 168 -1
4136: 168 159 -1
4137: 187 -1
4138: -1
4139: 1494 169 -1
4140: 1955 128 169 2900 -1
4141: 1955 128 169 2900 3391 -1
4142: 241 -1
4143: -1
4144: 169 -1
4145: -1
4146: 169 -1
4147: 169 4148 -1
4148: -1
4149: 169 -1
4150: 169 -1
4151: -1
4152: -1
4153: -1
4154: -1
4155: -1
4156: -1
4157: -1
4158: -1
4159: -1
4160: -1
4161: -1
4162: 4161 -1
4163: 170 -1
4164: 170 -1
4165: -1
4166: 170 -1
4167: -1
4168: 4167 -1
4169: 171 -1
4170: -1
4171: -1
4172: 4171 4186 4170 -1
4173: 4170 4171 1541 4185 4186 -1
4174: 4170 4171 427 291 4176 4177 4178 4179 4180 4181 4182 4183 4185 4186 -1
4175: 4170 4171 4176 4177 4178 4179 4180 4181 4182 4183 4185 4186 -1
4176: -1
4177: -1
4178: -1
4179: -1
4180: -1
4181: -1
4182: -1
4183: -1
4184: 4171 4186 -1
4185: -1
4186: -1
4187: 4170 4171 4185 4186 -1
4188: 4170 4171 427 2950 4176 4177 4178 4179 4180 4181 4182 4183 4185 4186 -1
4189: 172 1363 -1
4190: 4238 2540 2670 427 172 -1
4191: 2671 -1
4192: -1
4193: 173 -1
4194: 173 -1
4195: 2671 -1
4196: 2671 -1
4197: 2670 173 -1
4198: 2671 -1
4199: 2671 -1
4200: 173 -1
4201: 89 173 1173 29 31 1 2909 12 5 723 -1
4202: 135 3420 17 31 -1
4203: -1
4204: 174 -1
4205: 174 -1
4206: 174 3134 -1
4207: 174 -1
4208: 174 -1
4209: -1
4210: 174 -1
4211: 174 -1
4212: 174 -1
4213: 174 -1
4214: 174 -1
4215: 4209 174 -1
4216: 174 -1
4217: 174 -1
4218: -1
4219: 128 707 664 175 -1
4220: 2571 175 -1
4221: 33 32 53 16 1173 728 175 -1
4222: 176 -1
4223: 176 -1
4224: 1955 176 2329 -1
4225: 176 -1
4226: 176 -1
4227: 176 -1
4228: 176 -1
4229: 176 -1
4230: 177 -1
4231: 177 -1
4232: 177 -1
4233: 1173 728 16 177 20 7 49 1 -1
4234: 177 -1
4235: 177 -1
4236: 177 1173 -1
4237: 177 -1
4238: 1589 2950 5 177 1872 1173 4 2540 -1
4239: 747 177 -1
4240: 972 973 975 20 3439 177 5 -1
4241: 5 191 1173 569 572 8 0 177 -1
4242: 291 2715 130 360 177 -1
4243: 2540 177 -1
4244: 681 1879 2396 177 4 16 2 1 -1
4245: 42 177 20 -1
4246: 0 177 -1
4247: 44 3413 3423 20 177 1203 1710 -1
4248: 2163 1238 7 49 53 65 177 130 -1
4249: 177 -1
4250: 4260 -1
4251: 4260 -1
4252: 178 3156 2454 -1
4253: 178 3156 -1
4254: 178 -1
4255: 178 2920 -1
4256: 178 -1
4257: 2920 178 -1
4258: 178 3156 2329 -1
4259: 178 3156 -1
4260: 178 -1
4261: 178 -1
4262: 178 -1
4263: -1
4264: -1
4265: -1
4266: -1
4267: -1
4268: 4273 -1
4269: 2951 4272 4273 -1
4270: 2951 4272 4273 -1
4271: 4273 -1
4272: 4268 4269 4273 -1
4273: -1
4274: -1
4275: -1
4276: -1
4277: -1
4278: -1
4279: -1
4280: -1
4281: -1
4282: -1
4283: -1
4284: -1
4285: -1
4286: -1
4287: 1320 4264 4265 4266 4267 4268 4269 4270 4271 4272 4273 4274 4275 4276 4277 4278 4279 4280 4281 4282 4283 4284 4285 4286 -1
4288: 1320 4264 4265 4266 4267 4268 4269 4270 4271 4272 4273 4274 4275 4276 4277 4278 4279 4280 4281 4282 4283 4284 4285 4286 -1
4289: 1320 4264 4265 4266 4267 4268 4269 4270 4271 4272 4273 4274 4275 4276 4277 4278 4279 4280 4281 4282 4283 4284 4285 4286 -1
4290: 3006 179 2900 -1
4291: 179 2704 -1
4292: 191 179 3607 1456 49 4158 187 550 4126 -1
4293: 179 1040 -1
4294: 179 -1
4295: 1541 179 -1
4296: 1320 4264 4265 4266 4267 4268 4269 4270 4271 4272 4273 4274 4275 4276 4277 4278 4279 4280 4281 4282 4283 4284 4285 4286 -1
4297: 1 179 3293 83 1139 4240 -1
4298: 179 3120 -1
4299: 179 -1
4300: -1
4301: -1
4302: -1
4303: -1
4304: -1
4305: -1
4306: -1
4307: -1
4308: -1
4309: -1
4310: -1
4311: -1
4312: -1
4313: 177 -1
4314: 5 80 107 -1
4315: 182 -1
4316: 2929 182 -1
4317: 182 3209 -1
4318: 3409 -1
4319: 3409 -1
4320: 183 -1
4321: 3409 -1
4322: 183 -1
4323: 3409 -1
4324: 3409 -1
4325: 1238 4326 1938 -1
4326: 4330 -1
4327: 3409 -1
4328: 3409 -1
4329: 3409 -1
4330: -1
4331: 550 -1
4332: 4326 3409 550 -1
4333: 183 -1
4334: 854 -1
4335: -1
4336: -1
4337: 881 -1
4338: -1
4339: -1
4340: -1
4341: 882 -1
4342: -1
4343: 846 -1
4344: 845 -1
4345: 865 -1
4346: -1
4347: 853 -1
4348: 883 -1
4349: 878 -1
4350: 834 887 -1
4351: 832 840 842 184 887 843 844 -1
4352: 3393 -1
4353: 665 692 -1
4354: 185 4108 4359 -1
4355: 1363 4 35 23 189 185 2896 -1
4356: -1
4357: -1
4358: 665 692 -1
4359: 2928 26 1258 15 5 16 1173 681 -1
4360: 3690 3693 3698 2933 728 185 -1
4361: 2859 185 29 1173 187 687 1147 -1
4362: 185 4108 4359 -1
4363: 186 -1
4364: 186 -1
4365: 186 -1
4366: 577 3246 2571 186 -1
4367: 186 -1
4368: 2900 -1
4369: 186 4373 -1
4370: 186 -1
4371: 2571 2900 186 -1
4372: 186 -1
4373: 186 -1
4374: 2900 -1
4375: -1
4376: -1
4377: -1
4378: -1
4379: -1
4380: 33 -1
4381: 4303 2859 -1
4382: 1871 188 1901 -1
